1.66886
-0.000178626
0.746118
-0.105712
0.0551023
0.196783
-0.146173
-1.00944
0.148076
0.273719
-0.660086
-0.625835
0.690305
-0.295159
0.239097
-0.0588033
-0.72679
0.359304
1.48207
-1.11459
-1.49997
1.99996
-1.29987
0.999992
-1.00002
-1.57086
-1.49992
0.0296376
0.730685
-0.240375
0.111225
0.450238
-0.321087
-1.24905
0.534064
0.0410457
-0.433316
-0.779242
0.417626
-0.500901
0.160022
-0.11074
-0.528427
0.142528
1.30809
-0.922191
-0.997278
2.14954
-0.827912
1.23445
-0.506073
-1.47005
-1.07357
0.0425518
0.709392
-0.337971
0.122988
0.670438
-0.455455
-1.37621
0.928362
-0.0439954
-0.210585
-0.870715
0.23832
-0.671648
0.0640218
-0.132953
-0.24841
-0.203425
1.16272
-0.710887
-0.608322
2.00721
-0.370929
1.18868
-0.480606
-0.944562
-0.731273
0.0423324
0.685396
-0.376402
0.0680099
0.866273
-0.557881
-1.42996
1.26269
-0.122953
-0.0132921
-0.982697
0.0713667
-0.78266
-0.00584635
-0.127895
0.110277
-0.560955
0.935631
-0.484954
-0.223166
1.5388
-0.51411
0.840233
-0.702108
-0.863245
-0.314931
0.0312083
0.661255
-0.341163
-0.0664233
1.03621
-0.628622
-1.39916
1.52855
-0.224406
0.148939
-1.07175
-0.0987304
-0.808363
-0.0720589
-0.132501
0.410222
-0.944938
0.867546
-0.332829
0.210873
1.04514
-0.562033
1.01568
-0.436423
-1.33376
0.138464
0.019395
0.635265
-0.264603
-0.238208
1.19364
-0.690832
-1.30656
1.67047
-0.32569
0.369663
-1.11122
-0.344857
-0.777379
-0.0550256
-0.147044
0.416441
-0.907517
0.829722
-0.338646
0.578292
0.587922
-0.40238
1.34929
-0.175268
-1.29768
0.455732
0.012505
0.604986
-0.206163
-0.384236
1.35297
-0.762571
-1.16218
1.73252
-0.440428
0.614814
-1.16132
-0.555365
-0.67688
-0.0113126
-0.174992
0.251552
-0.674892
0.861593
-0.438253
0.834441
0.128982
-0.769641
1.25562
-0.39516
-0.817413
0.632767
0.0128525
0.571828
-0.169134
-0.491942
1.50782
-0.846744
-1.03619
1.74448
-0.582709
0.767724
-1.23403
-0.669177
-0.560932
0.02164
-0.181541
0.118159
-0.438917
0.8035
-0.482742
0.554624
0.0533058
-0.759401
0.853652
-0.37291
-0.365486
0.601267
0.0233809
0.534578
-0.158996
-0.547809
1.66293
-0.956125
-0.940204
1.75719
-0.677402
0.877052
-1.2578
-0.678399
-0.477185
0.0648523
-0.21139
-0.003512
-0.209511
0.839877
-0.626855
0.471177
0.230287
-0.487377
0.462201
0.0790269
0.135632
0.308666
0.0348346
0.502722
-0.159685
-0.570186
1.78417
-1.0543
-0.867762
1.79145
-0.764002
0.901381
-1.25381
-0.663035
-0.449048
0.0301337
-0.0013744
-0.0554966
-0.0603457
0.565602
-0.38419
0.0970307
0.0310421
-0.223196
0.0677289
-0.0507914
0.047953
-0.0197584
-5.99416
-13.9603
10.1124
-16.0325
-4.06214
-0.211108
-10.1574
-3.21566
9.81256
3.13593
-8.6775
-14.5882
53.4244
-16.1588
-2.53302
-0.031985
-6.80382
-1.84214
5.83124
0.84415
-14.6788
-48.7809
26.0543
-22.6259
-6.24682
-0.967185
-16.135
-8.50994
1.97435
0.518384
-23.6136
-74.0519
20.6075
-18.4263
-3.50609
-0.864241
-10.4006
-5.62789
-9.56371
-5.20101
-16.5584
-77.7796
20.0546
-19.2557
-2.19865
-0.598945
-2.12864
-1.73223
-10.6253
-5.00115
-2.37554
-81.0288
28.5164
-19.0198
-0.195521
-0.748021
-4.14516
-5.74197
-9.85332
-4.41625
5.35591
-80.7058
32.1876
-18.3532
0.739083
-0.958061
-3.44337
-7.12178
-10.0115
-3.66642
5.40127
-99.926
31.3049
-18.2174
3.68692
-0.391006
0.953273
-4.38952
-13.8607
-5.88611
-2.13962
-98.4294
30.2316
-9.28225
5.63219
-0.0416937
3.66651
-2.87339
-11.4589
-4.5737
31.8566
-58.7555
10.9241
-37.1889
-96.9431
13.6568
1.66296
-7.43964
-24.5548
-11.539
-1.3947
278.037
1.3947
244.527
0
0
0
0
0
0
0
0
-24.4372
502.176
-21.1142
45.8664
0
0
0
0
0
0
-4.99309e-15
0
5.0805
359.094
-5.0805
186.42
2.96721e-14
0
0
0
0
0
0
0
-6.61906
347.508
5.35749
225.006
-1.17306e-23
0
0
1.82315e-13
0
0
0
0
-0.361845
327.945
-0.340638
206.792
0
0
0
4.85645e-24
0
0
0
0
0.12815
376.712
-0.12815
183.707
0
5.8617e-18
0
-3.09582e-15
0
0
0
0
0.612403
378.524
0.439825
150.408
0
0
0
0
0
0
0
0
4.40731
393.221
3.3245
184.218
0
0
0
8.05028e-22
0
0
5.9413e-14
0
22.6028
360.796
-22.0768
147.27
0
0
-2.73333e-16
0
0
0
0
2.63007e-14
65.3347
149.963
57.1382
199.96
-108.316
294.238
-25.2808
87.467
0
0
0
-5.61447e-15
1.85008
-0.000340985
0.746127
-0.105975
0.0551403
0.196729
-0.145895
-1.00973
0.148169
0.273908
-0.660394
-0.624717
0.689019
-0.295113
0.239451
-0.0587278
-0.726149
0.359479
1.48148
-1.11481
-1.50017
2.00038
-1.2999
0.999451
-1
-1.57026
-1.49961
0.0248193
0.72987
-0.173292
0.0281933
0.467211
-0.322112
-1.3056
0.447849
0.0220779
-0.454942
-0.71146
0.36623
-0.603379
0.122397
-0.107635
-0.301703
-0.131088
1.28128
-0.848487
-0.974739
1.46078
-1.22501
0.999487
-0.42197
-1.19446
-1.01223
0.0350292
0.699547
-0.165008
-0.107055
0.763751
-0.491688
-1.44074
0.626505
-0.226868
-0.37386
-0.67893
0.120692
-0.811474
0.0429934
-0.180515
0.0403094
-0.657953
1.44258
-0.824933
-0.657482
0.86905
-1.79061
0.394601
0.15809
-0.918602
-0.588829
0.0289245
0.65756
-0.0958144
-0.327134
1.06029
-0.637343
-1.45683
0.704772
-0.595185
-0.397997
-0.646401
-0.0681654
-0.932543
-0.0297044
-0.229731
0.357202
-1.0706
1.40914
-0.695741
-0.0783141
0.380755
-1.91026
-0.117192
0.158087
-0.358273
0.0220461
0.0087945
0.595512
0.0500812
-0.669876
1.40017
-0.780372
-1.46135
0.701835
-0.885123
-0.438584
-0.605688
-0.141827
-0.812691
-0.0979321
-0.343636
0.709738
-1.68732
1.67331
-0.69573
-0.0219573
-0.223151
-1.32699
-0.197434
0.198057
0.14442
0.587671
-0.0113355
0.526303
0.208445
-1.01673
1.70911
-0.900827
-1.46586
0.583563
-1.04281
-0.48122
-0.542221
-0.112107
-0.646295
-0.0909077
-0.273382
0.770378
-1.51911
1.13114
-0.382412
-0.413041
-0.575295
-0.767445
-0.207584
0.308856
0.692492
0.773933
-0.0300226
0.466999
0.361053
-1.32902
1.94166
-0.973694
-1.55079
0.391887
-1.17889
-0.523856
-0.478754
0.0302763
-0.487234
-0.0969189
-0.30313
0.681344
-1.50863
1.13112
-0.303829
-0.867634
-0.932497
-0.662253
-0.207612
0.263221
1.18373
0.902864
-0.0426227
0.409922
0.501105
-1.61176
2.14682
-1.03616
-1.72917
0.186812
-1.28875
-0.566491
-0.328674
0.273644
-0.30172
-0.0504591
-0.150626
0.48846
-0.929309
0.520412
-0.0795627
-0.501152
-0.997545
-0.534665
0.335011
0.869361
1.68919
0.90296
-0.0296839
0.380771
0.683629
-1.80279
2.24827
-1.12911
-1.83645
0.0129605
-1.3
-0.58361
-0.149982
0.515667
-0.239817
0.0629647
-0.132535
0.887941
-0.886817
0.451139
-0.452263
-0.521901
-0.454122
-0.0547773
-0.0834008
0.880089
1.17743
0.301632
-0.0155252
0.3408
0.866153
-1.99208
2.38095
-1.25503
-1.94374
0
-1.22176
-0.72533
-0.0958732
0.640896
-0.304171
0.747665
-0.217734
0.573933
-1.12977
0.645436
-0.659263
-0.52193
-0.0629241
0.421504
-0.689425
0.263328
0.609256
-0.312569
-10.4681
-6.01441
30.2906
-11.9436
-2.42054
0.158577
-5.93
-0.87548
16.4701
6.76092
1.0256
-22.9815
31.5626
-24.265
-7.92925
-1.4542
-12.2597
-4.58271
3.34985
-0.306753
12.3208
-23.7157
54.8249
-22.0755
-7.09566
-1.38695
-12.0479
-5.49524
0.467082
-0.799364
12.2273
-53.6798
46.5315
-18.2503
-4.517
-0.810156
-13.893
-7.16089
0.132389
-0.0817584
40.3082
-37.736
68.1115
-28.0273
-9.00238
-1.74792
-3.31474
-0.964284
-0.404589
-0.872102
80.3547
-61.3332
99.0217
-33.6245
-9.82368
-1.87929
-12.7046
-7.74355
1.06926
-2.26914
79.3784
-24.4918
96.1369
-29.5642
-10.8259
-2.05107
-0.234899
-0.645164
7.7894
1.88506
100
-100
100
-24.1043
-5.88457
-0.405036
0.855668
0.452889
14.6393
2.99342
49.0181
-47.1104
25.0437
-18.3374
-5.82239
-0.0588958
-8.06048
-4.88326
1.59654
-1.77489
97.1493
-93.9615
74.341
-41.7343
-13.2557
-0.487934
7.35291
7.37437
13.5537
1.01647
-161.467
384.524
125.358
137.878
0
2.07929e-15
-1.65322e-13
0
0
0
0
0
467.64
388.438
-467.64
169.735
1.13491e-23
-4.23243e-15
-2.42546e-14
0
0
0
0
0
-120.291
477.682
111.469
36.273
0
0
-1.99924e-14
0
0
0
0
0
22.3196
451.232
-22.3196
98.5524
-2.54341e-15
0
-3.61722e-18
0
0
0
0
0
-56.693
518.259
53.1419
-40.6841
0
0
0
2.00166e-13
0
0
0
0
17.2124
735.156
-17.2124
-71.2938
0
0
0
-2.69033e-13
0
0
0
0
-55.4739
637.878
35.6312
-187.823
2.1047e-13
0
0
2.30894e-13
0
0
0
0
-55.3065
780.049
55.3065
-24.8548
2.58514e-13
0
-9.63035e-14
-5.17313e-14
0
0
0
0
224.761
203.961
-114.628
110.704
0
0
-1.64412e-14
-5.14003e-14
3.40683e-15
-1.09839e-14
0
0
340.574
526.168
-112.696
124.914
2.6957e-13
0
-4.80314e-14
-1.40622e-13
39.1929
111.98
0
0
