2.20011
0
0.680344
-0.0107134
-0.193503
0.836884
-0.632667
-0.644876
0.774109
-0.118519
-0.438473
-0.775227
0.0224941
-0.304108
0.595295
0.174349
2.80354
-0.762359
-2.24836
0.207186
-1.73173
-0.0827995
-0.989006
1.92338
1.34898
-0.317753
-0.836155
0.0714713
0.698453
0.58912
-0.433113
0.338114
-0.562145
-1.11813
0.779869
-0.301475
0.166047
-0.357909
0.0720777
-0.341962
0.223829
0.0211399
1.87122
-0.760229
-1.58653
0.505621
-1.50562
0.0254517
-0.411129
1.01505
0.430767
0.157465
-0.0161406
0.111137
0.702958
0.992119
-0.63357
0.0348881
-0.405765
-1.4479
0.751571
-0.298222
0.466103
-0.300345
0.12525
-0.34683
-0.0118536
0.0101555
1.07373
-0.637491
-0.917783
0.480891
-1.04648
-0.089933
0.0595257
0.952267
0.182869
1.08273
0.911236
0.0997215
0.709287
1.13159
-0.776401
0.000126211
-0.356332
-1.57229
0.685166
-0.244498
0.773396
-0.242782
0.465624
-0.060598
-0.0498884
0.0185099
0.422828
-0.449763
-0.109858
0.136793
-0.394208
-0.213504
0.184884
0.99225
0.799954
1.59025
0.916663
0.0834851
0.71517
1.14984
-0.83603
0.0295767
-0.343391
-1.57875
0.611294
-0.182397
0.903273
-0.0200326
0.875146
9.93411e-17
-0.0528458
0.0176705
0.0570502
-0.189217
0.0928691
0.0392978
-0.0152856
-0.245731
0.203966
0.412881
0.708046
1.30095
0.191665
0.0673089
0.719952
1.16329
-0.90316
0.0850341
-0.34516
-1.57924
0.536029
-0.120073
0.929148
-0.0203806
1.0231
-0.0620851
-0.0382715
0.0076769
0.0197018
-0.223715
0.288486
-0.084473
-0.00138717
-0.153797
0.135483
0.0820744
-0.00221554
0.466083
-0.202883
0.0552809
0.721805
1.16244
-0.961594
0.166444
-0.367287
-1.57435
0.491062
-0.0791214
0.954843
-0.0949095
1.03064
-0.125446
-0.016678
0.00373685
-0.00575557
-0.0398937
0.0386364
0.00701285
0.0214143
-0.081535
0.0658763
0.0897851
-0.237434
0.0221805
-0.114061
0.0510963
0.722476
1.15731
-0.971881
0.184285
-0.369711
-1.56674
0.473408
-0.0639707
0.972938
-0.166769
1.02951
-0.124942
-0.00390897
-0.000658866
-0.0302731
-0.00388722
0.057268
-0.0231076
0.0241304
-0.000265691
0.00640847
0.0567008
-0.0563403
-0.0340557
0.0712465
0.786024
5.32887
-0.226739
50.3624
-2.25187
47.3588
-10.3345
-10.765
1.40744
-0.559428
44.38
40.8542
36.855
49.1879
4.77755
87.3426
5.72315
-1.93379
16.7084
5.61306
15.563
10.1974
7.07967
83.6394
13.6477
72.2036
20.7347
7.38479
20.0471
6.92897
8.60147
2.83632
0.443314
98.4645
27.6379
70.7667
15.0631
4.90748
16.5245
4.44471
7.21336
2.71125
1.01703
99.736
36.4302
66.1146
10.6633
2.25203
10.1609
1.87636
7.31306
2.93839
0.409298
99.7422
36.2264
56.2713
13.7872
3.8869
10.7172
2.8689
11.0816
8.76273
11.6729
91.8745
41.569
55.5606
15.917
5.94323
15.1112
5.71806
10.56
5.06587
2.27128
92.4995
37.2605
51.7249
15.4883
5.61417
14.8642
5.35585
-2216.07
0
2216.07
0
-2502.24
460.461
2403.77
0
0
0
0
-1.46999e-14
-2448.56
0.208109
2448.48
0
-2625.52
549.075
2505.83
0
0
0
0
0
-2571.42
2.41024
2570.83
0
-2097.84
582.099
2082.36
0
0
0
0
0
-2240.29
3.3244
2239.14
0
-1150.6
569.131
1148.96
0.241144
0
0
0
0
61.0185
10.3219
-61.696
0.0884209
77.4173
530.63
-77.5871
0.0069306
0
0
0
0
10.1242
4.84107
-10.1242
0
176.443
493.617
-177.752
51.0432
0
0
0
1.93491e-14
15.394
85.1453
-2.77924
0.355653
-117.957
460.704
108.432
8.76645
0
0
0
0
30.0167
21.9084
-16.7604
15.9667
-121.53
466.165
108.259
50.2245
0
0
0
0
