1.54224
0
0.680344
-0.0107134
-0.193503
0.836884
-0.632667
-0.644876
0.774109
-0.118519
-0.438473
-0.775227
0.0224941
-0.304108
0.595295
0.174349
2.80354
-0.762359
-2.24836
0.207186
-1.73173
-0.0827995
-0.989006
1.92338
1.34898
-0.317753
-0.836155
0.0526985
0.700326
0.481666
-0.407653
0.442408
-0.573975
-1.02219
0.744818
-0.262542
-0.0128798
-0.477955
0.0214211
-0.370353
0.268115
0.0623099
2.23762
-0.973031
-1.78814
0.58139
-1.7126
-0.142614
-0.381602
1.93172
1.34926
-0.00564686
-0.300579
0.0920809
0.708695
0.896028
-0.626208
0.153762
-0.442338
-1.35044
0.689294
-0.240925
0.35977
-0.269319
0.0202554
-0.34104
-0.0103315
0.0332044
1.59354
-1.05891
-1.13429
0.5983
-1.45039
-0.309209
0.169514
1.6906
0.944153
-0.00913737
0.178707
0.0750759
0.716098
1.12898
-0.825746
0.0290031
-0.349328
-1.56264
0.595604
-0.16656
0.672513
-0.0847321
0.0497221
-0.202084
-0.0830483
0.0300349
1.04793
-0.902385
-0.562867
0.417787
-0.95873
-0.430119
0.340859
1.41759
0.745812
0.0309502
0.701213
0.0561111
0.7238
1.27614
-0.993556
0.00383341
-0.287121
-1.6751
0.46912
-0.0713396
0.878199
-0.00288018
0.0560541
-0.0473579
-0.0991865
0.0290865
0.649815
-0.753286
-0.111115
0.21468
-0.49992
-0.59428
0.444319
0.931209
0.369739
-0.0343906
0.727992
0.0375046
0.728966
1.38287
-1.14138
0.0264826
-0.268118
-1.74401
0.338521
0.0225299
0.966766
-0.0297827
0.0516491
-0.0179745
-0.0630338
0.0157587
0.47029
-0.642291
0.144015
0.0281819
-0.311479
-0.50147
0.342921
0.39958
-0.123306
-0.0184084
0.128409
0.0274043
0.731266
1.43848
-1.23053
0.0616459
-0.269531
-1.76984
0.249553
0.0818102
0.996279
-0.0691576
0.0842311
-0.0130494
-0.0353577
0.00696932
0.23727
-0.372706
0.159988
-0.0243747
-0.115681
-0.346061
0.224479
0.104431
-0.180031
0.156765
-0.178107
0.0215292
0.732524
1.48202
-1.28983
0.074667
-0.26683
-1.78657
0.178928
0.125715
0.998036
-0.108233
0.121568
-0.052187
-0.0185338
0.00402528
0.0712397
-0.11377
0.0266738
0.0158569
0.0361476
-0.268059
0.160672
0.00648927
-0.0865665
0.187378
-0.16163
2.82424
5.48959
0.146114
40.088
-8.79138
44.6457
-1.17421
-4.95737
5.29142
2.00186
57.0791
54.4128
51.9995
41.9118
10.977
98.4646
6.15494
-2.67427
11.2062
2.51486
24.9688
21.7918
20.2503
73.0804
15.6397
66.8696
13.3225
2.39929
13.6653
3.66663
18.1778
13.5355
10.8056
93.9286
32.231
70.8032
13.1817
3.33551
18.2985
6.275
16.3214
10.5673
7.3656
99.9107
47.3613
61.8458
7.31157
0.224461
13.146
2.96297
18.5986
12.7278
8.85875
99.9919
56.615
59.8589
8.52787
1.81397
16.7815
4.94975
24.9098
16.9788
12.7973
99.1774
62.2028
58.2721
10.1136
3.28683
17.622
5.72232
17.0949
10.7481
7.10024
98.9461
61.9078
48.814
11.3929
4.23122
17.7572
6.08382
-3300.58
1.50219
3301.23
-6.80502e-15
-3471.82
449.687
3358.91
0
0
0
0
0
-3765.63
23.3241
3773.71
0.0300432
-3652.12
526.902
3488.65
1.00535
0
0
0
0
-4306.07
18.9124
4306.64
1.86627
-3327.63
532.065
3291.42
4.98265
0
0
0
0
-2828.47
1.4912
2828.65
-2.90735e-14
-2031.68
572.903
2001.72
0.00796134
0
0
0
0
-2608.71
46.0211
2624.08
-4.09188e-15
-1797.56
502.313
1785.44
0.00961383
0
0
0
0
669.691
56.6417
-649.866
1.65541e-13
-994.057
498.042
971.933
0.253294
0
0
0
0
908.61
81.1881
-880.194
0.000729005
-1203.74
489.433
1176.75
0.0297939
0
0
0
0
-1053.35
48.2566
1072.43
6.40193
30.198
448.39
-49.2707
51.2753
0
0
0
0
