3.5
0
0.680344
-0.0107134
-0.193503
0.836884
-0.632667
-0.644876
0.774109
-0.118519
-0.438473
-0.775227
0.0224941
-0.304108
0.595295
0.174349
2.80354
-0.762359
-2.24836
0.207186
-1.73173
-0.0827995
-0.989006
1.92338
1.34898
-0.317753
-0.836155
0.065824
0.707927
0.688923
-0.51034
0.263152
-0.486608
-1.19531
0.732709
-0.324197
0.523217
-0.108613
0.268546
-0.181639
0.206108
0.0211127
1.39927
-0.551393
-1.14746
0.51942
-1.07602
0.0437612
-0.389938
0.59035
0.0677146
0.492104
0.244937
0.105744
0.707166
1.00191
-0.636981
0
-0.36462
-1.45681
0.743405
-0.325693
0.655166
-0.072151
0.724343
-0.257249
0.00179807
-0.00132537
0.508381
-0.253283
-0.502984
0.243975
-0.51796
0.0213914
-0.00299029
0.263898
0.2554
0.911593
-0.259003
0.0958167
0.706913
1.13938
-0.895817
0.214444
-0.458004
-1.59625
0.704468
-0.249167
0.802735
-0.0111454
0.974756
-0.38675
-0.0592759
0.00142367
0.221205
-0.581756
0.547318
-0.186767
-0.278893
-0.0814581
0.153052
0.440225
0.199013
0.490279
0.244328
0.0445121
0.715788
1.28088
-1.19434
0.367979
-0.454517
-1.7357
0.5398
-0.084979
0.482607
-0.170756
0.604188
-0.264586
-0.102609
0.0144168
0.691089
-0.965629
0.227563
0.0469774
-0.657231
-0.381247
0.347389
-0.640257
-1.13609
-0.756241
1.04025
0.00767467
0.721804
1.69907
-1.69435
0.414871
-0.419594
-2.11345
0.349176
0.0651987
0.0952619
-0.898807
0.220425
-0.0472408
-0.0350125
0.0113466
0.973195
-1.00297
-0.0555854
0.0853606
-0.850852
-0.34253
0.220187
-0.77469
-1.65125
-0.745929
0.434691
7.14813e-05
0.727444
1.81056
-1.78718
0.350613
-0.374016
-2.14864
0.177911
0.16017
0.0931073
-1.53957
0.232945
-0.00256595
-0.00387466
0.0101777
0.222983
-0.150579
-0.163119
0.0911562
-0.0384099
-0.372999
0.188321
0.00203123
-0.326815
0.0250399
0.017237
0.0108198
0.732661
1.81928
-1.69684
0.181925
-0.304541
-2.05197
0.00311907
0.22973
0.0921318
-1.70298
0.255457
-0.0457757
0.0225617
0.00549206
0.0158942
0.187779
-0.342814
0.139141
0.193354
-0.34705
0.137803
-0.019501
0.00909664
0.0988895
-0.146872
4.50955
6.93535
1.81069
42.7923
-6.42279
45.428
-7.91492
-9.30235
5.14916
1.86394
7.57717
3.67032
0.254996
81.8426
22.7141
86.3525
10.5064
1.49557
16.2393
4.49336
9.78199
3.31537
-0.129389
83.0133
17.5527
70.2553
20.4114
7.87542
15.7782
4.80451
6.97011
3.28154
0.856477
96.4474
25.3256
70.0282
13.9921
3.76001
16.1756
6.58951
7.61866
5.74047
9.72478
88.3781
37.6544
51.9287
10.7146
2.18732
13.3436
4.44977
33.3456
19.0622
19.8393
86.3638
47.232
52.2755
21.7228
7.96177
18.9583
6.37578
38.196
23.1949
22.7342
78.4092
52.5378
45.8758
13.4254
2.33677
15.2944
4.83424
24.4178
16.3555
13.9242
88.92
68.4574
46.0732
12.2388
1.25763
15.6746
5.4661
7.79879
10.6162
-4.12308
0
-604.547
453.243
504.447
0
0
0
0
0
-93.673
0.0014257
93.673
0
-803.834
575.41
740.036
3.897e-15
0
0
0
0
-108.613
0.68839
108.375
4.33681e-19
-323.196
540.329
312.238
1.34408
0
0
2.14573e-14
0
-190.933
8.43781
190.933
0.00904165
-93.228
564.983
88.9413
0.00463104
0
0
0
0
-28.9917
72.7781
37.3383
0.118751
26.0187
425.584
-36.7286
0.0101485
0
0
0
1.30931e-14
44.6475
126.119
-1.92288
-2.01039e-13
-49.1314
460.853
2.99764
5.22611
0
0
0
0
41.004
146.854
7.68597
2.96264
-60.3298
407.331
17.8521
5.94857
0
0
0
0
5.11451
92.6959
24.5833
4.37067
106.282
422.161
-136.021
35.2427
0
0
0
0
