0.256999
0.5533
0.403813
1.24502
-0.310705
0.289093
-1.22341
-2.3562
2.1685
-1.05732
-0.553495
-1.22588
-2.03445e-07
-1.407
0.756225
-1.14127
-1.01905
4.5
-2.72346
-0.75749
1.38424
4.04203
-4.40722
4.49997
-3.72227
-4.49996
2.99991
0.573665
0.370173
1.21455
-0.17911
0.20842
-1.24386
-2.31126
2.28343
-1.18656
-0.423376
-1.33002
-0.165213
-1.44965
0.537616
-0.954797
-0.673951
3.58405
-2.01372
-0.453973
1.18618
3.13029
-3.50213
3.5872
-2.82971
-4.49996
2.0837
0.586198
0.344793
1.19696
-0.0810623
0.136134
-1.25343
-2.27919
2.36495
-1.28187
-0.326649
-1.42508
-0.330425
-1.40651
0.334861
-0.731227
-0.377012
2.67005
-1.26526
-0.262392
0.855696
2.21993
-2.59535
2.67905
-2.09105
-4.5
1.17441
0.59518
0.325668
1.18316
-0.0144889
0.094333
-1.263
-2.2605
2.41423
-1.3
-0.264862
-1.47617
-0.495591
-1.37206
0.158949
-0.540981
-0.035775
1.76494
-1.09332
0.225636
0.512823
1.34179
-1.7205
1.77488
-1.36518
-4.41095
0.309426
0.598059
0.319163
1.18256
0.0171927
0.0540298
-1.25378
-2.25962
2.42987
-1.3
-0.233136
-1.50709
-0.658094
-1.36039
0.0230646
-0.385489
0.474097
0.858686
-1.15193
0.802586
-0.0429431
0.425119
-0.805622
0.862135
-0.683569
-4.4255
0.386056
0.597145
0.322337
1.19994
0.0158707
0.011756
-1.22752
-2.27613
2.42305
-1.3
-0.230106
-1.53396
-0.823257
-1.33887
-0.0745805
-0.234046
0.827865
-0.0568125
-0.722424
0.720348
-0.497752
-0.114425
0.000407161
0.0811769
-0.813803
-3.8892
1.29001
0.594623
0.329187
1.23027
-0.0198074
0
-1.21046
-2.30445
2.40526
-1.3
-0.223719
-1.5753
-0.948891
-1.28424
-0.16922
-0.117568
1.33154
-0.972986
-0.128541
0.40731
-1.32136
-0.643297
0.00949136
0.225409
-1.65254
-3.16862
1.4803
0.591148
0.338375
1.28387
-0.088767
0.000488132
-1.19559
-2.35589
2.38179
-1.29979
-0.201718
-1.66127
-1.03271
-1.22962
-0.13371
-0.232268
1.65219
-1.88281
0.713976
0.944679
-1.40289
-0.643619
-0.00325457
1.13844
-2.52141
-2.26888
0.850452
-3.2029
1.52461
3.48332
-11.413
-55.7783
13.8353
-21.6995
48.0104
16.0607
-6.50148
8.466
-1.79438
3.94203
-30.9284
-81.3055
15.9883
-42.6351
50
-4.94268
-18.2562
3.08892
3.31172
1.04315
2.19007
-63.4911
20.4921
-52.8283
50
13.3169
-11.5842
0.856831
-7.74002
4.07572
-31.6498
-67.937
11.4295
-33.9842
48.0054
-1.32432
-13.0662
-33.345
-15.3677
3.44398
-6.86381
-47.6769
11.6536
0.653217
50
38.9123
21.9746
-26.0855
-18.9575
-0.514639
-37.1266
-67.7852
5.91147
-34.3233
50
48.1271
27.0858
-18.6418
-8.34176
3.22721
-23.3706
-43.8724
4.68233
7.27269
21.5684
32.7951
15.1997
-33.0743
-11.3121
0.511034
35.8029
-7.80189
6.63108
13.1297
-0.00721987
24.5304
12.7327
-388.369
18.5751
388.891
0
-36.9866
188.002
-38.2805
27.0454
-76.4048
355.291
0
0
-53.1604
60.4381
31.3933
21.5476
-99.6128
249.248
15.9189
61.0255
-148.698
424.851
0
0
7.69979
3.32219
-7.29009
0
-121.175
214.474
121.149
62.7243
-120.993
454.56
0
0
725.451
49.5274
-731.036
10.4407
-141.3
205.388
55.582
39.5211
-122.047
348.705
0
0
2192.96
47.9374
-2213.98
12.3131
-122.745
145.324
122.746
39.499
-0.0076595
238.748
0
0
-2195.16
58.919
2164.4
27.5543
-403.309
195.836
315.119
56.136
-75.5825
400.203
0
0
-278.549
42.7592
270.429
25.5645
-93.0469
109.167
93.047
27.2529
-44.4003
126.247
0
0
265.718
10.0471
-267.541
21.1241
-53.0769
38.0089
95.2656
82.5303
-0.00105678
0
5.96793
17.0509
