2.96394
4.3
0.666251
0.100094
-0.116262
0.750257
-0.734089
-0.834188
0.750068
-0.0159739
-0.148498
-0.670033
0.0176078
-0.297781
0.25
0.142218
2.27194
-1.03965
-1.85576
0.623476
-1.61207
-0.380518
-0.279353
2.02843
1.39888
-0.314955
-0.855616
4.33596
0.684812
0.65178
-0.462509
0.424851
-0.614122
-1.29368
0.697346
-0.0554453
0.659173
-0.260147
0.200008
-0.278395
0.064748
0.0262401
1.22786
-0.789247
-0.721934
0.283322
-1.08513
-0.0576849
-0.085039
1.09268
0.273812
0.43441
0.157239
4.33258
0.684569
0.849078
-0.675501
0.446732
-0.620308
-1.49298
0.690542
-0.046642
0.799488
-0.225593
0.448371
-0.194924
-0.00824054
-0.000791875
0.463915
-0.502626
0.0544069
-0.0156967
-0.469593
-0.0151596
0.0208372
0.331357
0.00208588
0.658211
0.840152
4.3224
0.682885
0.776348
-0.651681
0.516743
-0.64141
-1.43018
0.677043
-0.0232154
0.717273
-0.233751
0.615243
-0.166952
-0.0263488
-0.00476239
-0.178298
0.0563481
0.171785
-0.0498351
0.15191
-0.0337558
0.0601438
-0.319591
-0.175884
0.314377
-0.0255807
4.31208
0.680396
0.644718
-0.568458
0.585782
-0.662042
-1.31147
0.668416
-0.00166468
0.582008
-0.235329
0.710622
-0.181015
-0.0223948
-0.00666653
-0.570844
0.46496
0.152374
-0.0464905
0.53756
-0.00946793
0.0427516
-0.616709
-0.00381366
-0.398955
-0.165819
4.31401
0.674841
0.484082
-0.424616
0.63169
-0.691156
-1.17738
0.721556
-0.0282564
0.467556
-0.182744
0.678989
-0.183681
0.00828753
-0.0137903
-0.30023
0.272391
0.0970011
-0.069162
0.23711
0.137198
-0.074078
0.248228
0.31546
-0.024969
0.0261904
4.31987
0.670195
0.457509
-0.396823
0.652491
-0.713178
-1.17062
0.77454
-0.0614312
0.572641
-0.163146
0.674627
-0.205413
0.0170219
-0.00897886
0.0196027
0.00241965
0.0181647
-0.0401871
-0.0544332
0.113698
-0.0788673
0.630759
-0.0742155
0.487618
-0.262917
4.32572
0.666886
0.463021
-0.39542
0.660337
-0.727938
-1.18847
0.814231
-0.0887831
0.583376
-0.186461
0.683072
-0.275698
0.00629869
-0.00519845
-0.0165833
0.0181366
0.0223306
-0.023884
-0.00296214
0.0536845
-0.0341391
0.0169443
-0.00199162
0.014095
0.0149346
-36.0734
-21.2331
10.3003
83.0647
22.1784
34.129
-4.44914
-7.65421
3.74168
0.231252
-23.8514
-11.16
17.6675
97.5954
35.2561
47.255
11.2811
1.50231
16.9884
5.99302
-12.1259
-5.45095
7.85357
99.9875
18.4967
25.6731
14.5597
4.52175
14.8863
4.02235
-17.6568
-9.79044
14.3444
99.8907
24.772
26.7763
13.9324
3.13833
12.6837
2.34038
-30.8933
-25.5834
9.60263
86.0109
27.8062
26.9207
17.4874
6.36761
15.5283
5.26956
-47.4378
-35.1021
25.162
69.775
14.2067
2.10281
18.2523
6.88953
20.134
7.45599
-31.1257
-26.7473
26.0958
68.6235
23.0845
28.2876
11.3689
2.74791
13.5896
3.97217
29.1093
3.3892
35.9293
6.01871
-16.5554
21.0531
14.6842
4.59979
15.2556
4.64113
-64.9825
121.38
21.5292
3.19101
44.9591
334.829
-73.4024
46.8605
0
0
0
0
-38.8922
157.135
21.2268
0.10249
-78.8505
395.807
65.1035
6.49963
0
0
0
0
16.9752
77.4477
-33.2546
0.0112491
-0.460904
327.213
0.460904
150.325
0
0
0
0
15.8644
129.049
-31.0962
0.683371
-2.74936
311.492
5.86625
122.756
0
0
0
0
26.3107
134.319
-31.293
64.9134
-11.1901
273.248
13.4857
72.688
0
0
0
0
-19.7483
251.5
-6.09617
34.9488
13.7817
112.913
29.4491
161.381
0
0
0
0
-16.6145
239.545
16.6145
36.5118
-40.1672
247.831
40.1672
24.9508
0
0
0
0
30.3207
244.779
64.2469
39.2863
-4.58878
256.56
-89.9806
13.6379
0
0
0
0
