0.260558
0.1053
0.680349
0.845621
-1.42692
1.14726
-0.562177
-1.45908
0.867009
-0.253554
0.538236
-0.0260668
-0.18693
-0.334059
0.550372
0.109164
3.01323
-2.38981
-1.75138
1.27454
-2.02956
-0.0651561
-0.918512
2.95919
2.20131
-1.52918
0.228882
0.110551
0.680513
0.790722
-1.50415
1.10264
-0.516991
-1.39828
0.873007
-0.265972
0.622207
-8.06537e-06
-0.231201
-0.319206
0.603624
-0.0217245
2.74654
-2.66185
-1.54138
1.5608
-1.74754
0.207738
-0.629602
2.90049
1.91484
-1.53425
0.513079
0.106933
0.67894
0.820606
-1.58132
1.06635
-0.463461
-1.44052
0.887173
-0.276785
0.704485
-0.086076
-0.27561
-0.296055
0.650362
-0.0981044
2.47934
-2.63979
-1.25358
1.849
-1.45937
0.489388
-0.373473
2.84196
1.62876
-1.53614
0.799764
0.0818911
0.676047
0.808389
-1.65775
1.03178
-0.401593
-1.47476
0.905195
-0.287987
0.778387
-0.0723005
-0.320139
-0.264781
0.699998
-0.170421
2.21014
-2.36174
-1.14893
2.13703
-1.18274
0.6223
-0.595733
2.5526
1.33999
-1.53801
1.08035
0.101557
0.674419
0.861815
-1.72612
0.998524
-0.331391
-1.50894
0.925577
-0.305234
0.843927
-0.041867
-0.356858
-0.225149
0.741635
-0.214195
1.99564
-2.07369
-1.10843
2.42491
-1.1833
0.70393
-0.884794
2.26377
1.05205
-1.25007
1.36907
0.122723
0.672048
0.915899
-1.78615
0.964524
-0.253015
-1.54301
0.950593
-0.330936
0.901101
-0.0197668
-0.384697
-0.185538
0.776954
-0.235881
1.8721
-1.78684
-1.17465
2.70729
-1.17692
0.864627
-1.16652
1.97489
0.763522
-0.961484
1.36752
0.140705
0.670253
0.967246
-1.83784
0.922284
-0.169232
-1.57692
0.975641
-0.369727
0.94992
-0.00595419
-0.404183
-0.145951
0.810974
-0.242229
1.83399
-1.49988
-1.45923
2.90244
-0.982307
0.870921
-1.33969
1.68621
0.477122
-0.67295
1.1387
0.162713
0.668225
1.02033
-1.88127
0.879876
-0.0860986
-1.60541
1.00102
-0.415871
0.991011
-2.23075e-08
-0.415327
-0.112987
0.837804
-0.170762
1.90592
-1.21119
-1.46499
2.80928
-1.04314
0.880415
-1.59418
1.39739
0.191099
-0.384774
0.910633
0.184562
0.665589
1.07568
-1.91633
0.837468
-0.00664414
-1.63561
1.02681
-0.466732
1.02316
-0.00281625
-0.426427
-0.0866256
0.876863
-0.0880359
1.99948
-0.923346
-1.17914
2.74304
-1.26248
0.89097
-1.81599
1.11042
-0.0973658
-0.383039
0.622178
0.20993
0.661002
1.14003
-1.94471
0.803335
0.0666182
-1.67044
1.05544
-0.519311
1.04691
-0.00709396
-0.437137
-0.0686207
0.843226
0.124295
2.16724
-0.980365
-1.06819
2.53075
-1.22119
1.06171
-1.75315
0.823702
-0.147812
-0.369883
0.619294
-39.2921
-11.7449
-2.50884
99.9962
45.9036
35.4504
-24.2137
-17.5
-7.27521
-5.21942
-33.0832
-5.66957
-1.43397
99.9903
26.0225
56.0572
2.90957
-3.32887
22.4328
10.7064
-3.26182
7.32967
1.43963
99.9907
27.3166
57.7655
-16.6266
-15.135
-4.72989
-4.83083
-13.5029
-0.956362
-0.0933269
99.9858
29.163
62.005
-17.4248
-15.2523
20.5297
9.80278
-1.5945
7.89419
1.62306
99.9733
20.7114
74.4055
-10.2137
-11.5294
25.6829
12.7069
-9.41966
-0.332717
0.0877402
99.987
19.6122
58.8543
-10.5282
-10.888
10.7887
1.60817
-5.70894
2.35422
0.245316
99.9927
9.68332
66.6107
-4.46421
-7.70127
18.6794
6.94629
11.7093
15.9553
2.40487
99.9873
-2.01495
83.8547
2.94003
-4.01261
21.6919
7.71714
12.6759
15.7556
3.46846
99.8724
9.45886
72.7954
-3.23186
-6.85855
-8.71807
-9.00939
99.9365
-28.2109
87.742
99.9412
52.9433
30.9131
25.8551
11.0225
59.8268
29.4388
0
5.35834e-16
0
0
-2.7963
210.935
76.5494
0.0879274
0
0
0
0
0
1.24376e-13
0
0
-47.8306
432.228
48.6204
0.306825
0
0
0
0
0
1.06597e-13
0
0
-1104.13
429.127
1105.05
0.141336
0
0
0
0
0
1.36374e-13
0
0
-854.662
416.379
855.251
0.101224
0
0
0
0
0
1.02903e-13
0
0
-1195.55
548.492
1196.16
0.0759963
0
0
0
0
0
-2.14373e-13
0
0
-1397.04
446.758
1398.24
0.106045
0
0
0
0
0
5.66527e-17
0
0
225.002
536.165
-223.233
0.158844
0
0
0
0
0
1.11003e-13
0
0
233.127
682.148
-231.351
0.122227
0
0
0
0
0
-2.13827e-13
0
0
36.8187
548.816
27.9341
0.173885
0
0
9.22854e-15
0
167.461
1015.29
-522.934
0.351157
815.385
152.23
-762.188
0.140262
0
0
0
0
0.286265
0.1053
0.680349
0.845621
-1.42692
1.14726
-0.562177
-1.45908
0.867009
-0.253554
0.538236
-0.0260668
-0.18693
-0.334059
0.550372
0.109164
3.01323
-2.38981
-1.75138
1.27454
-2.02956
-0.0651561
-0.918512
2.95919
2.20131
-1.52918
0.228882
0.096447
0.681726
0.888505
-1.51284
1.10161
-0.511545
-1.51363
0.869613
-0.273487
0.63236
-0.000326748
-0.2256
-0.31672
0.587487
0.0234062
2.77952
-2.70117
-1.43514
1.59184
-1.71509
0.110087
-0.626683
3.00782
1.88333
-1.2142
0.545133
0.0928345
0.682293
0.927623
-1.60393
1.06607
-0.450834
-1.55816
0.873115
-0.286574
0.71938
-0.0951971
-0.254141
-0.289296
0.631821
-0.0965251
2.51219
-2.86391
-1.11755
1.90873
-1.40009
0.349746
-0.411458
2.73586
1.56946
-0.897318
0.862201
0.0882336
0.680542
0.947727
-1.69527
1.03338
-0.380113
-1.5927
0.888058
-0.298475
0.796333
-0.0590458
-0.272575
-0.251796
0.678453
-0.241757
2.20101
-2.73847
-1.02657
2.22341
-1.08575
0.497124
-0.494687
2.41936
1.25241
-0.579541
1.17896
0.0963927
0.67822
0.973294
-1.78237
0.993545
-0.299325
-1.61731
0.909754
-0.31421
0.86321
-0.0292896
-0.281148
-0.204232
0.728755
-0.4006
1.89294
-2.44324
-1.25241
2.53993
-0.77395
0.682129
-0.67884
2.10256
0.935514
-0.262143
1.49539
0.119309
0.675151
1.01717
-1.86009
0.94364
-0.212108
-1.64022
0.936617
-0.335599
0.919992
-0.00963027
-0.279395
-0.153973
0.760049
-0.478981
1.75204
-2.13084
-1.56899
2.77856
-0.720231
0.84456
-0.951841
1.78521
0.618075
0.0551228
1.58012
0.143584
0.671959
1.07163
-1.92786
0.889555
-0.125519
-1.67063
0.964111
-0.366047
0.966679
-2.48888e-05
-0.270616
-0.103714
0.759486
-0.395449
1.88301
-1.8143
-1.70039
2.70465
-0.976348
0.864697
-1.26116
1.46779
0.301984
0.275989
1.34831
0.16344
0.669786
1.13151
-1.98557
0.835471
-0.0491964
-1.71016
0.991675
-0.414471
1.00382
-1.99741e-05
-0.261838
-0.0625564
0.765784
-0.242267
2.12386
-1.49755
-1.51598
2.38937
-1.28768
0.996006
-1.52244
1.15081
-0.0045487
0.178791
1.03068
0.188567
0.666285
1.20136
-2.0332
0.787252
0.0266084
-1.7525
1.02353
-0.47239
1.0304
-0.0098612
-0.256152
-0.0348404
0.80748
-0.106482
2.33999
-1.18098
-1.20064
2.38348
-1.59719
1.00147
-1.80814
0.835502
-0.309403
-0.138476
0.713439
0.215335
0.661303
1.28289
-2.07309
0.749063
0.0958082
-1.8033
1.05633
-0.534852
1.047
-0.0197148
-0.260556
-0.0151939
0.786961
0.154691
2.59287
-1.25404
-1.08889
2.1756
-1.59198
1.12403
-1.96412
0.521888
-0.295969
-0.132413
0.617678
-30.2049
-3.68232
-1.28491
100
21.8062
58.6574
11.1106
0.988866
25.7157
12.2705
-30.1493
-4.66327
-1.23599
100
32.4055
56.1504
-13.8865
-12.363
24.7188
12.0583
-18.9993
-0.685041
-0.146672
100
41.9822
68.9426
-20.3018
-16.4503
22.2377
10.4943
-13.8826
-2.81879
-0.41368
100
50.8732
83.2942
-21.4648
-16.7077
21.4857
10.1509
-16.3812
-5.60141
-0.880837
100
45.1217
68.9242
-21.3928
-16.4901
20.7233
10.1188
-3.09781
3.40265
0.40865
100
21.9998
78.2858
-5.82882
-8.18566
22.4208
8.60866
12.7144
15.2655
2.06921
100
-1.37897
83.7682
5.89326
-2.06763
20.8866
6.70978
17.5414
18.489
2.97672
100
2.72495
80.8219
4.34738
-2.45356
1.9406
-3.76924
17.9883
19.3328
4.46297
100
3.20154
79.923
1.49766
-3.95737
0.679007
-4.40178
100
-17.1214
83.5895
100
51.0803
31.4842
23.3441
11.7225
59.9499
27.7284
0
1.14018e-13
0
0
-501.912
468.436
492.152
1.9724e-15
0
0
0
0
0
-4.36378e-15
0
0
-875.41
381.467
872.327
3.67472e-15
0
0
0
0
0
8.81196e-15
0
0
-2527.54
349.701
2517.73
4.77871
0
0
0
0
0
5.10878e-14
0
0
-3680.53
319.551
3655.68
7.96755
0
0
0
0
0
-3.63335e-14
0
0
-2557.12
318.907
2554.18
0.990326
0
0
0
0
0
1.30888e-13
0
1.06777e-15
-2856.49
527.295
2845.66
-7.13789e-14
0
0
0
0
0
-4.84371e-16
0
0
-4029.4
695.628
4003.71
6.35798e-14
0
0
0
0
0
1.36507e-15
0
0
646.657
652.601
-646.657
0
0
0
0
0
0
3.34438e-14
0
2.15627e-18
524.309
615.667
-466.187
5.68563e-18
0
0
0
0
109.602
974.446
-450.658
1.43698e-13
1277.84
164.653
-1220.22
1.21289e-13
0
3.50277e-14
0
0
