2.1409
4.41008
0.65594
0.540911
-0.165591
0.300499
-0.675819
-1.2394
1.03239
-0.333904
0.3153
-0.1676
-0.409489
-0.905195
0.467294
-0.334431
0.228307
0.0979716
1.12754
-1.45382
-0.811819
2.57838
-1.99487
0.140511
2.03891
3.26671
-4.39998
4.47256
0.576567
0.601611
-0.286878
0.728707
-1.04344
-1.44891
1.59758
-0.944019
0.358274
-0.18581
0.127094
-1.66158
-0.686057
0.125222
0.975569
-2.35815
1.47283
2.05181
-0.267498
-2.32437
-4.33152
1.14265
1.03824
-2.40751
-0.0505435
4.25208
0.618954
0.724606
-1.0037
1.17444
-0.895345
-1.63087
0.939865
-0.136416
0.813745
-0.517464
-0.568965
-1.21537
-1.05974
-0.305509
0.419426
-2.74541
3.54481
-0.1675
-1.83201
-1.91231
2.6439
3.84768
-3.72876
-3.7176
3.26094
3.98603
0.499133
0.823017
-1.9629
1.82934
-0.689459
-1.92935
0.362185
0.698269
1.02064
-1.42341
-1.34611
-0.843869
-0.882017
-0.0675266
0.314619
-3.21122
2.14081
4.6504
0.812151
4.36306
4.74456
0.304421
4.55224
-0.682096
0.583669
3.69425
0.596298
0.754354
-1.70903
0.569064
0.385615
-1.67181
0.346588
0.392874
1.047
0
-1.49091
-0.489255
0.079272
0.333431
-0.419443
0.965823
-4.23278
-1.615
1.50649
-0.0612132
-1.62604
-0.146224
-1.65899
0.699897
1.53981
4.23983
0.687181
0.639835
-0.348032
0.000290881
-0.557341
-1.24055
0.328221
0.285274
0.961327
-0.188933
-1.25896
0
1.73085
0.0604276
-4.10218
4.99939
-0.109265
-3.14657
0.271054
-0.0737378
5
-0.680559
0.897762
1.53759
4.00341
4.32428
0.7056
0.582459
-0.209948
-2.86096e-14
-0.372511
-1.14531
0.522618
0.0402366
0.652035
-0.0586628
-1.1022
-0.00107179
0.277926
0.217481
0.445556
-3.39409
3.16682
1.39176
0.289492
1.5923
-5
-4.46198
-1.52884
-0.0178419
-0.00110889
4.32324
0.718262
0.596492
-1.17824
0.858589
-0.276838
-1.02597
0.264378
0.165105
-0.64889
-0.607463
-1.10794
0
-0.345756
-0.0865091
0.0904267
-4.71609
-3.0927
0.181979
3.49855
-1.31504
3.23533
-5
-3.25155
-0.234999
3.42249
-27.914
6.47791
2.46345
95.6199
42.2871
21.1887
30.0929
26.2951
-57.2919
-41.7865
15.128
-16.3229
22.9003
29.8389
-14.1202
-19.793
-31.8138
-29.7395
-55.0605
-33.9195
-32.9799
-8.42652
-14.6551
69.3926
48.0291
22.3179
19.7154
14.5798
-5.36967
-10.7109
-77.652
-87.9193
10.6949
55.0945
15.5073
-18.9542
-20.3468
-6.73111
-7.97659
-8.58516
76.2237
41.2416
-24.3942
-41.2214
-7.69123
3.49146
-27.5455
-28.0765
27.2969
16.5897
-27.385
-20.0868
22.704
32.497
14.5053
-12.2332
1.11201
14.6616
-33.0547
-22.0881
-76.99
-37.8481
-31.1932
90.502
34.4055
6.42669
-22.5608
-27.1382
-50.9739
-40.7712
15.4327
0.623434
29.3606
88.0467
46.0992
7.17386
5.04063
10.9759
-43.9933
-23.9412
84.1251
277.769
79.7142
190.343
-58.228
207.904
-102.017
249.939
0
0
-112.285
39.2998
-19.4929
35.261
-17.7109
83.3153
-39.3713
147.281
-80.8171
196.114
0
-5.70108e-15
-73.6013
-22.7403
76.9394
203.053
74.6155
229.961
3.53555
84.0625
-42.0037
154.767
0
0
-66.0184
2.98972
-68.3428
144.481
-69.3097
248.812
32.8308
2.99514
-45.0435
31.8894
0
0
-1.13871
-7.48767
108.869
233.214
106.388
381.806
65.6229
33.0522
-13.7804
135.838
0
0
-0.00827844
1.046
-26.6808
37.2896
-35.6107
166.018
37.9104
6.53335
-41.2289
16.5183
0
0
-16.0108
-0.998138
36.5992
165.536
35.1881
217.753
-19.4504
88.8103
-73.107
175.639
0
0
-130.135
41.7311
0
0
0
0
-12.0523
152.938
-30.683
102.935
0
0
-56.8451
18.2137
