0.292649
0.1053
0.680349
0.845621
-1.42692
1.14726
-0.562177
-1.45908
0.867009
-0.253554
0.538236
-0.0260668
-0.18693
-0.334059
0.550372
0.109164
3.01323
-2.38981
-1.75138
1.27454
-2.02956
-0.0651561
-0.918512
2.95919
2.20131
-1.52918
0.228882
0.113134
0.68267
0.916573
-1.51484
1.10082
-0.510188
-1.51453
0.865145
-0.273098
0.634459
-0.00111469
-0.226194
-0.316108
0.590893
0.0248066
2.77952
-2.70392
-1.42826
1.59885
-1.70613
-0.0348504
-0.604816
2.99434
1.87626
-1.20747
0.552069
0.113741
0.68404
0.964826
-1.61198
1.06474
-0.44769
-1.55949
0.864134
-0.285201
0.722191
-0.0924537
-0.254973
-0.287594
0.637206
-0.12578
2.50663
-2.98729
-1.10755
1.92204
-1.38257
0.208746
-0.371349
2.69977
1.55467
-0.885031
0.876917
0.121612
0.683899
1.00925
-1.70912
1.029
-0.375002
-1.5948
0.871187
-0.297768
0.799499
-0.0572121
-0.273209
-0.248552
0.687982
-0.309788
2.18338
-2.95742
-1.09978
2.23543
-1.08617
0.346894
-0.54923
2.37745
1.23034
-0.560797
1.2007
0.119249
0.683091
1.03242
-1.80528
0.98327
-0.292682
-1.62746
0.885586
-0.316525
0.866279
-0.0277493
-0.280994
-0.199098
0.733878
-0.493362
1.8604
-2.63519
-1.40624
2.53162
-1.00425
0.524476
-0.826694
2.0537
0.906061
-0.237913
1.52102
0.14243
0.68175
1.09121
-1.89097
0.927175
-0.209999
-1.65845
0.902638
-0.343222
0.922538
-0.00879506
-0.278657
-0.149468
0.732627
-0.513376
1.84235
-2.32148
-1.72509
2.54287
-0.956885
0.480532
-1.13163
1.73011
0.582877
0.0718781
1.52632
0.164537
0.680643
1.15113
-1.96646
0.870712
-0.132173
-1.6895
0.918254
-0.381993
0.968459
-0.000376144
-0.267742
-0.100069
0.715649
-0.321213
2.14528
-1.99835
-1.73636
2.23355
-0.964979
0.456148
-1.39904
1.41217
0.258874
0.335683
1.24202
0.188137
0.680057
1.22089
-2.03144
0.814246
-0.0667907
-1.7268
0.933369
-0.427125
1.00408
-0.0001965
-0.256827
-0.0601564
0.735964
-0.107945
2.4674
-1.67633
-1.43012
1.99217
-1.21585
0.685498
-1.25683
1.08988
0.0243728
0.293884
0.955453
0.217845
0.677446
1.30113
-2.08595
0.767744
-0.00201383
-1.77033
0.956952
-0.471472
1.02926
-0.00719252
-0.256572
-0.0390498
0.812263
-0.0734371
2.54232
-1.35282
-1.10941
2.06758
-1.47697
0.725264
-1.47038
0.774175
-0.21517
-0.0271859
0.641317
0.245982
0.66917
1.38675
-2.13286
0.73167
0.0581749
-1.82183
0.982083
-0.516048
1.04695
-0.0142061
-0.257457
-0.023028
0.773136
0.053947
2.62701
-1.44273
-0.9829
1.85112
-1.66902
0.777249
-1.31169
0.544011
-0.21571
-0.0213032
0.492751
-29.8394
-3.37018
-1.24131
99.9976
20.2066
59.215
11.5768
1.219
25.9311
12.359
-29.5606
-4.41154
-1.18249
99.9989
32.7112
56.0839
-14.982
-12.9819
24.8816
12.1668
-31.2745
-7.18133
-1.39977
99.9982
55.525
74.1091
-23.6088
-17.6256
20.8333
10.1427
-15.8616
-5.15481
-0.925864
99.9954
53.7067
82.6165
-21.973
-16.8809
21.0125
9.95654
-14.5819
-5.1928
-0.875767
99.9983
66.2587
98.4174
-23.536
-17.3493
20.7404
10.0465
7.91366
10.5563
0.781646
100
8.96444
99.8619
6.41125
-1.53489
29.4521
11.4541
21.5165
21.9302
3.37106
99.9959
0.0526687
99.6333
9.06938
-0.282196
31.8388
12.7584
20.8251
20.9267
3.7161
100
3.39187
88.6019
10.3458
1.97342
7.21741
-1.0317
4.38695
8.53245
2.42397
99.9998
51.5121
81.6474
-19.3761
-14.4747
-15.2279
-13.1076
100
-25.5886
93.862
100
93.7501
72.7001
24.1267
13.5362
59.9866
26.8257
0
-1.02301e-16
0
0
-731.978
474.591
733.145
-6.43837e-14
0
0
0
0
0
-2.50149e-13
0
0
-4113.55
381.182
4118.04
-2.58883e-15
0
0
0
0
0
-1.52713e-13
0
0
-11189.5
264.934
11194.2
1.11229
0
0
0
0
-2.73839e-13
-1.21172e-14
0
0
-16196
312.906
16196.5
0.244094
0
0
0
0
0
6.45496e-14
0
3.43208e-14
-10942.2
289.267
10942.2
2.18409
0
0
0
0
0
7.42414e-15
0
-1.5631e-13
-14774.8
665.414
14676.4
6.51832
0
0
0
0
0
-1.59142e-13
0
4.5351e-18
-15855.8
774.924
15796.3
0.160933
0
0
0
0
0
-1.15826e-14
0
1.17321e-16
6541.38
705.997
-6541.38
0.0090124
0
0
0
0
0
5.2064e-14
0
-4.5081e-14
10055.1
316.054
-9945.6
-4.66451e-15
0
0
0
0
107.895
1088.85
-490.265
3.63844
9910.22
9.56844
-9907.17
11.8423
0
0
6.07637e-15
0
