1.21464
0.5342
0.449806
1.12253
-0.127401
0.0147902
-1.00992
-2.35617
1.96312
-0.729482
-0.825103
-0.358699
0.811799
-0.000500444
0.760369
-1.1934
-1.93424
3.82048
0.581627
-2.46787
0.659121
4.97913
-3.70401
4.81196
-3.74277
3.71628
3.246
0.557832
0.409741
1.03385
0.0402521
0
-1.0741
-2.30695
2.12344
-0.850344
-0.771624
-0.303395
0.825347
0
-0.234132
-0.138085
0.498998
0.947276
-0.236197
4.95966
0.228031
0.813929
1.67246
-0.598567
1.81217
-2.90809
-0.0600217
0.515764
0.477182
1.15541
-0.20873
0.0101204
-0.9568
-2.3562
1.8437
-0.646618
-1.10155
-0.00632366
0.301008
-0.473135
-1.19767
0.831388
4.62715
-5
0.169263
-1.27953
-0.290081
-5
0.454827
-1.90147
-0.175958
-3.02219
-4.6674
0.378535
0.618452
1.42685
-0.792413
0.0263056
-0.66074
-2.3562
0.976098
-0.0521557
-1.50289
-0.0181071
-0.165872
-1.28309
-0.351838
0.456476
0.475699
-0.664853
-0.414528
3.33264
0.296823
1.10432
3.60378
-4.29534
3.22075
3.61258
-0.25387
0.343288
0.643245
1.47881
-0.897523
0
-0.581282
-2.30158
0.69081
0.131969
-1.60847
-0.00599682
0.277022
-1.32723
0.0126957
0.121153
-1.44561
1.34927
4.52896
0.385541
1.27664
-1.64378
-0.620156
1.42504
-4.42019
2.55233
4.84153
0.305325
0.666366
1.57016
-1.06069
0.00682934
-0.5163
-2.08307
0
0.51291
-1.42963
-0.51316
0.403674
-0.605079
-0.667305
0.172877
1.34617
-1.63391
-0.763144
-1.13976
-3.30666
-4.68405
5
0.370855
-1.83205
0.24431
3.43104
0.264879
0.640424
1.5953
-1.48483
0.731759
-0.843176
-2.24716
0.129998
0.521854
-1.33806
-0.801444
0.467492
-0.00992656
-0.189797
-0.0348825
-0.0526136
-2.48417
4.65668
-3.74294
-0.945263
1.88965
-1.7178
0.909853
1.81321
0.367638
3.71921
0.251479
0.630435
1.56044
-1.51931
0.84478
-0.88591
-2.24528
0.144423
0.540421
-1.38986
-0.694474
0.500042
-0.0227563
-0.00618712
-0.117375
-0.277203
0.351353
0.282863
-0.247486
0.0870568
0.0844693
0.453781
-0.298419
0.615767
0.186081
-0.074147
-74.783
-58.5215
15.3869
61.3746
52.3935
40.6308
-2.1419
49.996
-44.3642
-40.5137
-97.6932
-31.0537
6.13892
95.4135
5.10145
-18.077
57.2788
19.0195
-15.1646
-9.31824
-99.3098
-71.9517
3.98523
15.4286
18.9058
22.6134
-8.28997
21.6452
52.6716
14.7463
7.24748
35.0174
14.7927
96.8099
46.542
-5.06667
42.8766
21.4552
60
46.5623
-92.4036
-72.119
-9.41683
-24.9639
-15.8504
9.244
48.4152
29.2601
-33.9398
-31.2707
-60.0349
-19.0527
4.45322
57.779
32.2624
-10.6725
51.9656
49.9238
42.6727
28.0386
-54.8998
-32.8319
-4.39111
58.2091
34.4502
9.50732
1.99937
0.513929
-33.9022
-29.1825
-21.4245
-27.1278
6.11043
34.1848
11.2513
-7.70625
49.266
41.8462
15.6696
5.41029
-5.5973
184.318
-0.612011
119.764
-9.54389
233.441
-75.2252
206.278
-58.4797
234.486
0
0
7.95913
255.543
-44.7502
213.234
-43.4509
167.412
-51.9917
178.348
-11.7154
42.0107
0
0
-34.0344
184.793
71.4106
138.539
-14.2125
146.806
-94.2465
163.077
-34.338
142.11
0
0
-0.650504
74.7777
-0.745692
51.148
-2.62087
103.901
11.8888
93.6845
-4.91719
154.441
0
0
-71.5054
141.843
-5.93996
119.187
8.13378
97.3587
-52.7895
102.906
-15.229
105.726
0
0
33.2596
103.312
-1.04576
98.9564
36.068
45.3754
-49.1623
75.4704
-28.7168
82.6195
0
0
-43.3718
112.232
-3.9712
146.601
-1.28206
14.9433
-21.0876
70.9533
-16.8639
48.1825
0
0
9.61259
97.0275
12.8263
80.6997
-50.94
108.383
-15.8794
143.76
43.3168
124.435
0
0
