1.03356
0.5342
0.449806
1.12253
-0.127401
0.0147902
-1.00992
-2.35617
1.96312
-0.729482
-0.825103
-0.358699
0.811799
-0.000500444
0.760369
-1.1934
-1.93424
3.82048
0.581627
-2.46787
0.659121
4.97913
-3.70401
4.81196
-3.74277
3.71628
3.246
0.480383
0.536545
1.30717
-0.508234
0.100668
-0.899604
-2.35072
1.55371
-0.743198
-0.796469
-0.724541
0.299723
-0.0201983
-0.435401
-0.286711
2.54284
-3.29078
-0.162511
3.60214
-0.523952
-4.5752
-4.80862
-0.0936329
-2.41781
-3.47279
-0.201466
0.416852
0.596187
1.53953
-0.860377
0.0735417
-0.752708
-2.35283
1.18314
-1.25339
-0.825925
-1.13923
-0.410422
-0.724075
-0.164765
0.0428802
1.55638
-1.64288
-0.204959
0.994142
0.0955068
-2.26776
-3.41504
1.95342
-2.72182
0.391466
-4.79139
0.385906
0.623594
1.60837
-0.984706
0.0515628
-0.656241
-2.35416
0.848004
-0.515598
-0.816136
-1.35951
-0.352508
-1.43157
-0.195279
-0.0850912
0.465973
-0.541405
-0.0809484
0.547754
-0.0159833
-1.7168
4.99692
-1.80495
4.83453
1.90135
-1.95375
0.332669
0.65474
1.57257
-1.0308
0.0336294
-0.575393
-2.35277
0.592498
0.187705
-1.06616
-1.02852
-0.366878
-1.72039
-0.116008
-0.0735676
-0.436295
1.13982
-0.22675
0.541391
0.885093
-1.8047
4.7693
-1.19005
2.24213
-0.0923555
5
0.374237
0.622028
1.42824
-0.789247
0
-0.638991
-2.35247
0.953771
-0.0256366
-1.07148
-0.697521
-0.381247
-1.137
0.0300334
-0.0681192
-1.00258
2.06215
0.039442
-3.13762
-0.0153376
3.71091
-1.44579
0.405835
-0.808697
3.56947
2.49535
0.376175
0.620899
1.49178
-0.849322
0
-0.642455
-2.35448
0.945356
-0.237674
-1.06066
-0.805413
-0.628936
-0.768843
-0.358183
0.00818502
0.475492
-1.00956
-0.111453
0.00126943
1.27851
-2.24824
-1.47297
-0.013569
1.71718
-1.67769
4.74734
0.333837
0.649381
1.54844
-1.00261
0.0362451
-0.582072
-2.3562
0.643217
0.164548
-1.29283
-0.62728
-1.14832
-0.0660042
-0.256222
-0.226043
-0.193484
-1.44207
1.65873
0.526871
-0.0115056
-0.542343
2.72552
-1.57215
0.716585
-4.37045
4.77295
-87.2263
-41.9998
-1.65802
4.4951
20.0054
1.07441
18.0912
40.6696
-49.2586
-49.1693
-62.7159
-40.214
9.1837
70.2445
-22.6945
-6.45788
37.7776
23.9393
-21.2489
-4.03567
-49.6855
-18.9796
0.66139
33.5534
63.8775
14.96
36.7329
46.6646
60
4.252
-71.4466
-44.518
3.07922
52.7911
-21.2075
5.88185
22.9232
37.7766
9.06022
34.8336
-21.8295
-7.86647
-1.23229
42.3406
63.9432
6.59101
11.5667
3.74183
36.1361
-0.343877
-79.4892
-47.7207
0.401365
52.452
-13.6648
-2.95255
32.9634
37.7673
16.7731
13.6645
-55.8486
-22.1243
1.00497
27.7508
35.5491
5.1877
45.5621
32.0552
-45.1515
-29.3175
-19.6478
-9.41346
7.67402
50.962
16.31
3.60996
1.39152
19.5092
6.21139
1.74433
5.96053
126.341
-11.2736
157.22
195.829
121.356
-288.185
142.518
-18.5845
145.137
0
0
-7.41889
182.719
34.2033
179.024
-234.469
119.813
146.086
204.452
-42.742
122.119
0
0
-1415.49
137.432
1400.29
102.811
143.088
99.6694
-217.642
113.342
-51.1779
146.22
0
0
-21.0243
96.2214
-36.8684
69.3262
-261.363
101.876
177.809
136.847
-40.0478
114.414
0
0
-19.5429
117.973
21.7282
132.806
206.205
86.6171
-270.974
98.4323
-42.0952
120.276
0
0
-1.59256
109.987
-24.1385
99.9687
-208.673
126.628
133.806
87.2694
-33.3277
95.2903
0
0
242.058
102.504
-272.713
92.9256
227.305
42.4146
-217.84
40.535
-23.4895
67.1135
0
0
12.592
96.0022
16.6247
70.804
-139.178
95.8728
152.869
94.9291
-30.5624
212.972
0
0
