0.874922
0.5342
0.449806
1.12253
-0.127401
0.0147902
-1.00992
-2.35617
1.96312
-0.729482
-0.825103
-0.358699
0.811799
-0.000500444
0.760369
-1.1934
-1.93424
3.82048
0.581627
-2.46787
0.659121
4.97913
-3.70401
4.81196
-3.74277
3.71628
3.246
0.604013
0.300645
0.896123
0.318008
0.0851242
-1.29926
-2.24568
2.51878
-1.19244
-0.281754
-0.826504
1.047
0
-0.35528
0.0635955
1.09883
1.3549
-3.31979
2.11553
2.34435
-3.10939
-4.10432
3.51701
-4.87057
-3.33022
-1.0994
0.559607
0.40644
1.15752
-0.0776563
0
-1.07987
-2.3562
2.12614
-0.98198
-0.379282
-0.995696
0.469301
-0.273578
-1.23043
0.875635
3.86839
-5
1.82056
1.7552
-1.56243
-5
1.68365
-2.11472
-1.30975
-5
-4.63827
0.466869
0.537375
1.29551
-0.491311
0.0562777
-0.860479
-2.3562
1.5012
-0.557854
-1.00423
-0.424921
-0.155644
-0.753961
-0.741914
0.676232
1.10368
-2.42277
-0.328499
1.0431
0.0177232
-4.43631
5
-5
4.58343
-0.201773
-3.19308
0.37413
0.621687
1.4335
-0.79432
0
-0.639182
-2.35399
0.946676
-0.0261857
-1.52677
0
-0.236509
-0.602622
-0.421608
0.632378
-0.321848
0.308884
-3.82682
1.77049
3.0634
-4.43591
3.06511
1.93653
-3.66174
-3.20981
1.2123
0.319135
0.659399
1.53633
-1.03485
0.0703871
-0.571865
-2.23602
0.400553
0.299143
-1.45325
-0.390126
-0.637739
-0.451284
-0.626401
0.666052
0.960026
-2.41002
2.03896
-1.54187
0.816938
-3.01943
2.60232
0.587465
-2.45285
-3.2099
-3.92151
0.305336
0.666362
1.58628
-1.1298
0.112843
-0.569324
-2.1339
0.0694291
0.478184
-1.37974
-0.618084
-0.514757
-0.941487
-0.1105
0.0557092
-0.321195
1.95163
-1.39906
1.98404
-0.698195
5
-4.55645
-1.24411
4.43724
0.984402
-4.17267
0.306049
0.665959
1.54605
-1.03189
0
-0.514162
-2.10648
0.0963599
0.464068
-1.51945
-0.331024
-0.391774
-0.968736
0.0335994
-0.222934
-0.505966
0.784385
0.745955
0.0909863
0.295282
0.215697
0.0667023
0.659153
-0.141997
0.703259
-0.217042
-99.8903
-43.0894
3.23725
87.7627
-13.1523
13.6359
45.0022
46.5783
-51.0692
-46.7478
-99.9783
-72.3652
19.9848
70.2728
43.3183
0.000650047
52.2995
43.923
-50.8656
-33.7631
-99.0131
-12.2213
7.0753
29.7551
-4.13249
21.3289
19.9786
48.0365
57.8885
19.0086
-17.2279
-40.2258
9.75059
79.2192
51.5277
0.0121875
52.6142
39.5998
47
32.1546
-96.1387
-23.1649
-2.45598
43.7875
1.04497
8.57739
47.4829
8.52876
-56.8008
-34.4646
-6.63886
-22.4201
4.05742
15.9002
32.982
-7.54024
14.7781
43.8786
34.0084
1.96074
-63.9236
-26.9353
-3.82501
14.4084
2.7225
2.11522
33.8706
9.49576
40.637
34.5724
-15.5608
-6.16676
8.24489
8.54379
3.41298
-1.62595
40.6163
34.5619
11.9645
1.19874
-9.0705
212.192
-9.0705
137.577
-68.2997
260.732
-99.3085
218.148
-77.579
230.112
0
0
-5.26687
312.226
3.19146
250.206
-28.4187
224.129
-81.8843
234.94
-7.78784
148.296
0
0
15.2398
193.337
22.7195
129.915
-9.8461
203.465
-42.9626
188.865
-6.50513
188.893
0
0
13.7487
87.9719
13.2847
33.2837
-22.3285
123.836
-50.556
111.811
-14.2051
145.87
0
0
-24.6727
165.369
-15.8827
153.993
2.96066
80.1998
-38.7234
102.619
-18.1908
101.374
0
0
-18.4891
82.705
-9.40029
106.144
14.7738
29.2117
-19.3426
59.2232
-2.06314
61.1285
0
0
-5.412
96.3456
-2.50434
125.492
21.1983
3.50636
-19.1813
46.1236
4.95181
16.2015
0
0
15.0111
101.483
19.3376
76.9076
-29.2789
108.309
-36.0738
84.3268
27.1906
182.53
0
0
