0.901815
4.41008
0.65594
0.540911
-0.165591
0.300499
-0.675819
-1.2394
1.03239
-0.333904
0.3153
-0.1676
-0.409489
-0.905195
0.467294
-0.334431
0.228307
0.0979716
1.12754
-1.45382
-0.811819
2.57838
-1.99487
0.140511
2.03891
3.26671
-4.39998
4.43319
0.612855
0.430004
-0.152969
0.617426
-0.863115
-1.23707
1.33019
-0.590904
0.339299
0
-0.359208
-0.894712
0.322976
-0.122939
-0.910261
-0.207603
5
2.30161
3.99665
-2.72665
-4.4266
2.02876
5
-0.872591
5
4.34809
0.598112
0.38126
-0.425702
1.05243
-1.00799
-1.33191
1.26349
-0.312849
0.600651
-0.0147902
-0.86084
-0.27091
-0.660593
-0.047495
1.75718
-2.70665
1.84695
-1.90668
-1.61294
-0.50064
3.59308
4.97364
-0.337948
-3.9257
2.59746
4.17913
0.613922
0.607635
-1.06986
1.27683
-0.814615
-1.54638
0.730686
0.16826
1.047
-0.056687
-1.36685
0
-1.77294
0.128912
5.2927
-5
-5
4.9967
-4.9982
-4.23165
-1.56692
6.51011e-14
-0.55164
-4.14384
-3.00874
3.89354
0.627029
0.833231
-1.71401
1.05569
-0.174907
-1.59283
0.185478
0.367357
1.047
-0.00708829
-1.81942
-0.369448
-0.61606
0.0848324
1.64649
-0.611439
-0.365794
2.27043
0.346041
-4.98219
4.28227
-0.597534
0.384822
2.78074
-3.87283
4.07358
0.579346
0.798325
-1.56869
1.48208
-0.711715
-1.54826
0.0169384
0.733
0.970028
-6.71578e-05
-1.17527
-0.799261
0.101645
0.0160481
-0.655562
2.05784
4.73235
-4.96036
0.699963
1.66013
2.77564
0.611902
0.0544936
5
-2.88888
4.08564
0.584394
0.890326
-1.62438
1.45985
-0.725795
-1.72817
0.230869
0.606979
1.03753
-0.146278
-1.008
-1.17295
-0.372828
0.0678691
1.23454
-0.441966
-0.17522
4.99448
-2.00457
3.35367
-2.82259
-0.49377
-1.13517
1.2981
-3.20297
4.08333
0.582647
0.890036
-1.63288
1.46783
-0.72498
-1.72954
0.225241
0.614263
0.973916
-0.292489
-1.01591
-1.16791
-0.00281936
-0.0146548
-0.0322372
-0.00318319
0.0649243
-0.0586951
0.0229105
-0.0428005
0.105511
0.0294766
-0.027946
-0.0647236
0.101983
-49.2141
25.5076
4.39615
90.0429
4.65973
-1.48816
-0.706731
23.2135
-51.4865
-12.6963
-21.8161
-54.9002
23.206
83.5285
45.5447
20.2451
47.5042
7.70134
-35.918
-25.2516
-75.1226
-19.196
-5.47121
3.74193
2.51968
3.73687
-20.4643
-3.95093
-49.4941
-36.8742
8.10336
-55.2782
26.3737
53.0725
10.2592
-4.0152
-36.9871
-24.1241
-10.5211
-18.3213
5.45516
54.5971
-4.80339
72.6924
58.0162
20.7303
-31.9053
-17.4456
43.7866
24.8136
-11.1567
-74.7352
14.876
35.9102
20.6379
-11.6109
6.94627
-1.47048
-34.2754
-23.0615
-50.4721
13.8473
-0.503637
29.6323
15.0026
4.7233
-23.0599
-8.65194
-1.48319
-0.29779
49.0106
-30.4831
12.7776
44.7919
18.2719
-2.90995
17.2247
6.07016
-14.1975
-4.902
-28.1161
113.939
-28.1161
59.6326
-58.7396
225.771
-74.8135
155.809
0
0
-148.401
51.9405
26.7235
228.121
26.7301
163.483
-44.0928
183.836
-73.4808
154.121
0
0
-34.8212
12.0922
10.3462
209.81
10.2874
162.234
-27.8085
125.337
-47.452
95.7915
0
0
-51.0788
17.8278
15.5655
186.639
15.8949
164.649
-13.5861
92.8525
-34.7549
81.1443
0
0
-48.6124
17.0088
10.9438
176.611
10.9152
182.895
7.05063
62.9267
-22.0311
80.6352
0
0
-36.7371
12.8527
-2.42845
186.702
-2.35416
193
-12.6181
74.133
-38.7372
97.2194
0
0
-0.00699384
0.00225408
44.1774
137.474
44.1338
167.322
-8.32213
45.8069
-37.1008
83.9728
0
0
-1.03168
0.361082
39.7418
164.045
46.9582
162.019
-24.888
108.069
-28.7728
108.562
0
0
-33.0446
11.5656
