1.10079
0.5342
0.449806
1.12253
-0.127401
0.0147902
-1.00992
-2.35617
1.96312
-0.729482
-0.825103
-0.358699
0.811799
-0.000500444
0.760369
-1.1934
-1.93424
3.82048
0.581627
-2.46787
0.659121
4.97913
-3.70401
4.81196
-3.74277
3.71628
3.246
0.563741
0.39981
1.01631
0.0685176
0.0141924
-1.09902
-2.29776
2.16878
-0.902463
-0.724805
-0.345528
0.538213
-0.161195
-0.582776
0.792296
1.91531
-2.93413
-1.84082
1.89872
0.212872
-3.32795
-2.99178
-4.2545
4.39422
-3.59836
-1.69419
0.456687
0.548724
1.29241
-0.490121
0.0131968
-0.815484
-2.3562
1.45581
-0.466085
-1.26228
-0.0437714
0.212705
-0.438066
-1.11787
0.959278
1.69283
-3.95281
2.27874
-1.03758
-1.79033
-4.6345
5
3.74989
-4.12733
-3.03281
-1.94838
0.345946
0.641491
1.52214
-0.952087
0.032245
-0.602301
-2.35555
0.717056
0.11635
-1.28195
-0.575959
0.171211
-0.758384
-0.468796
0.110188
1.37506
-1.45666
-0.180908
3.16829
1.39289
-4.99429
-4.91437
-0.174988
4.53996
0.92357
-2.06183
0.307774
0.661845
1.59733
-1.17372
0.192003
-0.615612
-2.24279
0.264702
0.380755
-1.3249
-0.717519
0.237295
-1.08505
-0.101452
0.141319
0.412888
-1.41953
3.14575
-0.362165
-0.185116
-2.73394
5
-0.636028
-2.84494
-0.491505
-2.11047
0.305618
0.650811
1.53338
-1.21625
0.416181
-0.733309
-2.26779
0.419624
0.314788
-1.42772
-0.457725
0.138596
-1.48416
0.429136
-0.0776113
-3.16358
4.52226
-4.59685
-5
1.30715
5
-2.72111
-1.80803
1.96327
-0.804771
-3.02829
0.317887
0.641801
1.48297
-1.15821
0.448656
-0.773419
-2.29473
0.593454
0.2183
-1.65276
0
0.06889
-1.99541
-0.277484
-0.0372779
0.315557
-3.65101
3.09929
5
-0.172171
-1.77182
1.65325
-1.43554
3.03307
-0.321964
-4.88066
0.313572
0.639786
1.5058
-1.2079
0.493928
-0.791825
-2.32591
0.594721
0.225394
-1.41253
-0.420423
0.0437728
-2.13323
-0.01136
0.042259
-0.262196
0.523717
-1.17522
-1.06173
-1.0673
2.16865
-0.753556
2.24308
-3.08974
0.185403
-0.31722
-42.354
-29.5617
95.3689
79.6842
46.3255
-53.1762
-54.7044
40.6078
-53.0212
-33.21
-76.8001
18.9873
34.1132
76.5289
-1.55176
91.3921
57.8248
4.15042
-13.0398
-26.8923
-48.8504
-85.5767
-38.9433
83.215
66.4044
-33.3509
31.6908
44.7035
55.5486
39.7523
-6.21289
38.9566
13.8777
-88.7696
-72.4344
16.81
-21.1311
-17.1549
8.28715
-6.2137
12.3571
-23.657
9.53235
71.2088
86.2279
-3.13531
36.5132
45.4669
-20.7627
-8.42686
-66.263
-7.35963
14.9018
17.6183
-18.1082
24.2795
47.2446
46.2805
-2.53822
-20.1212
-94.1481
-48.8866
18.6724
64.7813
51.4304
-8.37124
12.7537
-7.55637
50.2424
39.8186
3.7973
-3.73534
15.146
44.2773
11.3368
22.0404
32.7775
26.5923
8.49908
-3.29392
144.21
850.002
137.035
25.105
183.084
5.85133
-185.767
17.5328
-1.49876
4.6689
0
0
-79.2477
205.069
-13.2742
117.492
-281.511
675.92
-72.1274
334.476
-75.709
216.311
0
0
-11.7377
6.15836
35.8264
128.058
68.5281
3.06226
-68.9819
2.69567
2.18966
7.26884
0
0
-13.4262
16.2069
85.416
277.932
45.8441
12.4134
-46.9704
3.9981
-0.719526
0.155226
0
-1.55703e-14
51.8837
275.431
47.6345
7.6122
6.69888
103.828
-43.4152
0.830943
-126.362
361.035
0
0
10.2075
39.5082
-43.4776
65.0244
66.5944
185.427
-131.815
0.883666
0.0825174
0
0
0
1024.47
343.577
-1158.89
40.4898
110.064
150.755
-162.833
-8.98318e-22
0.437172
1.06581e-14
0
0
6.16261
115.322
48.4875
48.3042
187.155
264.714
-279.85
16.4102
30.3311
109.395
0
0
