3.4218
0.5342
0.449806
1.12253
-0.127401
0.0147902
-1.00992
-2.35617
1.96312
-0.729482
-0.825103
-0.358699
0.811799
-0.000500444
0.760369
-1.1934
-1.93424
3.82048
0.581627
-2.46787
0.659121
4.97913
-3.70401
4.81196
-3.74277
3.71628
3.246
0.596698
0.244748
0.182746
0.733
0.70621
-1.3
-1.76854
2.61607
-0.85732
-0.583679
-0.0255739
0.947659
-0.0119213
-0.101225
-0.16446
-5.68014
0.969454
4.36427
4.96044
2.66122
-1.21889
3.57644
-4.08241
2.13305
-0.527988
-0.17849
0.105871
0.345761
-1.81304
0.733
2.36506
-1.28301
0.179364
1.00171
0.629979
-1.81214
-2.391
-0.134327
-0.204547
-1.10892
1.0814
-0.574718
-1.59049
1.77594
-3.80281
4.54006
-3.66701
-2.59479
4.99698
-4.90859
-4.52254
-2.70181
0.0722841
0.325309
-1.68679
0.733
2.37721
-1.29575
0.0918031
0.8376
0.725531
0.533653
-0.0311025
-1.92715
-0.0157486
0.105334
-0.0648815
0.263319
4.5329
-0.0805774
-0.0231755
-0.236507
2.27797
4.81861
0.231279
4.92266
0.715916
4.96679
0.0846356
0.347487
-1.54354
0.70862
2.27
-1.29024
-0.0253388
0.854658
0.714218
0.501647
-0.0021571
-0.695722
-0.440701
-0.276313
0.449907
5.98007
-4.96792
-1.65329
0.964713
-3.72568
-3.9065
-4.65263
-4.54785
-1.78826
4.00437
-2.21008
0.170584
0.557767
1.37837
-1.70623
1.42092
-1.09089
-2.30315
0.287265
0.637519
-1.70389
-0.115924
0.871167
-1.92273
0.183604
0.372002
3.59916
-0.130755
-3.05437
0.384197
-4.80125
-0.356579
2.16844
-4.46426
0.0303754
3.08036
-4.33879
0.300602
0.623247
1.449
-1.26749
0.722075
-0.903581
-2.33868
0.670823
0.218866
-1.54831
-0.154015
0.919156
-1.52551
0.744956
-0.0914724
-0.420007
3.63137
-1.34842
-4.30781
0.225114
5
-1.17506
1.47411
4.2441
-3.73247
3.96732
0.584304
0.358367
0.903248
0.202011
0.110187
-1.20129
-2.2275
2.30568
-0.960451
-0.813051
-0.0648476
0.629782
-0.938572
0.271753
-0.570429
-1.42499
2.36863
-0.504067
-0.306302
0.717734
2.08335
-2.57171
1.63488
-0.322387
1.93813
0.213849
39.988
45.7275
43.9816
9.36477
56.0014
-8.6736
14.5373
49.7972
35.615
12.1834
-97.3807
-45.1048
36.8907
47.364
-49.3341
19.8918
-0.139442
-11.4252
-50.3947
-33.7321
-57.6078
-62.9541
-25.6325
3.56281
64.1172
-13.6753
38.0358
38.7727
56.5896
31.1042
-39.1102
-50.4938
27.3481
-65.9427
-91.8406
-11.582
-29.8185
-15.8559
9.23893
7.18919
-88.0366
-85.0739
-14.5565
8.47507
37.057
-45.3714
20.7397
21.5478
24.7321
0.946976
-2.66266
-2.86382
12.9232
-17.683
-55.8927
-8.56564
37.5921
33.4914
-27.656
-10.7122
-89.126
-39.6047
13.0758
82.6614
58.2469
-51.8925
54.1467
37.2109
21.4992
6.00898
1.83632
-2.85467
2.48892
-9.82599
-70.6122
14.2856
36.0845
24.3479
15.1505
3.935
83.499
240.072
20.7051
57.8263
-107.724
123.895
-55.2317
349.136
-90.4255
258.323
0
0
65.6929
449.123
154.051
183.763
-259.692
115.604
195.444
83.052
-2.10897
42.3314
0
0
2728.45
45.4216
-2834.15
287.292
231.016
2.70286
-222.877
0.163694
1.85783
5.30549
0
0
-91.4659
472.251
310.721
402.949
77.009
-2.65862e-12
-69.9943
7.39351
17.917
44.4803
0
0
149.051
234.615
-71.3982
479.717
430.305
27.5702
-464.646
74.8352
11.9365
32.828
0
0
1930.27
121.643
-1918.07
24.6122
231.136
56.6135
-201.63
35.6148
-60.2379
176.979
0
0
-8.5823
210.508
-75.5597
37.2993
350.757
28.9681
-444.089
237.883
-13.1794
32.9792
0
0
375.767
21.7965
-360.778
28.1549
39.1796
231.339
-135.695
44.4057
57.5009
209.045
0
0
