0.783542
4.29167
0.710959
0.610959
-0.427783
0.27558
-0.458756
-0.959309
2.37753e-13
0.34835
-0.740074
-0.697101
-0.634012
-0.326812
-0.0882911
-0.0320638
-0.598618
-0.168582
1.30556
-0.538364
1.95411
-3
1.64451
-1.70359
3
2.21838
2.3355
4.28563
0.708318
0.585383
-0.452513
0.36088
-0.49375
-0.961365
0.0325376
0.343445
-0.82693
-0.552589
-0.422887
-0.102734
-0.0829899
-0.0234393
-0.403307
-0.220279
1.00981
-0.312638
1.62082
-2.6642
1.3634
-1.58215
2.6642
1.88603
2.00185
4.27702
0.705019
0.557813
-0.480908
0.450056
-0.52641
-0.931916
0.00491958
0.364351
-0.936328
-0.38067
-0.232035
-0.330523
-0.0781728
-0.0364957
-0.24629
-0.253645
0.796576
-0.291685
1.29795
-2.32839
1.18375
-1.45963
2.32839
1.55022
1.66732
4.26936
0.702249
0.549663
-0.511749
0.507932
-0.548182
-0.954811
0.0398823
0.365266
-1.05578
-0.201211
-0.0957079
-0.208484
-0.0719981
-0.0193005
-0.0727675
-0.275372
0.508297
-0.194488
0.965515
-1.99259
1.05199
-1.33204
1.99259
1.21787
1.33152
4.26402
0.700191
0.550524
-0.542576
0.552957
-0.560914
-0.948232
0.00739678
0.390312
-1.18129
-0.0157938
0.00328383
-0.0967999
-0.0379386
-0.0139775
0.0142594
-0.201956
0.271485
-0.083788
0.752925
-1.65679
0.885238
-1.13058
1.65679
0.884308
0.997692
4.25976
0.69841
0.552504
-0.565221
0.583399
-0.572906
-0.95361
0
0.401105
-1.14983
-0.0778434
0.0993834
-0.0226753
-0.0305909
-0.0125991
-0.0159646
-0.136212
0.221095
-0.0689182
0.648841
-1.36714
0.731796
-0.886031
1.32446
0.553891
0.662875
4.25798
0.696642
0.550722
-0.577967
0.607895
-0.58065
-0.963861
0
0.466112
-1.15069
-0.0810925
0.161392
-4.83622e-14
-0.0158028
-0.00693312
-0.0172608
-0.0610388
0.113755
-0.0354557
0.54484
-1.10826
0.580677
-0.649608
0.992133
0.220375
0.328699
4.25843
0.695922
0.548791
-0.577983
0.613816
-0.584623
-0.968225
1.93705e-24
0.519932
-1.20117
0
0.166813
0
0.00403165
0.00179777
-0.00201567
0.0215099
-0.0280014
0.00850717
0.496339
-0.975063
0.48074
-0.458128
0.724437
0.0483236
0.161071
13.68
8.9367
29.0936
78.528
52.8494
22.9543
-27.3675
-14.6851
-5.97721
-4.9168
46.8564
24.4564
47.0606
28.3693
24.0439
15.9533
-35.2656
-19.487
-3.90537
-3.24751
57.2788
25.0375
42.862
25.0554
24.2237
19.0076
-35.4249
-19.6066
-0.991558
-3.34626
23.8472
-1.94813
35.5309
39.6144
30.399
17.2025
-30.4725
-16.3348
0.570328
-2.02085
46.5407
11.0716
37.2644
26.2903
25.0622
19.0665
-29.551
-16.2944
2.23069
-1.5741
34.3045
6.88113
23.5393
40.1548
26.2045
7.26373
-24.6382
-13.1548
4.50486
-0.473396
49.3507
13.3913
32.8894
23.8303
21.5727
14.0501
-9.9815
-3.96686
5.01605
-0.123612
43.5362
1.03817
25.6386
16.2994
13.2581
6.06194
-42.6492
-24.1871
11.6398
3.98735
19.1055
229.189
35.5008
49.1995
-12.7253
238.462
8.52521
63.3073
-50.565
16.4193
0
0
59.0195
328.383
50.439
47.545
-4.50323
144.427
-11.6502
1.69867
-56.6505
9.19325
0
0
54.8931
289.744
63.4356
48.3386
-20.3607
209.72
-39.1744
13.1391
-57.1421
11.1772
0
0
38.3337
294.374
51.7315
102.245
-10.332
139.473
10.323
0
-47.1988
13.0938
0
0
53.7433
274.065
55.3258
77.0644
-46.3085
192.064
-2.49022
0.0426164
-47.7936
17.3885
0
0
39.9912
180.332
42.7423
71.3524
-2.55047
182.073
-44.7522
104.637
-36.7446
14.3954
0
0
37.2379
231.19
64.7039
60.0728
-10.3449
220.125
-69.3845
43.4108
-0.309048
0.0357635
0
0
68.7351
215.734
53.525
133.58
-48.0352
133.838
6.84324
40.3811
-81.5074
31.6133
0
0
