1.12501
4.41008
0.65594
0.540911
-0.165591
0.300499
-0.675819
-1.2394
1.03239
-0.333904
0.3153
-0.1676
-0.409489
-0.905195
0.467294
-0.334431
0.228307
0.0979716
1.12754
-1.45382
-0.811819
2.57838
-1.99487
0.140511
2.03891
3.26671
-4.39998
4.4269
0.61713
0.439319
-0.182566
0.650357
-0.907111
-1.25123
1.34019
-0.654511
0.337882
0
-0.378024
-0.879967
-0.336901
-0.0609648
-0.603741
-0.537818
2.89902
-0.45751
-0.128397
-1.55425
-2.25279
0.310442
4.89686
-0.641014
0.776687
4.31018
0.603561
0.502765
-0.65203
1.12785
-0.978587
-1.47249
1.17421
-0.204487
0.500517
-0.684918
-0.686843
-0.717905
-1.38473
-0.144729
0.441954
-4.97213
3.97523
-1.95333
-1.55239
0.321856
3.53339
5
-4.54882
-2.04969
1.91562
4.088
0.57996
0.695333
-1.43511
1.49302
-0.751162
-1.60795
0.376593
0.536024
1.047
-0.657921
-1.38279
-0.294203
-2.30018
-0.628265
1.78459
-2.85672
-4.0693
3.01742
0.714759
-5
4.72832
-5
1.47768
-5
4.15267
3.71729
0.57023
0.74923
-2.13131
1.41449
-0.494342
-1.5605
0.0731468
0.701783
1.047
-1.00449
-1.88113
-0.00635887
-1.18613
-0.0423422
-0.132192
-4.95437
2.88995
-4.79702
-3.68707
0.73699
-3.41277
1.81901e-10
-1.9464
-2.39982
-0.690878
4.03281
0.535104
0.718305
-1.67638
1.66918
-0.705663
-1.6635
0.222333
0.722866
1.047
-0.732876
-1.55831
-0.215456
2.03452
0.469898
-7.70424
5
1.91934
4.02984
5
-0.916436
5
4.99231
3.28785
4.95813
-2.01509
3.97829
0.512755
0.774074
-1.88709
1.70285
-0.575742
-1.68779
-8.62306e-15
0.733
0.911797
-0.322281
-1.61254
-0.33492
-0.345631
-0.156602
1.12011
-5
0.205901
0.652279
-2.11511
-5
-5
-4.24143
-3.67136
-4.92381
4.45657
3.92393
0.490315
0.771509
-2.03043
1.72722
-0.468298
-2.03857
0.817828
0.449231
0.261625
-0.732859
-1.80507
-0.0927858
-0.0258916
-1.61592
-0.179707
-0.0972403
-2.04226
-0.111743
-3.70886
5
0.531236
-4.24107
-2.45938
5
-2.84074
91.3924
42.2645
13.2272
77.933
-50.3634
-56.4906
-16.6651
42.4436
-34.3911
-8.6994
-74.3008
-39.4179
-14.1379
94.2028
27.5228
-15.9978
30.3369
-33.8763
-50.5754
-42.8655
22.3089
7.85875
11.1134
97.3293
10.9927
-10.0428
-30.2853
12.2755
-59.6179
-28.6805
-33.2484
-44.4363
-16.5502
28.3227
2.26151
-31.1644
-52.7467
-48.7391
-59.7855
-44.2098
96.5958
6.05909
-96.6174
-67.8876
-14.5307
-5.69836
55.209
39.8719
37.0321
17.0143
12.2164
-30.6217
-0.359918
51.2425
23.9244
11.6867
-53.8206
-32.3789
-43.2059
-35.2083
-92.828
-40.6714
-18.4998
-95.5585
-82.4337
-65.5423
-56.1989
-35.4189
-60
-22.5447
92.68
14.5016
15.8516
98.9253
86.3743
37.1644
59.0164
35.3163
23.5248
-25.5245
-124.199
9.26716
139.921
49.5984
14.3659
51.5928
-234.613
577.684
0
0
-128.433
44.9515
34.0219
40.9618
13.0831
93.6237
-64.6327
276.472
-237.164
585.804
0
0
-6.9344
21.1129
-11.5525
51.0973
-7.07891
22.1935
93.455
21.6174
-145.007
125.673
0
0
-204.081
71.4284
-15.5518
7.00523
-16.0679
86.9726
-54.7993
1.06338
-59.0485
324.216
0
0
-3.87124
-16.9304
3748.06
391.229
-3315.08
845.861
36.2656
36.9181
0.503285
68.1361
0
0
0
3.45247
-15.7315
27.2998
-7.96142
84.4445
5.81286
4.59877
-12.0339
2.16993
0
0
-42.0386
-14.7143
1205.33
82.4014
-1277.25
123.081
410.593
1.62899
-410.815
1.28271
0
0
-212.68
-75.3411
2.70188
25.6816
15.5341
22.1523
0
0
0
0
0
0
4.98129e-16
-2.00348
