1.08981
0.5342
0.449806
1.12253
-0.127401
0.0147902
-1.00992
-2.35617
1.96312
-0.729482
-0.825103
-0.358699
0.811799
-0.000500444
0.760369
-1.1934
-1.93424
3.82048
0.581627
-2.46787
0.659121
4.97913
-3.70401
4.81196
-3.74277
3.71628
3.246
0.58484
0.367537
0.906724
0.190281
0.105342
-1.20235
-2.27546
2.30254
-0.9338
-0.527276
-0.571233
0.469391
-0.0594933
-0.14984
-0.59676
0.430874
0.418721
0.498054
5
0.485989
2.07225
-2.48823
1.92163
-1.64978
-1.69597
-0.726923
0.55178
0.426417
0.958036
-0.00902791
0.195893
-1.1449
-2.31911
2.09429
-0.657321
-0.682918
-0.756036
-0.309043
-0.73175
-1.25782
0.0849153
4.74189
-4.50925
0.442122
-1.02371
-2.25929
-4.85208
3.4046
-1.79933
-1.8588
-4.67779
-4.46043
0.432038
0.586624
1.28904
-0.690891
0.284576
-0.887396
-2.33766
1.34496
-0.296274
-0.83856
-0.765248
-1.08748
-0.634667
-0.655606
0.0454973
2.48064
-2.07708
-1.62464
1.92382
-0.257146
-1.62625
-3.55955
-3.45079
2.35684
-5
3.58169
0.359334
0.655198
1.51813
-0.932257
0
-0.629892
-2.3562
0.781246
0.0454775
-1.31214
-0.499315
-1.17342
-0.122392
0.318209
-0.421174
-1.22838
2.53709
-0.705934
2.08357
-0.0117952
3.1583
1.9613
0.822202
1.28268
-0.455902
5
0.423005
0.597653
1.28896
-0.570143
0
-0.728551
-2.33416
1.3088
-0.263592
-1.19702
-0.249657
-1.25936
0
0.390572
-0.365397
-1.51918
2.51749
0.0490369
-3.75728
1.17133
3.1649
-5
0.0114487
1.53824
5
-2.21477
0.486675
0.511737
1.21296
-0.462822
0.264138
-1.01428
-2.34518
1.66962
-0.590024
-1.16704
0
-0.976604
-0.211331
-0.193102
-0.100705
-0.226738
-1.9021
3.57767
-1.6704
-0.163259
2.78264
0.643369
0.480046
1.15978
1.56351
0.553581
0.461968
0.508691
1.13696
-0.637055
0.800093
-1.3
-2.3562
1.68455
-0.459794
-1.10731
-0.0924586
-0.163197
-0.504946
-0.416295
-0.406216
-0.401041
-1.92958
2.5784
5
-1.43471
-1.36862
5
-0.297144
-2.47638
5
-5
-47.9751
-18.6426
15.5699
87.8311
48.803
-10.0334
27.7013
50
-13.7762
-33.2356
-100
-57.2197
2.52248
1.06281
-24.767
20.1821
60
34.7997
-44.5282
-16.3325
-88.9795
-49.9476
0.970053
44.734
23.4331
-15.1169
24.5785
50
45.5238
2.30468
-32.5012
-9.87483
12.0075
37.8265
17.5493
21.2054
60
35.1038
13.6639
39.652
-23.4815
-12.1409
0.643623
27.3055
28.8291
-6.33025
29.8645
30.9227
38.9068
-14.5036
-88.9851
-46.4814
-0.80689
55.9959
0.510103
7.51303
33.9277
29.5516
-1.43494
14.5199
-68.61
-28.6209
2.54663
25.676
33.1936
3.00137
60
45.5363
9.22155
-9.66397
-27.5525
-23.6081
7.54248
35.2406
-16.4391
8.54497
9.95285
9.73961
10.8734
1.24141
12.2602
143.001
12.2602
111.884
-38.4863
145.137
-54.9276
121.76
-27.1464
175.24
0
0
-21.7008
224.378
-18.3702
194.595
-32.0707
128.394
-62.6215
142.158
-17.2913
138.861
0
0
1.40407
175.069
4.09765
151.494
-17.7286
112.814
-38.5826
120.858
-0.548332
129.841
0
0
17.3822
100.689
17.8704
92.0235
6.17581
91.3459
-15.9257
94.4645
-19.2378
125.02
0
0
-1.4203
114.491
5.01372
100.699
-15.5614
80.88
-38.2113
73.424
-6.21362
112.762
0
0
-3.95818
130.159
0.941992
132.655
-26.3872
97.7331
-44.5214
105.018
-54.5481
155.853
0
-1.99736e-14
-31.6241
107.576
-28.6424
85.4373
-37.0953
120.172
-54.0233
140.117
-37.5995
136.338
0
0
5.94341
85.7318
5.93361
43.7008
14.6132
132.417
4.1423
93.1683
8.37017
217.624
0
0
