0.49199
4.41008
0.65594
0.540911
-0.165591
0.300499
-0.675819
-1.2394
1.03239
-0.333904
0.3153
-0.1676
-0.409489
-0.905195
0.467294
-0.334431
0.228307
0.0979716
1.12754
-1.45382
-0.811819
2.57838
-1.99487
0.140511
2.03891
3.26671
-4.39998
4.35894
0.662377
0.536177
-0.377589
0.582658
-0.741247
-1.30528
1.03174
-0.386935
0.425818
-0.0242965
-0.637047
-0.658558
0.150465
-0.422515
0.339735
-2.99702
5
0.666834
-0.897592
-0.280865
4.01426
1.54075
1.18919
-3.05812
4.47993
4.28449
0.652617
0.54887
-0.663661
0.918982
-0.804191
-1.37116
0.850557
-0.028235
0.536337
-0.166043
-0.893341
-0.438315
-0.234805
-0.391868
0.948046
-4.9228
4.28227
-0.751706
-1.53166
-2.59304
5
2.61097
-0.769166
-3.506
2.87947
4.18693
0.634632
0.613679
-1.02248
1.1968
-0.788003
-1.49278
0.650356
0.228786
0.74018
-0.202077
-1.14964
-0.314126
-0.526259
-0.540991
1.05637
-5
2.7715
1.67578
-1.48747
-2.93305
2.39543
1.97828
-0.536211
-5
4.93185
4.06441
0.609938
0.658128
-1.38129
1.37075
-0.647592
-1.61158
0.450155
0.39213
0.89032
-0.23811
-1.53281
-0.0733642
-0.62084
-0.818443
0.67501
-4.15374
2.42461
3.08852
-1.68014
-3.30541
5
1.71979
-0.513086
-2.34248
1.0284
4.02255
0.538485
0.702577
-1.67099
1.65485
-0.686439
-1.65736
0.225078
0.733
0.96866
-0.274143
-1.6871
0
-0.7537
-1.02847
0.418375
-5
3.8274
-5
-1.88349
-3.29794
0.85925
1.1253
-0.489861
-2.3693
-0.197073
3.97301
0.464584
0.732452
-1.98138
1.88863
-0.639699
-1.66049
0
0.733
1.047
-0.310177
-1.84139
-1.06354e-11
-0.678051
-1.23571
-0.444624
-4.41429
3.21645
1.00303
-0.145848
-5
-1.03
-0.639177
2.25612
-2.30703
0.105529
3.93144
0.378812
0.563967
-2.14478
2.12241
-0.54159
-1.66362
0.080499
0.733
0.951864
0
-1.69993
0
-0.148899
-1.55272
-2.31985
0.12214
1.52729
5
-0.134316
0.659395
0.929744
-0.895675
5
3.87475
-5
-9.04478
14.9052
13.6421
34.9172
5.75128
9.96296
10.3451
5.53037
-60
11.2164
1.16537
4.21804
12.4799
65.4614
20.9115
9.80739
15.1138
-0.392759
-60
-45.3315
-22.6904
-18.7159
6.49697
68.7196
19.5681
5.00487
-6.75762
-4.20717
-60
-40.0982
-4.63258
-4.82233
7.37015
81.4721
37.1465
3.03665
-3.1275
-1.96012
-50.8416
-25.6849
7.78075
1.14492
6.14275
60.369
30.4661
13.7681
-12.9955
-10.5843
-34.265
-50
-6.33815
0.596691
-1.22617
88.5298
40.1038
-7.8625
-14.324
-7.66432
-50.7887
-12.4495
-10.0668
-11.5258
22.3502
73.1356
35.3052
14.7252
-16.9075
-1.9981
1.43179
-22.4248
8.70443
-19.3
-11.6099
27.0712
49.2649
5.13909
6.38928
2.82067
19.9575
1.24474
16.9645
52.5369
11.353
26.5782
-26.9767
123.585
-51.6779
96.5369
0
0
-71.6232
31.35
40.4157
137.686
41.6209
99.014
-59.2831
198.545
-69.9192
175.485
0
0
-75.589
31.2559
31.979
113.78
30.2136
63.4296
-41.4077
172.786
-76.5355
156.191
0
0
-92.6526
33.8787
-31.246
64.6029
-33.7878
26.0413
-38.358
118.664
-41.987
110.886
0
0
-98.1566
34.2793
17.8637
80.5637
21.4775
34.7792
-51.0472
153.256
-48.8249
130.597
0
0
-72.1598
26.1858
30.2383
93.7218
20.3692
51.0829
-38.2513
130.365
-49.271
119.769
0
0
-44.8795
19.7294
387.324
97.3878
-450.83
75.3474
-37.6293
110.518
-39.7605
110.595
0
0
-43.7952
19.7612
-38.3668
113.809
-35.2932
96.6483
0
0
0
0
0
0
-73.6397
26.666
