0.969401
0.5342
0.449806
1.12253
-0.127401
0.0147902
-1.00992
-2.35617
1.96312
-0.729482
-0.825103
-0.358699
0.811799
-0.000500444
0.760369
-1.1934
-1.93424
3.82048
0.581627
-2.46787
0.659121
4.97913
-3.70401
4.81196
-3.74277
3.71628
3.246
0.59969
0.31934
0.936829
0.24299
0.0953373
-1.27516
-2.26489
2.48233
-1.24244
-0.317829
-0.811251
1.047
0
-0.279997
0.0212351
0.669138
1.15853
-5
-2.72436
-0.657182
-2.0741
-5
3.51084
-3.5973
0.441975
-5
0.555851
0.419536
1.08795
-0.028184
0
-1.05976
-2.3562
2.09901
-0.830744
-0.658801
-0.526379
0.36403
-0.692429
-0.943225
1.0928
1.65153
-4.00497
-0.686008
1.28909
-0.156536
-5
5
-2.34266
2.23204
-4.91754
-1.99275
0.449898
0.556538
1.31434
-0.521319
-5.58977e-16
-0.793016
-2.3562
1.40658
-0.460427
-1.16171
-0.241507
-0.31894
-1.37372
-0.758248
0.965272
1.00199
-2.6984
-0.00442087
2.03961
0.302207
-1.22395
-5
-3.56231
0.823593
-0.704557
-5
0.345794
0.641588
1.47944
-0.893531
0
-0.585904
-2.31148
0.714155
0.117889
-1.48733
-0.190371
-0.50223
-1.43561
-0.629455
0.615903
1.2038
-2.70937
-0.00850692
-1.04954
1.18222
-5
5
-0.606944
-3.83001
-1.85767
-0.364682
0.287926
0.661372
1.5579
-1.26574
0.401552
-0.693704
-2.15916
0.122047
0.479213
-1.48298
-0.448493
-0.772606
-1.54203
-0.259881
0.153171
0.0948171
-3.76591
5
-1.82099
-0.138692
2.30126
0.881483
1.11491
-1.89704
-2.07543
5
0.25058
0.637086
1.57504
-1.52092
0.806903
-0.861019
-2.18328
0
0.608242
-1.39811
-0.706615
-0.554042
-1.491
-0.182842
-0.1914
0.073598
-0.689734
1.54826
-0.641844
0.508116
-0.645098
1.07044
0.746901
-0.55494
1.56988
1.48114
0.222079
0.61078
1.52283
-1.61626
1.05196
-0.958532
-2.21235
0.0449463
0.644573
-1.42994
-0.640833
-0.335477
-1.08553
-0.18918
-0.403684
-0.455811
-0.046198
0.758266
-0.687789
-0.174261
0.425324
-3.22954
-1.67229
1.82948
0.893505
4.06832
-23.25
4.3863
14.6642
7.22965
20.4543
-20.172
60
46.5935
-11.8809
-31.5866
-100
-73.3168
25.2555
49.5211
-34.9934
22.8616
30.8443
45.2233
-42.7117
-31.3576
-48.1285
27.9583
23.2828
55.1048
63.0636
-3.55938
-1.97885
25.1284
46.11
28.9217
-52.6342
-74.4188
-6.01591
27.581
-18.6337
7.86217
3.96745
-6.28989
21.9104
-9.44262
-55.5734
17.9405
8.19663
30.9139
43.2172
3.75287
38.9922
26.9886
18.0144
41.436
-52.0882
-58.5503
1.00411
31.1015
11.2409
2.04457
36.3135
31.9112
24.8152
-5.0601
-91.8194
-36.6744
-3.04971
24.6811
20.9532
4.52503
30.7015
32.9443
15.0052
13.7402
-49.9598
-47.3173
6.54876
54.0989
30.6056
2.84359
56.6104
46.8216
9.19124
0.583217
53.6512
188.606
53.6552
111.08
-59.8482
212.344
-86.1099
204.679
-70.4187
201.196
0
0
64.2054
386.056
64.1995
299.806
-69.2377
246.268
-105.257
252.288
-67.6831
193.38
0
0
58.0539
176.958
58.1696
154.803
-41.8418
161.74
-71.8243
163.02
-57.1825
163.378
0
0
-44.5179
137.637
-44.5179
116.752
28.8145
47.6384
2.66214
42.3775
-27.7908
79.4022
0
0
27.565
91.6462
28.2859
67.5486
15.4441
40.5624
-45.5532
45.4635
14.1076
40.3244
0
0
-42.7331
133.762
-42.7331
110.427
31.0722
46.0107
1.30365
46.562
-29.7241
84.9255
0
0
-38.8497
129.335
-39.0597
93.2637
23.883
38.8193
-0.240702
28.7301
-43.4884
124.253
0
0
-11.6544
135.277
-11.0142
79.0659
-0.671809
113.956
-22.8874
88.5546
47.5345
135.813
0
0
