1.77193
4.41008
0.65594
0.540911
-0.165591
0.300499
-0.675819
-1.2394
1.03239
-0.333904
0.3153
-0.1676
-0.409489
-0.905195
0.467294
-0.334431
0.228307
0.0979716
1.12754
-1.45382
-0.811819
2.57838
-1.99487
0.140511
2.03891
3.26671
-4.39998
4.46904
0.572524
0.598703
-0.28436
0.729485
-1.04383
-1.4449
1.56085
-0.838871
0.511871
-0.117336
0.0913741
-1.5996
-0.81584
0.120637
1.84984
-4.54336
4.47602
0.1998
-0.702879
-1.37251
-4.36845
0.893562
-0.670635
-2.36198
2.0144
4.29019
0.596355
0.597308
-0.810928
1.20212
-0.988505
-1.59804
1.15906
-0.158328
0.865434
-0.457454
-0.585327
-1.01118
-0.613494
0.0916782
-0.188432
4.99511
1.38351
0.769583
0.710365
-3.39925
4.15552
3.15659
-2.02984
-2.79807
4.71363
4.11476
0.600645
0.674889
-1.31062
1.37968
-0.743952
-1.52705
0.361467
0.490693
0.801196
-0.516725
-1.50497
0
-1.88784
-0.14139
4.23416
-2.15179
-4.20971
3.86341
-4.22352
0.517746
-4.33828
-2.67485
-0.232812
-4.92587
-0.124529
3.63684
0.561215
0.869502
-1.85563
0.425621
0.492603
-1.7758
0.249298
0.621892
1.047
-0.700691
-2.13136
-0.00150057
0.00641845
-0.289723
-0.577205
-3.47866
5
4.8856
1.15625
-1.31244
1.8994
0.982058
-1.3075
-0.0048064
-0.824639
4.02834
0.527072
0.717869
-1.70133
1.69129
-0.707823
-1.68278
0.23381
0.731104
0.956371
-0.370649
-1.65384
-0.0844588
1.54622
-0.135071
-4.08878
3.73019
3.15458
-4.74704
0.364877
1.66273
-1.42134
-1.61049
4.94875
4.16564
-0.176121
4.13084
0.492929
0.527695
-1.33515
1.8346
-1.02715
-1.86727
1.13766
0.201908
0.548841
-0.00264283
-1.46054
-0.0180053
0.404711
0.112867
-0.131112
0.964438
0.136039
0.999404
-1.76454
4.90688
-3.99578
0.803987
-1.92705
-0.0220449
0.287623
4.13115
0.496201
0.530677
-1.33189
1.82194
-1.02073
-1.85963
1.12566
0.203296
0.681635
-0.0680465
-1.46613
-0.0072949
-0.00534631
0.0033724
0.0212773
-0.0151776
-0.0513893
0.010324
0.0300108
-0.0855409
0.0565251
-0.0228688
0.000104527
-0.0315272
0.0075693
-97.5273
-14.6279
-3.03277
59.1509
35.3127
-2.54017
-53.6206
-0.000898478
-49.4168
-37.5289
40.2483
-14.0332
33.7657
92.1752
8.11144
12.926
50.3664
-6.68263
-49.2003
-22.3711
-37.0708
-5.66372
-11.375
9.99514
25.3568
-1.68173
-59.9289
-3.56141
-31.5812
-32.2523
-46.9689
-64.2703
9.73853
70.1824
10.6743
-5.18473
34.7058
-5.07648
-23.1339
-9.69805
58.9383
72.793
-5.04803
-18.7361
22.5319
6.37683
-54.738
-10.1678
38.2372
12.128
-26.0246
-94.6545
1.90098
16.5519
-9.78212
-15.7561
23.0583
0.053395
-16.5348
-4.44331
-91.6818
-9.39368
2.81403
70.9785
49.3512
3.84634
-22.1119
-6.4401
-28.4057
-29.4508
10.498
-59.6591
4.91501
55.9739
-2.55082
-7.5561
16.4438
5.52926
-25.3547
-11.9921
32.4708
135.981
32.2413
48.9107
-41.1478
168.526
-85.0465
207.593
0
0
-110.115
38.5402
-0.986746
238.797
-0.751332
176.305
-50.2095
201.318
-65.1491
197.787
0
0
-75.5809
23.5463
31.684
120.6
31.2862
153.017
-2.6791
98.4756
-68.7474
145.074
0
0
-86.4972
27.2044
12.8378
124.068
8.08012
173.823
41.8722
18.5405
-55.3099
33.4956
0
0
-0.350319
0.0442832
76.8089
171.494
76.8874
333.618
34.7023
46.8491
12.6622
95.9222
0
0
-0.568607
-0.0773963
-20.2321
215.303
-21.4544
260.123
36.2047
16.4208
-63.9274
62.7872
0
0
-10.7303
-1.1524
-24.7711
214.877
-24.5451
162.777
3.09335
29.1351
-60.8438
135.866
0
0
-87.1521
9.62261
30.8213
127.767
31.6204
171.037
-32.9536
92.754
2.43123
159.02
0
0
-31.9256
3.68381
