0.383631
4.41008
0.65594
0.540911
-0.165591
0.300499
-0.675819
-1.2394
1.03239
-0.333904
0.3153
-0.1676
-0.409489
-0.905195
0.467294
-0.334431
0.228307
0.0979716
1.12754
-1.45382
-0.811819
2.57838
-1.99487
0.140511
2.03891
3.26671
-4.39998
4.3964
0.647016
0.524126
-0.270322
0.514521
-0.755495
-1.28389
1.12435
-0.443232
0.562116
-0.441613
-0.436236
-0.89238
0.107782
-0.182235
0.405366
-1.92833
5
-0.978776
1.01961
-2.45915
-1.99487
4.50026
-1.16984
-0.438258
2.43462
4.3297
0.649171
0.545762
-0.525134
0.788963
-0.809591
-1.3301
0.934665
-0.16921
0.808933
-0.501335
-0.643617
-0.731065
-0.604616
-0.0515097
2.06885
-4.65661
4.99987
1.04957
-1.0615
-3.45768
4.99999
4.32494
-1.16984
-3.76518
2.96887
4.25158
0.657203
0.619412
-0.799156
0.931736
-0.751992
-1.38753
0.660643
0.104813
1.047
-0.561056
-0.888635
-0.56975
-0.973199
0.0182346
2.6245
-5
2.60149
1.77358
-1.05523
-4.99983
5
-0.121112
4.4318
-4.9975
2.9856
4.16186
0.658571
0.681771
-1.07318
1.04675
-0.65534
-1.44013
0.38662
0.378835
1.047
-0.314163
-1.16266
-0.408435
-0.675536
-0.0963435
1.13434
-2.57028
2.10484
1.77359
0.282406
-5
5
-0.00608607
4.4318
-5
4.90543
4.14564
0.64075
0.744129
-1.21804
1.16176
-0.687848
-1.42471
0.124536
0.652857
1.047
-0.116101
-1.13071
-0.549578
-0.349534
-0.313459
-0.0450813
0.0248566
1.52259
-2.16995
0.283815
-0.746945
-5
0.0158592
3.55848
0.893685
-2.49095
4.13178
0.626661
0.742466
-1.28097
1.24495
-0.706446
-1.40929
0.0817351
0.585087
1.047
0
-1.07873
-0.69072
-0.35407
-0.403465
-0.23161
-1.12562
1.42863
-0.343324
0.29055
-0.814417
-3.41213
0.0158783
2.08658
2.00273
-2.52686
4.11225
0.612616
0.730894
-1.3439
1.32289
-0.709878
-1.39386
0
0.662971
1.047
-0.0264276
-1.16287
-0.593866
-0.229353
-0.410136
-1.01492
-1.12562
1.41348
-0.0427516
0.308333
-1.57398
1.44163
2.44857
-0.502778
-1.57073
5
-34.2357
10.2564
-4.48449
100
5.66202
-9.43802
60
31.3362
-60
-22.3886
-77.6762
-45.9278
25.9451
100
34.021
31.6543
60
9.85817
-56.7012
-14.5853
-100
-52.5792
-13.6211
100
50.3836
6.20339
-16.6224
16.2326
-39.4737
-41.314
8.09838
-16.7269
23.9142
96.6993
21.759
10.1184
-24.9101
-3.7064
-28.7602
-4.96528
66.9411
50.5136
-0.904812
57.519
48.3441
3.73198
-22.177
-30.9667
-18.1566
-20.2223
7.5765
-27.6168
8.3965
72.2355
26.9878
-13.2592
-39.7425
-16.5507
6.36236
-43.8923
-39.6278
12.7643
8.74332
49.22
36.824
20.3551
-8.55636
-23.0798
12.4261
48.1627
74.7975
-3.09686
10.9206
10.417
-0.0949828
-15.0432
18.1162
7.37967
-15.1813
-7.49253
-29.2797
129.064
-29.2797
38.248
-76.724
307.326
-99.3072
195.62
0
-3.68355e-15
-234.054
81.9259
-40.5752
166.796
-40.4921
64.8243
-51.0379
229.982
-94.5477
185.977
0
0
-17.1591
8.27084
-45.6805
173.751
-45.5555
86.9228
-47.3402
204.542
-86.7012
178.433
0
0
-38.6345
14.5207
27.1273
98.5565
27.4358
49.5677
-46.8359
188.991
-74.9345
158.925
0
0
-37.3192
13.8042
31.2514
76.3951
30.9279
70.6906
-37.2987
152.16
-63.2871
135.228
0
0
-53.5553
18.8296
25.0517
63.6782
25.0538
60.7486
-25.6959
110.051
-54.1461
118.069
0
0
-38.4259
13.5385
53.246
151.664
53.0568
152.059
-26.2804
100.55
-50.8787
119.846
0
0
-22.938
7.92401
73.675
104.007
74.0554
167.469
-64.6086
122.914
-77.4514
161.41
0
0
-10.2733
2.01288
