0.661194
4.41008
0.65594
0.540911
-0.165591
0.300499
-0.675819
-1.2394
1.03239
-0.333904
0.3153
-0.1676
-0.409489
-0.905195
0.467294
-0.334431
0.228307
0.0979716
1.12754
-1.45382
-0.811819
2.57838
-1.99487
0.140511
2.03891
3.26671
-4.39998
4.36481
0.645718
0.542704
-0.416175
0.686755
-0.813141
-1.3233
1.03232
-0.251724
0.328572
0
-0.538381
-0.818459
-0.110543
-0.158074
0.560125
-2.71875
4.92612
4.32265
-0.975573
-0.941435
0.622252
-0.042717
3.92425
-1.99866
3.70342
4.24596
0.638606
0.593287
-0.835713
1.05666
-0.81423
-1.44393
0.782015
0.0686235
0.556135
-0.172668
-0.957513
-0.467002
-0.961271
-0.0454539
2.51518
-4.97079
2.85239
-0.699095
-3.32893
-4.1057
4.36979
2.40624
-1.82314
-4.73481
3.98831
4.1396
0.618878
0.73699
-1.27694
1.27954
-0.739586
-1.54517
0.369921
0.438108
0.819155
-0.3453
-1.42099
-0.0691214
-0.744779
-0.222076
1.52144
-4.64762
2.32232
4.28826
-0.535
-4.41445
-0.069319
2.78885
-1.42878
-4.93995
4.81182
3.96343
0.585989
0.764877
-1.71602
1.40159
-0.461269
-1.52873
0.0210979
0.617623
1.047
-0.400892
-1.88586
0
0.0113744
-0.307933
-0.597137
-1.71122
1.29214
1.18989
1.36049
-3.5671
4.41825
-1.27034
4.96954
-0.225899
-0.29037
4.06491
0.569816
0.708603
-1.51871
1.52363
-0.713522
-1.53131
0.122883
0.699825
0.927119
0
-1.57289
-0.0702843
0.752348
-0.23971
-2.29929
3.61501
-2.64011
-4.39169
-0.0488347
4.65637
0.452412
1.24472
2.72373
3.92302
-3.46176
4.0905
0.557792
0.67819
-1.46134
1.57887
-0.795717
-1.71447
0.582899
0.453384
1.04473
-0.195922
-1.33629
-0.374815
0.148543
-0.124929
-0.224698
-1.18396
2.82389
-0.504882
-1.99393
4.9902
-2.73706
1.77359
-2.10233
2.44431
-2.59586
4.0972
0.548426
0.675353
-1.4633
1.61858
-0.830634
-1.76971
0.694474
0.399886
1.04603
-0.351345
-1.24826
-0.5132
-0.00686883
0.00252542
-0.00366224
0.000944304
-0.0394603
0.0164564
-0.0169145
-0.0383174
0.0687556
-0.0120547
-0.0287941
-0.0389509
0.0298483
-6.33979
33.6853
32.2292
96.9006
47.1456
-1.49913
44.6533
42.8501
-51.9982
1.08786
-37.8331
-38.8385
1.94273
56.6544
-7.78341
13.9757
-16.7808
-22.4655
-50.4436
-41.5119
-42.5355
-30.5245
-7.63638
90.5577
47.8708
-6.1684
28.4334
8.35268
-48.3336
-23.3671
-5.14987
-4.18607
16.7093
52.8336
11.904
5.85665
-40.3157
-16.8203
-1.05762
-11.1125
2.27048
-36.855
-35.684
56.9246
55.2497
-0.868267
-25.2625
0.286693
-1.57533
-15.6016
-9.88765
-42.3932
3.81278
1.21959
2.52519
-15.1207
10.2071
-20.3518
17.1456
6.09798
-88.7494
-25.182
-4.44132
61.0202
14.4255
-11.9299
-38.0966
-10.406
-40.398
-21.695
-0.542168
-64.2571
6.68389
85.1601
36.2836
9.35369
17.4802
5.96184
-16.848
-7.86494
-5.27347
194.968
6.8533
50.9558
-66.5375
141.401
-39.0418
160.254
0
0
-106.196
36.7612
9.93133
109.549
-14.2726
107.859
-106.034
268.826
-90.689
304.65
0
0
-78.2229
17.962
7.76691
122.021
6.18397
109.168
3.86859
100.702
-80.2061
119.207
0
0
-66.3902
-10.4458
31.5611
79.664
34.8905
165.195
15.0092
57.9658
-20.2688
70.1146
0
-7.81673e-15
-13.6058
-1.93158
68.7351
114.45
62.5656
388.037
84.5026
30.4699
-51.4474
125.035
0
0
-7.22317
0.54563
-18.3066
146.269
27.8745
301.452
96.0848
38.5208
-138.471
82.5828
0
0
-26.2252
9.1759
-9.50391
179.379
-42.825
198.026
91.0257
70.1432
-153.656
108.8
0
0
-74.5872
26.0288
4.57112
173.927
1.87895
155.058
81.592
139.347
-74.9725
85.3046
0
-9.52818e-15
-13.0715
0.630056
