0.899601
0.5342
0.449806
1.12253
-0.127401
0.0147902
-1.00992
-2.35617
1.96312
-0.729482
-0.825103
-0.358699
0.811799
-0.000500444
0.760369
-1.1934
-1.93424
3.82048
0.581627
-2.46787
0.659121
4.97913
-3.70401
4.81196
-3.74277
3.71628
3.246
0.521315
0.469077
1.13934
-0.203774
0.0625694
-0.998133
-2.35263
1.8815
-0.668207
-1.08463
-0.00319774
0.547991
-0.024914
-0.460077
0.156225
1.56667
-2.62684
0.372713
4.33828
0.0334974
-2.76727
0.746626
-3.45105
4.54413
-4.20738
-0.160596
0.421325
0.583929
1.35773
-0.633288
0.0153228
-0.739763
-2.3562
1.23893
-0.311721
-1.30432
-0.138349
-0.00306683
-0.221574
-1.0044
1.0176
3.77792
-4.78323
-1.45643
1.38816
-1.32586
-5
3.57173
0.0600479
-5
-4.32235
-5
0.333547
0.650281
1.56057
-0.997769
-1.51609e-14
-0.562805
-2.3562
0.617236
0.178391
-1.2205
-0.755997
-0.388437
-0.807816
-0.314168
0.485672
1.05816
-2.10249
-0.105705
-0.103854
-2.03055e-05
-2.95253
2.58177
0.733269
-3.24676
1.67576
-4.70362
0.306844
0.666628
1.69125
-1.17658
-3.24108e-14
-0.514664
-2.3562
0.305912
0.359041
-1.14742
-1.14666
-0.253008
-1.16092
0.714195
-0.169337
-3.23392
4.88204
0.0811953
1.13963
3.36097
-1.99737
0.620473
0.433429
4.93107
1.02152
4.99993
0.339211
0.646214
1.5221
-0.953821
0.0104939
-0.578772
-2.3183
0.624509
0.204447
-1.30823
-0.545814
-0.128569
-0.563959
0.358431
-0.195492
-1.21203
1.71146
0.762159
-4.4273
-0.260125
2.59137
-1.26373
-1.40095
4.47466
-0.930687
4.05849
0.373632
0.622055
1.43424
-0.806731
0.0214371
-0.648947
-2.35347
0.943105
-0.0238806
-1.52814
0
-0.246713
-0.267706
-0.0657199
0.0135392
0.787626
-0.711881
-3.67467
3.51366
-1.62853
4.72432
-1.92089
-2.9289
4.78774
-0.682
-0.613984
0.371586
0.623666
1.43739
-0.803172
-5.19226e-15
-0.634222
-2.35137
0.928338
-0.0143673
-1.53058
-0.00512652
-0.330024
-0.272846
0.181823
-0.0923376
-0.616182
0.731313
0.564202
-0.564052
1.52371
-1.53952
0.908097
0.945625
-0.45361
-0.0754432
0.466798
-67.6755
-5.72163
2.38796
37.8286
14.4251
-5.03938
18.3193
48.0145
-57.2548
-42.5092
-86.1832
-72.2243
19.9535
68.0484
-15.0258
-4.1636
36.1762
39.3551
-41.0208
-31.4683
-84.2553
-26.9639
-14.9087
38.9199
40.7596
7.33569
31.8543
-2.65116
55.4967
16.8453
-4.6332
-8.28858
23.8866
53.1096
9.23726
-3.8624
17.2269
47.106
53.3437
34.8559
-24.0651
-6.18552
-18.8476
16.4751
29.9837
4.96536
49.0778
24.0585
3.3029
13.9942
-100
-62.091
12.6123
33.3137
8.50011
-2.79636
-6.01489
19.2537
-6.19242
-20.7565
-70.1053
-26.0137
6.00235
66.1069
45.8775
12.5636
59.9996
30.858
9.34866
4.72966
-14.2465
-7.72369
4.85577
29.0955
-18.7447
-3.28826
24.918
16.5804
21.7131
6.19595
16.702
160.949
18.6317
148.678
366.478
107.188
-490.59
253.19
-55.0187
157.196
0
0
36.4124
272.181
40.0028
290.135
-454.178
231.053
275.88
278.371
-72.0903
205.972
0
0
-21.3545
130.309
-25.902
111.952
358.973
84.9631
-429.733
117.209
-22.8197
113.891
0
0
13.8753
72.9764
16.6841
17.7485
-367.334
48.1378
423.065
111.182
-2.89448
68.0021
0
0
-26.3431
68.1758
-29.1087
147.918
387.372
52.3871
-428.695
65.6772
-15.3764
75.6329
0
0
15.9499
159.664
20.3356
92.0581
-396.363
50.6062
358.688
53.7236
-29.2282
98.4655
0
0
-53.9365
194.588
-50.0322
102.465
390.106
98.6817
-446.623
62.7943
-32.9258
94.0737
0
0
9.27763
66.3936
10.1736
52.3253
-432.077
126.25
389.344
146.045
23.147
152.499
0
0
