1.72459
4.41008
0.65594
0.540911
-0.165591
0.300499
-0.675819
-1.2394
1.03239
-0.333904
0.3153
-0.1676
-0.409489
-0.905195
0.467294
-0.334431
0.228307
0.0979716
1.12754
-1.45382
-0.811819
2.57838
-1.99487
0.140511
2.03891
3.26671
-4.39998
4.46734
0.575753
0.452967
-0.141453
0.723399
-1.034
-1.29865
1.52474
-0.743125
0.349918
0
-0.0987463
-1.25652
-0.22746
-0.393411
-1.02489
-2.59405
3.8184
1.96836
2.48436
-0.362014
-0.629032
2.59355
4.22814
0.819781
-0.196878
4.32177
0.510054
0.534436
-0.78259
1.52953
-1.28138
-1.77282
1.61332
-0.37493
1.02589
-0.541872
-0.35968
-1.34104
-1.36251
-0.0532242
0.537585
-4.31755
3.19462
-0.600985
-2.03374
4.99199
5
3.94599
-4.99512
-1.15261
-1.47358
4.02184
0.516739
0.798858
-1.82039
1.76264
-0.741106
-1.87085
0.404499
0.667496
1.047
-1.61222
-1.24342
-0.868331
-1.75697
0.324896
1.50347
-0.774571
-4.86069
4.10973
0.169215
-5
-0.539503
-4.95581
-1.90321
-4.73015
3.59891
3.60367
0.601519
0.945961
-2.0302
0.589406
0.156885
-1.83206
0.289209
0.459649
1.047
-2.15696
-2.18975
0
-0.461816
0.392119
-1.35316
-5
3.2979
-2.14887
-0.647256
-0.254931
-4.47226
-3.51433e-06
-1.65236
-3.56745
3.61381
4.17383
0.650601
0.661754
-1.0876
1.16281
-0.737141
-1.3473
0.266195
0.419347
1.047
-1.87154
-1.38314
0
2.36654
0.221714
-7.61718
5
-4.9737
2.20847
2.38736
4.14769
4.67562
5
1.7813
3.79786
-0.325305
4.44318
0.644486
0.442015
0.136458
-1.05967e-17
-0.578473
-1.13519
1.13231
-0.439132
1.03255
-1.61623
-0.41549
-0.763181
0.901857
-0.614463
-0.888513
-4.9771
-4.56694
-4.14655
-4.43234
-4.96768
-4.67092
-4.97333
-4.84802
4.97007
-4.81892
4.65035
0.494882
0.104124
0.708986
0.207943
-1.02105
-0.622721
1.81393
-1.29533
0.973616
-2.31161
0.329847
-1.38682
2.67222
-2.15176
-7.32043
3.30862
0.89013
4.48406
2.03859
4.89094
-2.90795
-0.236517
-2.41464
2.95114
4.959
25.7988
3.71308
-24.9558
88.9256
30.4661
8.67474
28.4147
45.6128
-59.5945
-25.6161
-76.6662
-40.9772
11.1812
98.0864
4.67463
-22.6819
-2.36851
-29.4283
-29.4261
-34.4087
25.8216
-26.2409
-44.7376
66.0112
21.9835
-10.0993
-31.0328
-3.95962
-52.8883
-24.1419
-3.70543
-25.1374
17.4266
-23.2298
-50.4864
-33.6024
-45.6696
-35.9707
-37.8845
-27.2998
92.2949
62.5793
-10.1795
-35.5323
22.6487
1.5922
50.2265
37.0247
10.44
7.24333
36.0769
-14.1114
38.3113
-54.2126
-54.7263
-19.4329
-50.3751
-35.4376
-5.07415
-15.396
-27.2235
7.7478
-23.3327
-19.1752
7.76771
-1.10289
-37.1089
-20.8052
-4.60044
-0.0295856
88.1286
37.9795
43.6751
60.0042
32.7086
2.3965
46.4643
21.8558
-58.6511
-28.5276
10.6645
7.8627
12.6969
60.5414
-87.7977
147.506
-47.0359
237.733
0
0
-153.852
53.8484
24.3055
29.8531
29.4292
190.464
2.30272
203.356
-209.261
438.674
0
0
-0.313061
-0.393272
40.1848
5.68987
52.1096
296.874
-55.1902
64.4143
-93.6111
360.732
0
0
-154.399
53.1969
61.3209
129.423
73.2119
365.905
-8.36107
0
-39.5341
140.902
0
0
-43.6328
12.6493
88.2513
217.284
101.89
325.977
114.558
0
-118.09
41.6364
0
0
-9.1305e-16
-2.08653
65.7385
175.857
69.6486
210.964
61.8379
2.32537
-61.7632
0
0
0
-3.24057
-1.19932
95.8685
88.925
-59.5726
47.2239
7.32029
40.745
-34.6874
37.4468
0
0
-94.2852
32.9998
0
0
0
0
96.8145
11.5115
-87.1822
16.0093
0
0
5.00551e-16
-0.414514
