0.913961
0.5342
0.449806
1.12253
-0.127401
0.0147902
-1.00992
-2.35617
1.96312
-0.729482
-0.825103
-0.358699
0.811799
-0.000500444
0.760369
-1.1934
-1.93424
3.82048
0.581627
-2.46787
0.659121
4.97913
-3.70401
4.81196
-3.74277
3.71628
3.246
0.60449
0.299602
0.900362
0.3121
0.0907308
-1.3
-2.24671
2.52584
-1.2131
-0.268689
-0.847377
1.047
-0.271964
-0.351392
-0.105823
1.09548
-2.55129
2.75243
-2.15516
0.884613
-3.34425
-3.73974
-4.41642
5
1.79737
-2.07005
0.555487
0.419331
1.045
0.0116256
0.00569496
-1.06232
-2.30146
2.08854
-0.832083
-0.852292
-0.194548
0.960156
-0.590245
-0.766281
0.924559
1.4539
1.34011
-5
5
-0.417448
-1.51655
3.03931
-4.46697
4.436
-0.604354
-2.51231
0.45245
0.553081
1.29314
-0.497955
0.00869001
-0.80388
-2.3562
1.43571
-0.432696
-1.29727
0
0.523618
-0.908527
-1.39004
1.26059
3.55054
-5
0.0648673
1.5446
-0.431672
-5
4.0754
-3.09227
-3.50482
-2.67885
-2.35335
0.353458
0.63646
1.49719
-0.897103
0
-0.600091
-2.3562
0.782884
0.0761228
-1.30919
-0.478362
0.176147
-0.630884
-0.796946
0.425415
1.54763
-2.85988
-5
5
-5.00906e-06
-4.9125
-5
0.0409051
-3.61668
-2.11574
2.12249
0.45141
0.554151
1.28826
-0.491017
0
-0.797239
-2.3562
1.43571
-0.41474
-1.29435
-0.00146616
-0.103554
-0.36325
0.750593
-0.670528
-4.3871
4.52576
-7.28933e-06
-1.51042
-3.82631e-09
5
5
3.69289
3.77234
2.87563
2.07986
0.532013
0.454664
1.12635
-0.131959
0
-0.994387
-2.3562
1.94601
-0.716152
-0.839696
-0.346077
0.265871
-0.854045
0.156007
-0.771549
-1.16947
0.560429
0.0739007
-2.23208
-2.71398
3.89116
-2.40121
3.73276
-2.6377
2.35285
-4.29369
0.572727
0.281594
0.800979
0.486683
4.96017e-13
-1.28766
-2.3562
2.55319
-0.997967
-0.379751
-0.690688
0.747987
-1.43553
0.775005
-1.56691
-2.99953
4.7706
-0.122123
-2.3206
1.59189
4.63656
-2.15148
2.61487
-2.63879
3.63136
-4.43643
-100
10.6162
24.4348
80.1935
-19.8964
0.0381898
-35.1365
21.6972
-16.4594
-31.4148
-19.6861
-33.8979
62.9782
15.4057
16.6681
2.45517
23.615
18.9257
8.33301
2.63561
-96.2835
-12.8066
36.0249
84.033
23.2052
18.6053
22.6545
32.1674
-7.40482
-17.1786
-86.9924
-57.1878
-8.85186
37.4699
19.643
-8.87585
13.1794
-10.0294
26.7421
22.6631
-3.73887
8.88878
9.92816
53.7223
31.3154
14.3741
54.1901
50
16.6128
9.52214
16.6237
17.5416
5.43018
9.04261
50.5179
16.8091
46.1969
27.545
9.30266
-5.46705
-86.6108
-53.1321
7.51638
-2.8668
-53.7034
-22.1043
-48.7447
-31.9227
-39.0507
-31.144
65.8862
35.6248
-6.88023
73.5131
87.4517
29.3387
50.5908
40.9815
42.6018
29.1328
-34.4549
201.324
-36.543
1.52713
-24.788
161.324
-97.1415
187.046
-59.1933
169.124
0
0
152.674
585.265
142.663
258.555
-122.413
277.289
-74.3893
285.004
-16.7917
33.4534
0
0
-79.1648
332.344
-54.7484
50.5114
-69.2112
151.495
-52.3858
195.928
-99.0638
283.039
0
0
27.2651
87.6595
25.1738
61.254
34.1136
53.6417
13.0147
81.0116
2.23666
5.69325
0
0
-14.1778
0
-3.58066
0
9.39527
85.7769
52.5426
91.103
38.4011
62.0213
0
0
62.4916
172.845
52.7585
162.778
-16.6619
26.5821
-2.46504
27.9721
-10.8932
31.8669
0
0
-25.4379
92.9954
-34.0334
76.9227
13.0284
74.5784
-52.6531
38.6351
-28.0287
80.082
0
0
0
0
0
0
13.6231
-9.30334e-17
-10.8679
7.87203
19.5719
55.9196
1.50147e-14
0
