2.12474
4.3
0.666251
0.100094
-0.116262
0.750257
-0.734089
-0.834188
0.750068
-0.0159739
-0.148498
-0.670033
0.0176078
-0.297781
0.25
0.142218
2.27194
-1.03965
-1.85576
0.623476
-1.61207
-0.380518
-0.279353
2.02843
1.39888
-0.314955
-0.855616
4.33581
0.684395
0.586719
-0.400598
0.431241
-0.617363
-1.23065
0.70056
-0.0566258
0.214965
-0.497839
-0.022448
-0.319696
0.0800584
0.0380723
1.506
-0.936325
-0.954142
0.38447
-1.30294
-0.11898
-0.0840759
1.19522
0.544418
0.0778431
0.00314897
4.34128
0.684893
0.836313
-0.622928
0.391883
-0.605268
-1.47624
0.71019
-0.0702617
0.344851
-0.435679
0.00683943
-0.311621
0.0170842
0.00110926
0.817545
-0.731917
-0.123474
0.0378464
-0.806663
0.0330638
-0.0439454
0.427945
0.203468
0.255779
0.503969
4.34698
0.685492
0.943667
-0.69866
0.344222
-0.589229
-1.57874
0.719001
-0.0839318
0.357109
-0.373946
-0.0316916
-0.314271
0.0204137
0.00287014
0.190008
-0.0649507
-0.195457
0.0703994
-0.168664
0.0244443
-0.0457888
0.0398631
0.23516
-0.171084
-0.0121364
4.35091
0.686625
0.959129
-0.683709
0.293162
-0.568582
-1.58733
0.718718
-0.0905214
0.355932
-0.34388
-0.0839578
-0.320048
0.00746302
0.0042987
-0.0181424
0.0992813
-0.146578
0.0654386
0.041295
-0.0189046
-0.00424808
-0.0366279
0.0987451
-0.271723
-0.0461846
4.35335
0.687152
0.949428
-0.654421
0.260226
-0.555234
-1.57412
0.719897
-0.0952094
0.344497
-0.32664
-0.0942671
-0.334333
0.0082892
-0.00196975
-0.0500782
0.0821386
-0.038167
0.00610662
0.0445918
0.0355778
-0.0300914
-0.0655029
0.0481848
0.0185845
-0.127775
4.35599
0.686375
0.933412
-0.629582
0.251036
-0.554866
-1.56047
0.732356
-0.105302
0.341515
-0.318486
-0.0826297
-0.373332
0.0107372
-0.0052086
-0.0658541
0.0808209
0.00706686
-0.0220337
0.0471879
0.0670867
-0.0484205
0.0323475
0.00365187
0.056812
-0.322416
4.35807
0.685081
0.929935
-0.626158
0.258677
-0.562454
-1.56182
0.747547
-0.115664
0.344181
-0.318202
-0.0798993
-0.391459
-0.00102953
-0.00215979
0.0231246
-0.0521925
0.058049
-0.0289811
-0.0334019
0.0154377
-0.00516044
0.00835319
-0.050074
-0.0150305
-0.00297891
-3.36183
0.447391
2.20883
53.7225
-20.4541
5.46116
-7.08895
-9.18835
3.14966
0.16418
7.2623
4.77881
0.335468
71.3813
-9.23019
16.1467
5.56197
-2.18232
13.2898
4.4734
23.8062
14.462
21.5222
72.7338
17.3699
46.8907
10.7944
1.47151
9.77853
1.33857
6.75911
2.63712
-0.721677
95.7439
1.17177
18.5547
15.744
4.21675
7.68631
-0.356831
6.26653
3.09015
0.890472
81.1878
-10.5779
4.8307
14.9459
4.28332
15.8707
5.8841
7.74292
2.98737
-0.188244
86.8163
-6.52675
8.96502
16.9164
5.29544
9.97712
1.29827
9.19523
4.24153
0.683387
76.7947
-15.5511
2.50155
15.9286
4.90643
12.7481
3.9239
17.7343
11.1163
12.5075
71.4908
-0.992981
24.7697
16.1028
4.96073
11.4488
2.68782
8.20204
26.5111
-17.209
0.0357562
-18.7802
271.42
-51.4973
212.455
0
0
0
0
-46.1684
4.53795
46.1693
0.306047
-28.8623
334.322
-17.8391
207.773
0
0
0
0
47.8886
135.744
-0.37238
0.0164471
-44.8743
428.259
-18.6911
0.891674
0
0
0
0
20.4779
1.37323
-20.4779
6.96774
-3.91558
336.5
-4.76696
224.431
0
0
0
0
-7.21733
10.9988
4.43999
0.105462
44.6758
261.98
-44.6743
277.209
0
0
0
0
-5.37064
3.86152
5.36986
4.7462
45.649
285.621
-45.4451
265.616
0
0
0
0
-2.15432
7.07264
2.16163
0.0523509
-10.6012
253.021
10.5896
289.287
0
0
0
0
0.388803
79.4903
27.4953
0.20976
-20.2065
334.272
-7.68585
140.289
0
0
0
0
