1.29234
0.5342
0.449806
1.12253
-0.127401
0.0147902
-1.00992
-2.35617
1.96312
-0.729482
-0.825103
-0.358699
0.811799
-0.000500444
0.760369
-1.1934
-1.93424
3.82048
0.581627
-2.46787
0.659121
4.97913
-3.70401
4.81196
-3.74277
3.71628
3.246
0.584798
0.347619
0.957211
0.135122
0.172261
-1.26459
-2.29031
2.34958
-1.01648
-0.457456
-0.654911
0.6819
-0.183619
0.00236781
-0.378227
0.443371
-2.34611
4.94749
0.885186
-0.344441
-5
2.17715
-4.40997
4.0876
-0.948518
-1.08868
0.51597
0.469334
1.13948
-0.29442
0.233529
-1.07859
-2.35604
1.87746
-0.660902
-1.0889
-0.00867335
0.339734
-0.60411
-0.686304
0.754386
1.3257
-1.40709
-0.99416
4.29724
-0.373862
4.95677
1.47941
-1.53158
-2.43747
-4.6975
-3.57013
0.381956
0.615794
1.41931
-0.765063
0
-0.654251
-2.35617
0.999883
-0.0720145
-1.47961
-0.0363302
-0.29679
-1.36791
-1.20628
1.13568
2.813
-2.75815
-4.70624
-4.39127
1.67384
-4.99562
3.40068
-2.23988
0.108742
-1.18962
-3.79478
0.306923
0.665461
1.52933
-1.02138
0.0155208
-0.523469
-2.11417
0.146746
0.438096
-1.70974
-0.00472624
-0.386518
-0.99695
-0.180291
0.268152
0.068882
-0.933973
0.297272
1.34494
-1.46338
4.3374
2.72851
-1.13903
3.77985
0.707154
3.72005
0.375309
0.620801
1.43183
-0.795691
0.0106213
-0.64676
-2.35553
0.95544
-0.0317403
-1.50069
-0.0356317
-0.128222
-0.679426
0.767315
-0.731549
-2.13216
4.95848
-0.102632
-0.69831
1.37121
4.88083
-4.91065
4.63867
-2.7142
4.76815
0.511238
0.512147
0.482229
1.1655
-0.223306
1.37088e-15
-0.94219
-2.35556
1.81791
-0.640626
-1.09304
-0.0383202
0.116657
-0.534847
0.100309
-0.851761
-0.492216
0.267875
2.64511
-3.95144
-2.6741
2.67284
-1.51769
-2.93177
4.83365
0.42089
1.13413
0.551365
0.298943
0.759321
0.473734
0.0533171
-1.28637
-2.34912
2.47765
-0.887852
-0.835476
-0.00174036
0.238542
-0.136964
0.920189
-1.40133
-3.63801
4.67033
-0.833196
1.32211
1.0688
3.86124
1.24528
2.70724
-0.329928
1.48649
2.16448
-89.6431
-7.84233
46.4161
-5.65323
-8.12321
0.754161
-39.0837
28.3969
6.73211
-7.975
-17.424
-10.0501
28.4892
62.4756
-5.10355
-40.1968
56.2933
28.2108
-49.2471
-31.8773
-69.6324
-21.5598
42.9274
-10.0219
-45.1731
-84.2155
24.2325
40.0244
28.0453
2.73421
-18.7131
-20.5793
-13.3651
41.1386
-22.4911
3.15621
37.3737
12.6025
59.9584
38.0684
54.544
66.2239
50.4615
-67.4137
31.8299
4.79562
-9.75472
10.7817
5.16051
8.07909
3.28068
-39.5806
-42.8756
62.1003
-58.2927
-36.5373
18.6745
-18.7897
11.4158
-9.78061
-42.2238
21.31
43.1179
-14.3331
66.2899
32.5337
-18.3085
46.0928
-28.5145
-4.68615
23.3873
-33.3474
-37.1931
99.7935
-29.0663
-9.38182
59.3478
-26.5633
38.188
4.61306
-17.5617
214.386
-57.8001
0.931842
-444.255
25.126
570.48
335.515
-9.06548
25.9014
0
0
61.7292
424.522
67.2007
98.0294
618.5
15.799
-695.744
209.593
-95.2876
272.25
0
0
-62.0927
224.295
-17.4871
3.07825
166.068
85.8668
-394.58
567.022
-48.2739
137.925
0
0
-2972.7
182.326
3071.72
100.581
197.633
72.6322
-236.885
45.9946
9.00996
25.8809
0
0
33.575
73.0993
19.8362
79.5041
-248.42
13.9024
240.599
16.3461
-3.6237
18.2648
0
0
21.5325
25.4221
16.4409
83.0731
456.254
36.9759
-505.957
105.033
-3.82455
10.9333
0
0
1726.62
110.019
-1627.23
173.951
-583.747
170.818
432.195
262.191
-48.5696
138.77
0
0
0
0
0
0
293.668
0.247118
-294.023
0.0124656
5.18302
15.1748
0
0
