0.887395
0.5342
0.449806
1.12253
-0.127401
0.0147902
-1.00992
-2.35617
1.96312
-0.729482
-0.825103
-0.358699
0.811799
-0.000500444
0.760369
-1.1934
-1.93424
3.82048
0.581627
-2.46787
0.659121
4.97913
-3.70401
4.81196
-3.74277
3.71628
3.246
0.603888
0.301264
0.877323
0.334153
0.0885234
-1.3
-2.22559
2.51841
-1.19781
-0.318037
-0.760251
0.9294
-0.487358
-0.546575
0.442495
1.57377
-1.79917
0.560673
-2.27424
1.04396
-4.95938
-5
-5
4.36025
0.898464
-5
0.522926
0.466658
1.14076
-0.19157
0.0442617
-0.993454
-2.3562
1.89129
-0.675851
-0.951891
-0.207368
1.047
-1.12121
-1.0883
1.47847
2.45253
-4.11408
-0.336945
4.32419
-1.81066
-5
4.12373
-5
1.57293
-0.368573
-4.5784
0.42441
0.580405
1.35223
-0.612935
2.22474e-23
-0.739296
-2.3562
1.25744
-0.323577
-1.38475
-3.41222e-24
1.00142
-1.37655
-0.778767
0.827047
1.1805
-1.34123
-4.3172
0.740725
-4.76343e-06
-2.71111
-3.44244
-3.37566
1.57371
-0.491994
-2.06948
0.375965
0.620326
1.43073
-0.788029
0
-0.642697
-2.3562
0.960319
-0.0348444
-1.52165
1.50732e-24
0.93718
-1.63188
-0.263897
0.103574
-0.529321
-1.34131
0.00239813
-0.649265
0.000137158
2.00796
5
0.922708
-0.000698083
-0.492306
-1.33778
0.418614
0.585572
1.36214
-0.634789
-6.79296e-22
-0.727354
-2.3562
1.22219
-0.29387
-1.40134
-3.24655e-24
0.872938
-1.67897
0.781482
-0.800303
-4.57993
5
5
-0.59342
4.99809
5
-2.82235
4.27975
1.60819
-0.492308
2.91039
0.517504
0.474702
1.15054
-0.194136
5.25343e-24
-0.956402
-2.3562
1.85604
-0.650381
-1.09981
-5.3329e-24
0.661393
-2.03498
0.0689198
-1.00365
-1.02623
3.22616
-0.781701
-2.17548
-0.660566
5
-4.01367
0.665335
-0.411388
-1.72985
-2.73725
0.592936
0.310827
0.785399
0.433276
0.0446534
-1.26333
-2.16711
2.47424
-1.09253
-0.754957
-0.051479
0.449848
-2.391
1.21924
-1.51855
-4.34982
5
5
-2.40152
5
4.48479
-3.36909
3.55113
-0.385482
-0.126942
1.8585
-63.0375
-14.0491
9.92603
61.901
-38.4819
-47.9697
14.1904
44.2123
-43.8675
-35.5334
-74.3912
-35.2727
66.4164
8.59612
-6.81179
15.2362
-4.15711
26.7986
0.581115
-25.7609
-39.9572
1.82772
7.22827
50.3478
10.2323
-11.7722
40.6795
20.3788
40.6489
37.3169
-11.0299
-34.4055
-2.07609
-18.1441
3.53226
9.29143
14.8876
21.5623
-19.6316
-23.599
2.73238
53.9414
23.5711
59.9688
37.1772
5.06194
34.7839
4.00906
14.0827
17.0608
39.7162
-17.8407
-5.05103
-2.15908
-10.6045
-6.5928
-0.154098
20.2759
-14.2196
-11.4417
-82.8242
-12.193
34.8711
-36.2505
-1.80887
4.54273
-15.0656
-22.1656
-11.8273
-21.6421
82.2302
47.9459
4.79567
81.8733
29.1173
12.6572
54.7906
45.5566
52.824
50
-42.8164
149.533
-20.3291
30.8825
551.162
98.2595
-626.855
118.006
-63.4383
181.252
0
0
204.02
674.97
198.33
474.601
-520.253
363.944
204.518
538.154
-65.843
188.123
0
0
-18.1157
38.5812
-5.21733
28.0845
389.281
83.8747
-441.307
64.7714
-54.255
155.014
0
0
-49.7616
128.286
119.544
71.0927
-345.587
35.2099
331.469
5.12596
5.71511
16.3271
0
0
17.3217
53.2644
18.1347
48.1068
407.053
44.8245
-439.42
47.5978
-11.8078
33.7364
0
0
-10.7846
87.9155
-40.4403
58.4413
-377.658
52.7745
348.77
29.7629
-14.606
41.7313
0
0
63.82
276.629
65.7491
93.5687
412.606
60.9188
-443.917
28.5417
-25.1033
71.7238
0
0
0
0
0
0
-530.879
8.3431
544.233
29.8102
11.5254
32.9296
0
0
