1.48083
4.41008
0.65594
0.540911
-0.165591
0.300499
-0.675819
-1.2394
1.03239
-0.333904
0.3153
-0.1676
-0.409489
-0.905195
0.467294
-0.334431
0.228307
0.0979716
1.12754
-1.45382
-0.811819
2.57838
-1.99487
0.140511
2.03891
3.26671
-4.39998
4.50897
0.558565
0.067259
0.382194
0.586927
-1.03638
-0.865119
1.57784
-0.779981
0.758836
0
-0.595365
-0.207287
0.833857
0.0224527
-2.68125
4.61948
4.23253
-2.01338
1.78142
3.89485
-2.51161
2.93192
2.99215
-0.805718
4.79172
4.41504
0.583746
0.254645
-0.118971
0.91679
-1.05246
-1.16528
1.4222
-0.511567
0.909193
-0.0256554
-0.835538
-0.100495
-0.780123
0.177889
2.05022
-2.89169
1.53425
0.798687
-1.43769
-1.12018
4.56633
0.678653
-4.56691
-1.10266
-3.815
4.15661
0.630018
0.699144
-1.17671
1.21609
-0.73853
-1.48499
0.388651
0.397196
0.968613
-0.991607
-1.07571
-0.585424
-2.1153
0.368991
6.3324
-5
-5
3.3979
-4.18968
-5
-0.785481
-5
-4.51579
-4.84853
-4.80631
3.71436
0.663359
0.85014
-1.80723
0.742459
-0.0200765
-1.55374
0.129397
0.438096
1.047
-1.96086
-1.9696
-0.292712
-0.260811
-0.164616
0.435719
-1.83621
4.89097
-2.89587
-0.223431
-0.312095
3.52657
0.408304
-5
-2.20043
1.40733
4.12462
0.673986
0.759685
-1.23468
1.05773
-0.582879
-1.49239
0.229869
0.502838
1.047
-1.13619
-1.48397
0
1.95862
0.0898745
-6.34532
5
-5
2.19245
5
5
-1.33323
-0.077312
5
5
5
4.35616
0.704503
0.605247
-0.188577
0
-0.416669
-1.2711
0.783128
-0.11727
1.03237
-0.74837
-0.695735
-0.559913
0.936785
0.675638
-0.733377
-5
-2.12285
-3.26829
-0.220233
-2.52204
-3.7899
-0.0762653
-5
0.740758
-3.04138
4.57217
0.630665
0.151243
0.417181
0.0978003
-0.666224
-0.677202
1.265
-0.739038
1.047
-1.76939
-0.529557
-0.148634
2.21857
-0.680986
-4.33475
4.17401
0.715549
3.86575
3.67224
2.74174
3.32084
1.54182
-0.787427
-0.177125
1.96827
-4.62961
20.0935
-45.5548
78.0654
78.2791
-2.64236
-6.20622
33.3153
-59.1001
-11.1044
-69.4529
-64.5176
72.7622
96.7937
26.3306
77.6883
10.8014
-32.1569
-47.6854
-47.1169
-97.3829
-31.8729
-53.3525
68.8811
79.4106
9.14311
-56.19
-2.28072
-52.3848
-32.5807
41.5297
-27.0798
71.128
3.66655
-52.1852
-11.4515
17.2515
-17.5787
-23.5142
-21.9073
2.25685
51.1536
-58.9475
69.9998
96.5599
13.0748
-16.1953
13.3165
48.6126
40.2216
-46.2941
-98.0936
64.3497
93.5677
-3.59936
-13.148
7.42797
-6.51948
4.31381
-11.69
-5.90686
53.0541
-47.4168
-83.2142
-19.6759
-51.6751
-39.0363
-26.5775
-56.1705
-31.4667
40.4398
-32.8203
64.8862
74.0735
12.404
28.2079
44.8707
36.3457
49.5511
32.6673
-14.6127
177.783
-90.6576
122.988
-84.2123
114.587
-84.5673
367.64
0
0
-158.063
55.322
46.1781
253.869
131.897
254.918
-884.768
37.2151
912.24
47.1757
0
0
-15.2097
2.80488
-54.8021
196.078
-54.9861
117.602
365.574
281.881
-464.232
0
-2.16444e-14
0
-132.17
46.2597
52.6713
186.211
69.9447
164.121
43.4747
107.302
-60.3267
0
0
0
2.77159e-15
-2.93651
903.415
40.6723
-869.014
11.7009
341.626
236.474
-424.393
1.7053e-13
0
0
-8.88178e-16
-2.09688
556.691
258.833
-379.731
266.295
25.9394
88.7749
56.6437
147.176
0
0
-4.21073
-2.20875
-78.4314
137.3
1.17929
83.3705
741.217
10.4288
-747.996
1.48996
0
0
-7.38288
-0.751514
0
0
0
0
-362.402
4.15339
358.949
0.361646
0
0
-0.202308
0.583551
