1.0212
4.41008
0.65594
0.540911
-0.165591
0.300499
-0.675819
-1.2394
1.03239
-0.333904
0.3153
-0.1676
-0.409489
-0.905195
0.467294
-0.334431
0.228307
0.0979716
1.12754
-1.45382
-0.811819
2.57838
-1.99487
0.140511
2.03891
3.26671
-4.39998
4.45647
0.609412
0.517534
-0.151298
0.521671
-0.88791
-1.29471
1.35223
-0.624016
0.5592
0
-0.129218
-1.25155
0.521298
-0.464007
-0.136658
0.0979663
1.83969
0.29904
-0.20148
-1.92905
2.86033
1.65992
1.70138
2.0137
-0.957425
4.34558
0.64242
0.494156
-0.448604
0.795622
-0.841174
-1.32256
1.05698
-0.228577
0.8031
0
-0.715133
-0.534156
0.0221645
-0.276817
1.38086
-4.1678
1.83983
0.353992
-1.2045
-2.07292
4.25868
1.64588
-2.7858
-3.99999
4.91488
4.16576
0.672151
0.690188
-1.04406
0.985222
-0.631347
-1.41378
0.327551
0.396043
1.047
-0.416381
-1.30105
-0.11205
-0.349134
0.00569397
2.13461
-4.18906
-5
5
-0.71807
-5
1.11652
-1.21419
-3.00488
-4.01709
1.61216
3.83208
0.669828
0.878945
-1.63094
0.654541
0.0980806
-1.505
0
0.553056
1.047
-0.701215
-2.02951
0
0.0422269
0.0216674
-0.0174945
-4.09599
-0.285783
-4.26964
-0.649492
-0.0100349
-0.374155
0.00255456
-2.08568
-5
4.02107
4.19689
0.716664
0.770342
-0.901514
0.614034
-0.483044
-1.25438
0
0.496427
1.047
-0.986049
-1.33179
0
1.72036
-0.271334
-5.33395
5
-4.18381
-4.08723
5
2.3781
-0.374206
5
-3.49629
4.884
-4.45752
4.28979
0.699687
0.512363
-0.172086
0
-0.587786
-1.27402
0.729428
0.032227
1.047
-1.68852
-0.634081
-0.638878
0.469316
-0.800978
-1.79569
-5
3.19224
-0.722876
-3.48454
5
-3.50405
-0.417637
-5
-1.206
1.80451
4.3935
0.578388
0.254385
0.263816
0.457183
-0.975384
-1.23184
1.45886
-0.481405
1.047
-2.391
-0.808662
-0.179163
1.055
-1.88833
-4.04813
2.99056
-5
-5
0.319917
-2.27454
-3.58233
0.969345
-5
0.434403
5
75.6334
23.0944
24.8307
10.6779
-24.6447
6.38228
10.306
8.6733
-42.0245
-50
-48.9999
-7.13333
11.6616
2.22849
20.4376
-7.66013
-1.19564
-5.13479
-60
-8.13812
10.152
-24.4844
9.84905
64.532
9.9144
13.0239
-33.5205
-24.1225
-60
-50
5.74734
0.979362
12.0938
20.834
15.7555
-9.61927
-15.7753
-5.72959
-60
-36.3921
37.9606
19.2614
-1.55835
91.9092
56.3589
21.4662
9.88489
0.160111
-36.6371
-23.7826
18.9052
-0.402826
11.7732
54.7156
32.708
-5.36356
-15.3399
-13.4606
-30.0647
-50
-37.591
5.99847
-5.81191
-28.6021
-18.9869
-13.4496
-46.3862
-23.6715
-60
9.69974
73.0626
-17.5546
-9.94749
54.1748
-1.25784
-8.42753
39.1307
14.21
50.5038
-12.6472
51.3891
140.912
31.71
97.6771
24.4423
131.127
-99.756
92.2662
0
9.25939e-15
-119.147
45.9473
85.6445
221.813
71.847
234.922
41.9913
14.2561
-20.9321
47.3345
8.67748e-15
0
-67.3734
34.899
64.8145
143.581
57.4213
208.782
-62.0275
103.125
-23.4481
107.523
0
0
-93.4518
40.3689
45.4417
196.311
90.1046
195.315
-52.5966
110.26
-31.1751
129.84
0
0
-74.9188
36.8879
11.6321
59.085
56.7842
136.367
-52.3852
95.7025
-18.1518
109.446
0
0
-77.5872
36.8857
41.1433
109.643
33.8307
105.696
116.195
94.894
-64.3722
53.2016
0
0
-87.4878
39.25
253.19
0
-233.046
57.0588
225.88
95.5748
-286.391
76.1122
0
0
-68.6331
36.2765
0
0
0
0
17.8601
45.1936
23.3124
72.3437
0
0
7.972e-16
1.62741
