1.20347
4.41008
0.65594
0.540911
-0.165591
0.300499
-0.675819
-1.2394
1.03239
-0.333904
0.3153
-0.1676
-0.409489
-0.905195
0.467294
-0.334431
0.228307
0.0979716
1.12754
-1.45382
-0.811819
2.57838
-1.99487
0.140511
2.03891
3.26671
-4.39998
4.40461
0.644764
0.428341
-0.148747
0.494702
-0.774296
-1.17074
1.09335
-0.350949
0.437396
0
-0.622664
-0.515983
-0.0310237
-0.0652071
-0.898819
0.110857
1.13641
-0.574386
2.59687
-0.0381053
0.55498
0.70131
1.79817
-2.21756
2.88166
4.35477
0.633587
0.420859
-0.365273
0.817186
-0.872772
-1.25176
1.08692
-0.256026
0.559492
-0.860429
-1.00602
-0.0233892
-1.15468
-0.0651973
1.49802
-1.26242
5
0.896446
-0.766823
-0.0334469
4.48571
5
-5
-2.69284
2.86997
4.13268
0.622411
0.678407
-1.2249
1.26554
-0.719049
-1.42078
0.227301
0.515067
1.047
-1.72086
-1.46808
0
-2.92973
-0.0651059
8.25789
-5
-5
4.93589
-5
-5
-5
-5
-4.99999
-2.69266
-5
3.62862
0.611235
0.812858
-1.72821
0.405914
0.140574
-1.59258
0.172562
0.465809
1.047
-2.03712
-2.0654
0
0.014127
0.382672
-0.907551
-2.92509
2.64238
5
-1.00007
-0.318347
-0.287108
1.36041e-15
-0.20568
-5
4.36143
4.21553
0.676913
0.656948
-0.868585
0.859623
-0.647986
-1.19132
0.117823
0.416551
1.047
-2.0744
-1.20578
-0.16062
3.41214
0.38267
-10.6987
5
2.63743
-4.58724
5
5
5
5
5
5
-0.935958
4.38891
0.675978
0.490877
-0.00896217
0
-0.481915
-1.13877
0.87281
-0.224918
1.047
-1.21478
-0.717148
-0.419076
1.00804
-0.00498676
-0.963503
-5
-5
5
-1.88239
-0.10058
-3.73913
-4.39353
-5
-2.41972
-5
4.56228
0.675042
0.233178
-0.349342
0.859966
-0.743801
-0.650055
1.00428
-0.5874
0.452189
-2.07447
-0.484443
-0.249296
1.95359
-0.935034
-4.26307
2.29662
5
-5
2.82368
0.809966
-2.12304
-3.44409
-1.35827
1.39214
5
-44.6462
-64.6763
18.497
87.7323
-26.2746
-44.8069
-60
-0.76502
-60
-28.5204
49.6131
81.3478
27.8973
100
48.7643
4.62261
49.1036
-10.4749
-60
-38.0923
-99.4991
-100
40.99
-22.5513
-15.9227
6.77713
-23.2951
10.2493
-57.3374
-50
-29.684
-12.413
-30.5111
89.1947
74.7959
54.5144
-60
-50
-58.2377
-50
91.278
100
100
100
100
39.6681
45.343
46.641
14.1486
33.1816
-37.9326
-20.8644
-37.7038
85.2946
44.4433
5.63396
-60
-47.4423
-3.02112
-50
-100
-57.9055
47.8962
-60.447
-50.2697
-21.5925
-54.9873
-29.1182
-60
4.6793
100
76.7945
-28.4449
100
98.4703
63.2872
60
28.5429
60
2.4295
47.3824
58.3891
-67.8186
0
660.961
350.53
-874.034
258.249
-2.99109e-14
0
-160.192
56.0673
47.6564
289.848
18.5289
0
-431.448
21.7376
283.378
401.318
0
0
-11.247
14.3625
-76.1759
362.749
-92.5879
119.434
-29.0788
0
29.0789
0
0
0
-247.671
-86.7827
-34.075
92.2876
162.902
275.831
-720.646
5.6986
722.517
0
0
0
-8.70776e-13
3.43944
216.364
538.306
4.54589
92.8646
514.873
424.913
-366.154
0
0
0
0
-0.079168
4.59997
0
-4.59996
0
-144.024
6.80905
149.096
2.22045e-16
0
0
5.55112e-17
-0.00336402
-76.7715
270.393
-54.0449
103.369
254.389
0
-254.389
0
0
0
-77.7224
27.2029
-5.58396e-15
0
0
0
-661.47
0
661.47
0
0
0
-109.843
38.4485
