1.71426
0.1053
0.680349
0.845621
-1.42692
1.14726
-0.562177
-1.45908
0.867009
-0.253554
0.538236
-0.0260668
-0.18693
-0.334059
0.550372
0.109164
3.01323
-2.38981
-1.75138
1.27454
-2.02956
-0.0651561
-0.918512
2.95919
2.20131
-1.52918
0.228882
0.106987
0.707007
1.42313
-1.79628
1.00929
-0.482604
-1.93877
0.710032
-0.256667
0.872494
0
-0.320776
-0.278007
0.821736
0.102621
2.35817
-1.50823
-0.563421
0.324966
-1.36579
-0.641019
0.0609777
1.86147
1.09727
-0.546586
-0.114715
0.0892017
0.733146
1.88444
-1.90789
1.09635
-0.414087
-2.26873
0.406792
-0.0974489
1.03703
-0.006579
-0.455527
-0.30608
1.06954
-0.565449
1.62866
-0.455677
0.355646
0.0437565
-0.680047
-1.23822
0.651887
0.671828
-0.0268562
-0.554333
0.26709
0.0846622
0.724941
2.12327
-1.81661
1.06874
-0.397573
-2.3562
0.106283
0.0177414
0.911068
-0.200461
-0.57752
-0.237463
0.857795
-0.948299
0.888328
0.372941
-0.18545
0.346309
-0.30529
-0.448631
0.195118
-0.514426
-0.560991
-0.428562
0.726576
0.151131
0.747204
2.26412
-1.73693
0.789224
-0.312793
-2.3562
0.000253335
0.0912522
0.572524
-0.457952
-0.682459
-0.0595754
0.436692
-0.446942
0.412788
-0.140001
-1.17291
0.650285
0.00664905
-0.200938
0.587464
-1.38244
-1.05124
0.779755
0.975573
0.183333
0.749294
2.29148
-2.04625
0.396192
-0.146794
-2.33405
-2.0678e-17
0.0437767
0.237958
-0.715443
-0.491493
-0.00921679
0.0888727
0.00868689
-0.352761
-1.26581
-1.61164
1.43631
0.608907
0.0511293
-0.22571
-1.36501
-1.00457
1.68863
0.20523
0.21531
0.749994
2.10731
-2.3562
0.00150849
0.207119
-2.11131
0.0217094
-0.0179571
-0.0963252
-0.961505
-0.0854772
-0.0133316
0.233109
0.0484456
-0.753122
-0.983856
-0.875537
1.75119
1.54079
0.0942389
-1.2199
-1.35285
-0.377062
1.65819
-0.0178381
0.385411
0.725996
1.96392
-2.3562
0
0.395046
-1.71537
0.0467028
-0.295254
-0.695231
-1.05263
0.316972
-0.0199974
0.746489
-0.735037
0.221366
0.0998859
0.00607724
0.765055
2.14246
0.755558
-0.664325
-2.44561
-0.190238
1.29556
-0.152476
-6.06138
6.70804
-0.181465
100
6.75658
56.0918
7.11272
-0.726886
11.9982
1.41426
1.80251
7.38774
0.534044
100
35.6539
65.0414
-4.57288
-5.68023
20.5564
8.0707
7.56511
7.99391
0.930436
100
60.7401
67.6849
-11.9771
-7.804
4.41063
-1.14826
14.9832
7.63274
0.723954
100
88.3272
97.4175
-10.3497
-5.18014
27.8938
11.7267
14.168
6.43837
0.371322
100
95.5107
89.1669
1.50819
0.708583
28.3431
9.92389
-3.93694
0.0713045
-0.625952
99.0027
87.4342
76.1024
17.1831
7.94688
14.9901
3.1111
6.89313
5.55977
1.43925
99.8942
68.5937
40.63
16.402
4.78264
16.9074
6.17568
10.4573
5.45962
0.9639
2.09946
-0.22375
-1.30288
-8.09713
-4.87222
5.66189
2.66024
0
-1.05517e-15
0
0
161.126
515.713
-160.841
70.9682
0
0
0
0
1.22177e-21
0
0
0
-378.469
459.022
378.974
0
0
0
0
0
0
1.83199e-13
0
0
-1010.43
394.438
1010.42
0
0
0
0
0
-2.43118e-14
4.91795e-14
0
0
-1022.81
628.081
901.229
5.08976e-15
0
0
0
0
-4.76004e-15
0
0
0
-422.051
750.815
379.541
0
0
0
-2.44473e-14
7.95596e-14
0
0
0
0
1222.13
602.632
-1222.13
0.0547088
1.19652e-13
0
0
0
0
-2.54964e-13
0
0
79.7422
402.078
7.0009
187.08
0
0
0
0
0
8.78361e-18
0
0
395.687
11.6801
-377.376
44.3084
2.64054
15.1655
0
2.74246e-14
