0.313644
-0.0464
0.746369
-0.169226
0.0257743
0.185878
-0.0424268
-1.0044
0.1504
0.2794
-0.6654
-0.6273
0.6999
-0.2915
0.173175
-0.030789
-1.30624
0.916382
1.30939
-0.91953
-0.7944
2.2616
-1.2732
1.2217
-1.8227
-0.8885
-1.0888
0.0737477
0.743255
-0.115736
0.174688
0.157282
-0.230213
-1.00755
0.233618
0.241166
-0.61066
-0.708969
0.666797
-0.340285
0.296091
-0.0695054
-1.56602
2.07368
-0.0272978
-0.688367
-0.0703073
1.85728
-0.853398
1.88073
-1.3478
-0.738806
-1.0888
0.0937938
0.740141
-0.185904
0.309107
0.0894324
-0.22269
-0.983522
0.30089
0.220699
-0.526391
-0.769359
0.635808
-0.389354
0.380928
-0.0422602
-1.65361
3
-1.51427
0.167882
0.535962
1.50141
-0.456775
2.05088
-0.903198
-0.223136
-1.09514
0.112353
0.737822
-0.257258
0.443526
0.0215834
-0.219722
-0.959508
0.353296
0.218487
-0.452015
-0.809828
0.62581
-0.442312
0.414218
-0.0871123
-1.59742
3
-1.4875
0.0184323
0.857823
1.16961
-0.04937
1.65995
-0.551096
0.129272
-1.18192
0.131336
0.733629
-0.328383
0.553491
0
-0.22539
-0.921072
0.392436
0.233282
-0.399028
-0.83452
0.631602
-0.49527
0.42368
-0.0935787
-1.54835
2.45422
-0.481704
-0.400916
0.918324
0.873525
0.330184
1.18258
-0.310133
0.318648
-0.853452
0.149147
0.729237
-0.383951
0.62819
0.0180798
-0.262319
-0.879925
0.419921
0.249719
-0.372236
-0.848416
0.645879
-0.53351
0.342697
-0.0999963
-1.24054
1.59449
0.403509
-0.824189
0.763881
0.613601
0.366854
0.597942
-0.125147
0.372787
-0.457089
0.156915
0.727035
-0.411898
0.655339
0.0445184
-0.287959
-0.845698
0.437766
0.266156
-0.362193
-0.854023
0.658946
-0.55399
0.173193
-0.0508196
-0.623741
0.605934
0.590065
-0.567425
0.398644
0.39828
-0.0117937
0.223706
0.00629112
0.291632
-0.102372
0.160531
0.725783
-0.41578
0.65188
0.0709571
-0.307056
-0.827836
0.455611
0.265843
-0.360017
-0.858591
0.672013
-0.553627
-4.53974e-05
-0.00128918
0.0232833
-0.0772119
0.108787
-0.0548587
-0.216792
0.417606
-0.272459
0.0485523
-0.101944
-0.0202102
0.00809634
-17.689
-24.7178
-20.1821
0.470512
0.572194
0.829939
13.9119
10.7331
-16.7069
-12.7775
-9.41219
15.5989
69.9566
-23.6027
-7.62368
-0.446738
2.08997
4.96071
25.5135
11.9667
-45.9603
-32.1273
-4.52302
2.78359
2.90169
1.34145
-12.3736
-2.59022
13.3664
3.82974
-0.144962
28.1935
52.8257
-24.5615
-8.8313
-0.813314
-21.8966
-9.32364
16.1218
7.44155
-9.84519
34.5571
73.2035
-25.0749
-8.67835
-0.845039
-22.3882
-9.42809
19.152
9.78667
-33.6022
16.0343
65.707
-15.5131
-5.34573
-1.04966
-18.607
-6.73855
21.8696
11.7674
-67.763
-1.54327
74.9561
-17.411
-5.09593
-1.12792
-3.32556
3.17147
24.2946
12.4026
-20.3996
17.2984
69.0843
-25.3968
-7.27542
-0.951428
-14.2158
-6.0581
1.17349
-1.7787
7.61953
23.6899
24.8677
240.113
0
0
0
0
4.51868e-15
0
0
0
-1919.91
590.527
1934.81
89.316
0
0
0
0
0
0
0
0
-513.393
173.03
546.523
288.48
0
-6.82972e-19
0
0
0
0
0
0
-642.575
441.545
695.099
89.6862
-2.20089e-15
0
0
0
0
0
0
0
-11.321
574.497
33.7229
1.42265
0
0
-1.97733e-14
0
0
0
0
0
12.6356
537.035
-25.1015
2.22371
0
-1.42594e-16
0
0
1.22609e-14
0
0
0
587.005
666.001
-623.326
44.2172
0
0
0
0
0
-9.61851e-15
0
0
389.095
554.326
-389.196
0
0
0
0
0
0
0
0
0
