0.256691
-0.0464
0.746369
-0.169224
0.0257757
0.185874
-0.0424256
-1.0044
0.1504
0.2794
-0.6654
-0.6273
0.6999
-0.2915
0.651078
-0.00744983
-1.3093
1.64513
1.3366
-1.67243
-1.32231
2.0655
-1.296
1.0569
-1.959
-1.39841
-1.3982
0.0329331
0.745351
-0.1791
0.19345
0.133418
-0.204753
-1.05289
0.214173
0.231675
-0.626643
-0.699137
0.690773
-0.34186
0.719443
-0.0871616
-1.50114
2.30236
0.657035
-1.56283
-0.838627
1.73911
-1.30148
1.45506
-1.60759
-0.931495
-1.37328
0.0593809
0.742154
-0.234146
0.307072
0.101409
-0.242582
-1.08364
0.268837
0.18395
-0.559186
-0.758088
0.672603
-0.381858
0.79169
-0.0969336
-1.69751
2.96974
-0.0871567
-1.18508
-0.414082
1.49067
-0.967793
1.88922
-1.25689
-0.495538
-1.09061
0.086962
0.738042
-0.291311
0.429616
0.0597355
-0.275753
-1.09883
0.3235
0.14846
-0.489906
-0.80418
0.664422
-0.411931
0.752147
-0.122425
-1.55889
3
-0.536488
-0.9046
-0.255082
1.57516
-0.711662
1.85412
-0.97798
-0.22323
-0.819847
0.110376
0.733552
-0.348475
0.534685
0.0298678
-0.275847
-1.10818
0.381659
0.120817
-0.421911
-0.840044
0.663086
-0.429916
0.674829
-0.133514
-1.29541
2.761
-0.814431
-0.650736
-0.223748
1.63288
-0.753806
1.59792
-0.736425
-0.0366241
-0.490077
0.13507
0.728656
-0.395977
0.634587
0
-0.285871
-1.12326
0.435341
0.0932402
-0.36331
-0.867051
0.663394
-0.435837
0.52721
-0.136008
-0.798498
2.02294
-0.81632
-0.296681
-0.411212
1.44664
-0.73743
1.23871
-0.572941
0.00815375
-0.17662
0.146859
0.725961
-0.425258
0.680161
0
-0.288792
-1.15377
0.48839
0.0661948
-0.317879
-0.888063
0.663996
-0.434167
0.32147
-0.073501
-0.109192
0.952813
-0.685459
-0.0911859
-0.832099
1.46509
-0.438443
0.631129
-0.513309
-0.0789489
0.102484
0.158727
0.723576
-0.429263
0.701064
0
-0.292134
-1.20421
0.542119
0.0519146
-0.294728
-0.90689
0.651794
-0.43043
0.155492
-0.0650502
0.465152
0.0584637
-0.505104
-0.158262
-1.37563
1.60549
-0.313943
0.229527
-0.636987
-0.342209
0.228151
-34.1516
-15.4134
10.293
11.3188
3.5647
0.136353
14.1964
10.252
13.0943
4.90198
20.6426
45.9564
92.8445
-39.2958
-14.5405
-1.73139
-3.58671
1.091
22.9892
10.1571
-36.3321
-3.58386
38.629
0.54421
1.84457
1.09797
10.8795
9.21795
23.3147
12.2514
-40.4111
13.7688
80.701
-3.45004
4.43647
1.78745
-19.9509
-7.09919
27.7686
13.9991
-45.2056
-1.67446
46.8976
-3.61462
-0.960718
-0.397443
-1.0578
3.12108
26.3295
14.7813
-65.3779
7.63094
85.3397
-10.0306
-0.91483
0.718017
-19.0813
-5.81948
29.1339
15.2719
-71.9144
-1.97832
71.9605
-0.0494665
4.72177
1.8652
-17.7382
-5.4846
27.8526
14.9413
-19.6532
23.7043
69.8008
-28.3965
-9.22872
-1.43484
-13.7241
-6.04842
1.22653
-1.26921
-19.9579
133.501
-26.7682
2.75575e-15
0
0
0
0
0
0
0
0
-296.384
704.856
309.516
-1.61097e-14
0
0
0
0
0
0
0
0
-149.908
338.426
109.347
1.60279e-14
0
0
0
0
0
0
0
0
-129.493
662.903
79.6576
6.57872e-14
0
0
0
0
0
0
0
0
-100.155
405.415
61.0022
-2.84471e-15
0
0
0
0
0
0
0
0
-94.5434
712.575
33.6042
3.72059e-14
0
0
0
0
0
0
0
0
-42.9426
626.696
-11.7083
0
0
0
-6.19412e-15
0
0
0
0
0
7.08108
552.436
-8.01108
0.0158841
0
0
0
0
0
0
0
0
