0.301218
-0.0464
0.746369
-0.169226
0.0257743
0.185878
-0.0424268
-1.0044
0.1504
0.2794
-0.6654
-0.6273
0.6999
-0.2915
0.173175
-0.030789
-1.30624
0.916382
1.30939
-0.91953
-0.7944
2.2616
-1.2732
1.2217
-1.8227
-0.8885
-1.0888
0.0725324
0.744828
-0.0579183
0.121693
0.129584
-0.161943
-1.03858
0.23093
0.241705
-0.612829
-0.705733
0.661667
-0.317032
0.330889
-0.0461743
-1.74989
2.18489
0.160101
-0.595098
0.0246619
1.87144
-0.875982
1.68676
-1.34743
-0.225128
-0.593337
0.0893376
0.742703
-0.133218
0.250786
0.0803577
-0.187551
-1.03752
0.297959
0.220218
-0.540246
-0.763714
-2.41631
-0.31208
0.390536
-0.0493924
-1.91271
3
-0.96299
-0.124297
0.640864
1.5577
-0.499352
1.97259
-0.959113
0.134745
0.115081
0.106143
0.738401
-0.214863
0.379879
0.0389192
-0.197336
-1.00995
0.35296
0.21531
-0.456786
-0.804986
-2.42245
-0.267389
0.38402
-0.108969
-1.90637
3
-0.893332
-0.501086
0.950645
1.27815
-0.114051
1.93953
-0.645622
-0.142638
1.03857
0.122668
0.734443
-0.296896
0.508972
0.00116682
-0.221272
-0.969038
0.396239
0.227181
-0.38899
-0.832768
-2.44655
-0.197953
0.426216
-0.0919859
-1.9884
2.77378
-0.229136
-0.556246
1.17228
1.00576
0.275863
1.5755
-0.349779
-0.560072
1.61363
0.140271
0.730699
-0.36277
0.59975
0.00609002
-0.248372
-0.924287
0.429903
0.239051
-0.339304
-0.847819
-2.48046
-0.12824
0.341671
-0.0870078
-1.51161
1.99284
0.126874
-0.629794
1.03997
0.782446
0.271449
1.15465
-0.201336
-0.788028
1.62013
0.154974
0.727387
-0.427816
0.684929
0.0115496
-0.27083
-0.908131
0.454526
0.250732
-0.314093
-0.856908
-2.52125
-0.0585245
0.167446
-0.0452197
-0.562022
0.788395
0.080937
-0.30731
0.375447
0.572207
-0.158723
0.586313
-0.211223
-0.94778
1.36012
0.162179
0.725726
-0.452
0.718322
0.0154428
-0.281765
-0.891975
0.478608
0.243659
-0.288863
-0.874637
-2.58294
0
-0.00596219
-0.0273783
0.24577
-0.270359
0.0904758
-0.254107
-0.510502
0.559643
-0.401499
0.104538
-0.411996
-1.43359
1.36008
-16.1955
0.332957
28.8068
-4.18552
-1.51038
0.429542
12.5338
9.34471
24.0728
13.3639
23.3251
49.0267
100
-31.5654
-10.7928
-0.99911
-14.9397
-5.22984
27.9683
13.2188
-57.7056
-21.4695
24.9886
12.6312
6.77166
1.95592
11.8813
9.45076
23.7372
16.5895
32.0648
58.6559
84.3917
-32.816
-11.8553
-1.31753
-24.3783
-11.027
-4.28032
0.151868
-9.2995
19.0139
44.1171
-17.849
-5.5121
-0.174886
-18.4877
-7.12084
-0.964769
-0.810351
-100
-76.855
-48.3711
-3.07595
0.591587
-0.0561503
-9.59436
-0.0441474
15.2861
7.36899
-100
-80.5476
-54.8117
-25.2551
-9.29648
-1.99205
-17.4306
-3.76504
17.3729
7.88237
-20.835
21.3691
68.7923
-26.5098
-7.85808
-1.07105
-13.9103
-6.05956
-1.8545
-0.635278
-54.0067
281.044
18.6971
0
0
0
0
0
-4.51868e-15
6.26693e-15
0
0
1927.35
737.544
-1893.41
15.5733
0
0
-2.97546e-15
0
0
0
0
0
4.81107
281.957
-79.1435
0
0
0
0
0
0
0
0
0
3078.03
601.462
-3013.83
0.0377796
0
0
0
0
0
0
0
0
-1364.1
399.675
1416.05
110.793
0
0
0
0
0
0
0
0
-1611.74
11.2702
1676.68
574.822
0
0
0
0
0
0
0
0
-1382.54
6.90427
1496.76
665.893
-5.63361e-16
0
0
0
0
0
0
0
900.741
551.975
-900.824
0
0
0
0
0
0
0
0
0
