0.624474
0.5342
0.449806
1.12253
-0.127401
0.0147902
-1.00992
-2.35617
1.96312
-0.729482
-0.825103
-0.358699
0.811799
-0.000500444
0.760369
-1.1934
-1.93424
3.82048
0.581627
-2.46787
0.659121
4.97913
-3.70401
4.81196
-3.74277
3.71628
3.246
0.542809
0.435932
1.07618
-0.0583215
0.0195716
-1.03743
-2.32268
2.03715
-0.834083
-0.92183
-0.144777
0.80665
-0.00964215
-0.560075
-0.130275
1.86679
-2.48112
-1.15527
4.45251
-0.565948
-2.01236
-1.41233
-3.81567
2.42412
-2.99046
-0.357543
0.480177
0.522607
1.24279
-0.392194
0.0246768
-0.87527
-2.3562
1.60511
-0.549692
-1.21282
-0.00948829
0.382486
-0.142211
-0.92816
0.593921
2.76932
-4.99778
1.67623
1.81743
4.33606e-11
-5
3.26885
-3.20501
-0.150098
-4.93355
-1.51518
0.408114
0.594577
1.37887
-0.682342
0.0190858
-0.715617
-2.3562
1.15906
-0.235215
-1.42403
-0.0100879
-0.0551853
-0.263904
-0.587635
0.678735
1.21693
-2.08226
-1.94598
1.26602
2.11376
-4.73434
4.20596
-1.67681
0.0414125
-3.94118
2.06284
0.348915
0.639505
1.48831
-0.896636
0
-0.591677
-2.33152
0.742503
0.100707
-1.39108
-0.347338
-0.400495
-0.0781061
-0.692059
0.600621
1.65811
-3.36248
0.117794
1.64558
0.270566
-3.81738
3.76544
0.473971
-3.82
-2.75474
2.16026
0.317813
0.658192
1.60418
-1.11883
0.100947
-0.5863
-2.30825
0.403897
0.300175
-1.2694
-0.79233
-0.638825
-0.0415799
-0.346679
0.19347
0.776597
-1.57406
1.15801
-0.579335
-0.140089
1.05793
-2.25421
1.55731
-4.99919
1.09014
0.367794
0.308953
0.663942
1.67326
-1.1851
0.0628499
-0.551006
-2.29263
0.219018
0.400351
-1.22298
-1.00465
-0.541567
-0.0118853
-0.0730015
0.0325026
0.246808
-0.179146
-0.568697
0.571211
1.98293
-2.89444
3.68198
0.506184
-0.651573
1.17552
0.330666
0.305282
0.666329
1.69353
-1.1939
0.0264548
-0.526083
-2.20999
0.00692739
0.509533
-1.22131
-1.05249
-0.540425
-0.00151937
-0.000860342
-0.000205754
0.0118559
0.0275049
-0.0701185
0.00768186
-0.056852
0.0343423
0.315668
-0.0107221
-0.0175352
-0.0545874
0.091713
-98.3046
-69.036
11.3317
63.2147
45.5493
-5.8189
2.3442
50
-59.8054
-43.0283
-99.9841
-27.7386
29.6376
42.2907
-45.9484
6.35225
35.5861
42.4174
-59.9596
-47.8041
-76.6903
-47.6356
-0.245631
53.3144
66.0612
1.04531
59.828
36.5385
51.259
26.5868
-83.4554
-41.7449
10.0707
43.6349
-18.3636
11.1027
45.5384
45.7753
36.4225
26.0232
-45.677
-17.3823
-3.39353
2.77229
41.4695
-7.19987
43.9745
5.76023
30.799
6.92222
-17.3876
-15.1176
5.51897
21.2867
-14.1425
3.00732
12.2975
34.9503
45.1811
23.8269
-31.204
-14.1969
2.35538
1.82513
16.9879
-0.483667
53.6072
33.3324
-39.2686
-25.8427
-2.91809
1.06697
11.3816
29.3717
16.7708
-0.501646
10.5926
29.8572
16.207
5.54912
5.96475
238.288
-1.09479
130.903
-53.6613
178.932
-72.646
181.946
-79.7035
227.724
0
0
2.67423
320.01
18.7292
188.804
-52.4747
199.551
-112.011
270.409
-83.8051
242.733
0
0
11.7949
223.758
6.39093
192.399
-10.7076
89.0477
-48.3704
84.8093
-59.3744
213.512
0
0
-8.14128
135.407
6.4171
84.8931
-11.1382
117.613
-38.2252
114.391
-31.4439
145.35
0
0
-38.5232
120.113
-43.6756
114.741
-7.74797
63.8361
-40.0795
72.8137
14.1355
82.9073
0
0
13.0444
82.7137
54.2884
109.666
18.4655
1.7149
-18.8058
5.2635
-3.35318
76.8146
0
0
-14.3211
129.748
13.2151
134.568
-9.75212
66.7233
-42.8555
83.5843
-15.6708
44.7737
0
0
28.8423
109.928
27.7745
78.249
-4.45134
100.478
-28.7776
95.4218
-23.3952
170.194
1.35087e-14
0
