1.76649
4.41008
0.65594
0.540911
-0.165591
0.300499
-0.675819
-1.2394
1.03239
-0.333904
0.3153
-0.1676
-0.409489
-0.905195
0.467294
-0.334431
0.228307
0.0979716
1.12754
-1.45382
-0.811819
2.57838
-1.99487
0.140511
2.03891
3.26671
-4.39998
4.49424
0.569783
0.335525
0.0726383
0.612466
-1.02063
-1.13964
1.56261
-0.83732
0.350759
0
-0.144066
-1.07213
-0.000988912
0.0945946
-1.18656
0.994241
1.33884
0.494313
1.48835
-4.38238
-4.82802
3.82771
-0.0430348
-0.579201
1.16131
4.40151
0.587467
0.368126
-0.272115
0.955012
-1.05102
-1.28693
1.39263
-0.473828
1.00109
-1.21521
-0.50045
-0.73062
-1.16477
-0.190997
0.930531
-4.50186
4.30041
-4.44343
-4.58526
2.5436
3.30788
0.710534
-5
-3.07022
1.32686
4.10746
0.53955
0.626762
-1.40882
1.65642
-0.874363
-1.77698
0.810743
0.339477
1.047
-2.3342
-1.2899
-0.377536
-1.67398
-0.139394
2.03765
-2.58387
-4.76645
0.927579
-1.91575
-2.28385
-4.64007
-3.97691
4.89663
-5
-0.496895
3.68593
0.555666
0.96312
-2.06372
0.755832
0.338671
-1.87068
0.228855
0.668143
1.04138
-1.69321
-2.2252
-0.00477846
-0.407534
0.0651351
-1.00776
-4.83339
3.7322
4.81821
2.21451
-5
1.29708
-0.023288
2.48824
1.65096
-4.90519
4.02689
0.526642
0.708813
-1.69577
1.69427
-0.707314
-1.67537
0.233561
0.733
1.03577
-0.829921
-1.66167
-0.0587862
1.32397
-0.114288
-4.27734
5
0.569815
-4.1546
0.79082
5
0.268796
1.25981
4.94331
4.6204
-0.00967432
4.08855
0.494579
0.581349
-1.49973
1.83853
-0.920147
-1.87731
0.950336
0.345621
1.047
-0.73041
-1.51612
-0.0624322
-0.106544
-0.134268
1.29641
-1.23209
5
3.28109
-4.51266
2.82309
-1.71591
0.0774042
0.431059
0.556834
0.0922182
4.06098
0.474597
0.611457
-1.63734
1.90967
-0.883787
-1.93472
0.889892
0.433374
1.04558
-0.630899
-1.61073
-0.0328185
0.0119238
0.095492
0.114311
-0.495279
-0.0609275
-0.456093
-0.203296
-1.6211
0.368819
-0.00566356
0.416618
-0.725421
0.757639
4.07158
-15.1723
-4.00384
97.1493
32.0512
-3.99254
34.0777
46.505
-45.3431
-24.0664
-0.705147
6.78523
12.5596
41.3446
-15.4223
-3.19744
-28.1654
-49.539
-50.4345
-36.2979
-38.1751
-44.7401
-21.6751
82.653
59.204
0.795516
-22.2995
16.1114
-46.1306
-27.1526
-71.8144
-55.1146
7.22431
46.509
-21.1523
-17.0416
26.1724
0.182729
5.68903
-4.70904
65.6712
40.7543
-14.1939
-1.6529
38.8699
9.89883
-40.4711
-15.0481
21.3753
9.12304
-22.5731
-69.101
-1.11778
-65.0564
-48.9784
-15.5261
29.4459
12.1715
18.8427
16.2911
-77.0839
-22.7717
-6.54989
87.6859
53.1813
2.15613
-37.9576
-19.3138
-46.6229
-38.2795
14.222
-51.5908
-11.8764
60.2301
-11.48
-33.3879
16.8895
5.3033
-21.0271
-8.82754
54.1339
173.4
69.2457
179.113
-66.3983
238.791
-122.835
301.877
0
0
-47.8952
16.7633
52.4412
27.7488
-12.2179
149.607
-32.8551
191.386
-112.207
299.876
0
0
-109.635
38.3723
51.4076
103.21
51.6057
192.861
6.51808
62.6809
-70.4834
181.213
0
0
-53.8114
18.7275
-50.6299
115.558
-50.3984
198.698
13.4981
75.6185
-52.387
164.092
0
0
-1.87237e-13
0.92352
115.345
214.283
115.264
444.6
63.6588
6.51573
-59.7628
4.61654
0
0
0
-0.170202
-71.2783
157.166
-71.2828
250.145
25.1622
0.350127
-19.755
0.402198
0
0
-0.235937
-0.0144551
30.3403
175.39
30.3709
251.625
-1.4458
41.9386
-67.7991
155.868
0
0
-87.0691
23.6887
47.6893
24.3973
29.5088
224.482
40.1802
9.32617
-92.2163
291.714
0
0
-25.6688
5.75452
