3.49967
8.21614e-06
0.656364
0.0997447
-0.071773
0.750084
-0.778056
-0.877798
0.750027
0.028027
-0.660068
-0.625079
0.690018
-0.295101
0.149296
0.0600491
0.434199
0.231837
-0.955814
0.289778
-0.182137
0.02788
-0.279943
0.957606
0.533996
0.0389053
-0.749693
0.0319825
0.667121
0.0971467
0.083673
0.524675
-0.705494
-0.826515
0.764239
-0.0348704
0.146632
-0.42867
0.707497
-0.687423
0.0533146
0.0142179
-0.0321865
0.311013
-0.423627
0.144801
0.103633
0.039396
-0.110842
1.61359
0.0986752
-1.15601
-1.22846
0.0349691
0.67536
0.0785143
0.159055
0.408554
-0.646123
-0.769761
0.7064
-0.0151533
0.608567
-0.573953
0.255217
-0.811134
-0.00306594
0.0164816
-0.0397864
0.127407
-0.206096
0.118475
0.117685
-0.147357
0.0694588
0.923283
-0.290595
-0.811045
-0.247444
0.0253752
0.686331
0.0807157
0.187652
0.305349
-0.573717
-0.714347
0.573804
0.0598261
1.04
-0.506611
0.233211
-0.81217
-0.0231547
0.0241551
0.119805
-0.0407882
-0.254556
0.175539
0.0247156
-0.332568
0.188048
-0.319665
0.13842
-0.0364333
0.00339125
0.0138141
0.696615
0.134414
0.172126
0.183411
-0.489951
-0.692474
0.3995
0.15856
0.774471
-0.454419
0.210214
-0.812048
-0.020795
0.0164756
0.0844019
-0.0042398
-0.239293
0.159131
0.070271
-0.352344
0.197671
-0.875817
-0.0643175
-0.415536
-0.138081
0.00464797
0.702622
0.177301
0.159275
0.0901399
-0.426716
-0.657364
0.223449
0.256614
0.578152
-0.506446
0.122586
-1.26994
-0.00241676
0.00347487
0.0997554
-0.0258207
-0.158764
0.0848291
-0.0445682
-0.113481
0.0582942
-0.0704067
-0.135622
0.589138
-1.0713
0.00310276
0.703489
0.191249
0.151382
0.0726192
-0.41525
-0.652276
0.181888
0.279139
0.682298
-0.574145
0.395166
-1.49319
-0.00313023
0.00125809
0.0106532
-0.0153871
-0.000919308
0.0056532
0.0245896
-0.0780962
0.0428535
0.417922
0.309259
0.475441
-0.406275
0.00194591
0.703954
0.193643
0.147286
0.0721842
-0.413114
-0.640262
0.150263
0.296356
0.890847
-0.419866
0.631614
-1.49503
-1.7934e-08
5.71668e-08
1.19554e-07
1.80702e-06
-3.96928e-06
2.04271e-06
1.11189e-06
-2.45042e-06
1.21898e-06
8.11305e-07
-8.93319e-07
-1.79982e-06
2.14754e-06
-15.5704
-21.0005
11.5617
46.7949
-7.14488
5.26838
-10.368
-5.55291
5.24697
-0.928072
-30.7899
-25.9317
11.3707
42.2502
-10.2195
4.96991
1.6101
-1.84264
9.01897
0.161884
-46.9544
-35.7726
8.06874
41.894
-2.04331
2.64727
5.04161
-1.12128
5.72466
0.176475
-36.5239
-26.0042
9.2866
36.8403
-1.38431
2.4269
13.4415
3.34526
-0.408887
-3.29581
-41.6579
-25.594
7.72764
46.8987
12.6229
2.02686
9.38761
0.906632
0.542491
-3.5864
-25.4825
-13.5217
6.62306
43.7755
13.7552
0.381758
15.0489
5.05237
0.1683
-3.87472
-27.4647
-13.3994
9.60124
43.1127
17.9138
2.12111
8.2622
0.165581
1.00463
-5.01422
-26.4709
-13.4934
8.50668
35.6713
13.9738
0.0553702
14.0425
3.74372
4.79078
-3.76827
9.6564
129.163
12.1107
65.6101
-18.8771
196.772
-25.6669
146.766
0
0
0
0
8.92699
143.663
10.3459
83.1791
-31.6437
189.38
-1.90635
151.524
0
0
0
0
8.27666
150.681
7.0362
121.017
18.7965
140.65
-27.5317
138.63
0
0
0
0
11.0734
148.007
11.8206
113.074
-12.8841
153.227
-13.4846
138.945
0
0
-1.3056e-15
0
8.60219
151.589
8.05543
126.897
-3.74998
134.654
-4.21549
138.118
0
0
0
0
11.4839
123.084
12.1537
109.296
-19.9278
164.354
-16.1424
163.595
0
0
0
0
14.6362
149.959
13.9463
118.057
-12.3676
146.41
-11.2306
136.242
0
0
0
0
17.3988
144.693
15.7292
126.966
-13.6042
141.444
-19.5238
141.162
0
0
0
0
