0.777497
4.29947
0.66639
0.0998885
-0.116825
0.750368
-0.733432
-0.833326
0.75016
-0.0167224
-0.148463
-0.669952
0.0176175
-0.297822
0.249664
0.0869751
1.05513
-0.00945037
-1.41899
0.373317
-0.6438
0.0513689
-0.462695
1.2659
0.785517
-0.0678429
-0.780945
4.32221
0.673541
0.207452
-0.125182
0.612621
-0.694891
-0.904854
0.756951
-0.0595484
-0.00511623
-0.582626
0.0106889
-0.357423
0.189734
0.0493185
0.939252
-0.0864586
-1.19924
0.346445
-0.668068
0.105414
-0.376598
1.37806
0.869757
-0.0606218
-0.536601
4.34023
0.675888
0.292672
-0.134248
0.510505
-0.668928
-0.973298
0.782798
-0.102171
0.125497
-0.515325
-0.00490649
-0.392243
0.157654
0.0108501
0.725621
-0.0563527
-0.89336
0.224092
-0.608378
0.278794
-0.396037
1.17417
0.601707
-0.189562
-0.312911
4.35778
0.675711
0.360492
-0.12907
0.41528
-0.646702
-1.03243
0.821732
-0.149792
0.223516
-0.472522
-0.0233498
-0.415779
0.167897
-0.0154033
0.559896
0.117911
-0.857152
0.179346
-0.518616
0.448505
-0.489785
0.862231
0.306689
-0.1659
-0.21008
4.37506
0.673404
0.418324
-0.115169
0.323626
-0.626781
-1.0872
0.870215
-0.20134
0.296274
-0.442263
-0.0395828
-0.431279
0.146313
-0.0263052
0.498971
0.125228
-0.803898
0.179699
-0.484938
0.434208
-0.448241
0.570365
0.14338
-0.144915
-0.13875
4.387
0.670898
0.463069
-0.107171
0.254756
-0.610653
-1.13131
0.906737
-0.238501
0.342828
-0.420128
-0.0489464
-0.437238
0.092461
-0.0216814
0.383323
0.0470964
-0.575615
0.145195
-0.380292
0.287303
-0.290335
0.315086
0.212951
-0.0515869
0.0403573
4.39266
0.669411
0.483976
-0.101887
0.220017
-0.602106
-1.15243
0.925078
-0.256626
0.373257
-0.400846
-0.0531563
-0.432756
0.0361873
-0.00895227
0.121634
0.0632818
-0.258007
0.0730917
-0.119608
0.111446
-0.113472
0.10854
0.158969
0.010188
0.0539847
4.3949
0.668879
0.489531
-0.0953576
0.202729
-0.596903
-1.15775
0.931778
-0.263563
0.383697
-0.393516
-0.0519261
-0.432438
0.00592757
-0.000179834
-0.0085435
0.0571533
-0.0808275
0.0322178
0.0137974
0.00936574
-0.0146196
0.0123941
0.000616596
0.0162611
-0.00015327
-60.3216
-46.8392
-1.10035
80.4015
18.6337
19.9095
3.06947
0.00714841
7.56782
3.4546
-42.3573
-23.4333
12.4317
92.0984
20.7916
28.412
-1.2314
-4.68253
-0.914744
-2.69424
-16.2713
-9.80535
19.9444
59.9122
-0.735739
13.3032
-2.4874
-5.46016
4.84919
0.795412
-20.1351
-12.341
14.5357
69.0019
3.58543
21.2141
1.21634
-3.39915
1.72497
-1.76286
17.1843
10.966
16.3375
32.2232
-30.321
15.0124
6.21623
-0.315456
7.37365
1.85114
10.1348
5.63498
5.76848
57.4302
-20.4214
36.6857
9.35626
1.25586
6.7781
0.595778
10.3272
4.33565
0.836343
63.136
-23.8804
36.0175
7.13046
-0.904933
4.44661
-1.1984
-6.22629
-7.81134
-4.3359
58.0281
-32.1707
8.56398
11.73
2.80157
4.96806
0.0313707
-18.9742
100.116
-22.336
92.8956
-1.07499
240.72
1.63458
100.399
0
0
0
0
-25.8383
140.659
-23.1679
0.506661
1.34472
305.995
-1.34472
96.4168
0
0
0
0
7.44306
167.736
-7.81435
7.90175
1.73725
228.41
-11.029
141.227
0
0
0
0
5.25772
138.595
-5.25772
25.9166
-6.88422
266.999
5.33061
118.089
0
0
0
0
8.1354
104.8
29.5175
3.31598
-35.3868
288.879
-22.121
151.504
0
0
0
0
2.21219
41.8566
10.947
5.81791
-60.4692
421.717
0.492612
98.3476
0
0
0
0
-30.6408
9.78634
36.5833
7.85158
-55.0405
429.387
4.2853
123.842
0
0
0
0
-0.403738
2.34087
0.762076
44.6804
1.12526
264.536
-1.48179
242.712
0
0
0
0
