1.35
-0.0413
0.747717
-0.15256
0.0440404
0.156292
-0.047773
-1.011
0.1492
0.2787
-0.6653
-0.6266
0.6984
-0.2922
1.12251
0.00265651
-0.993605
2.10569
1.23893
-2.35102
-1.4993
1.9997
-1.3026
1.0007
-2.0003
-1.5692
-1.4993
-0.0437187
0.747765
-0.13783
0.0297658
0.14794
-0.0398758
-1.13666
0.157784
0.279722
-0.642102
-0.592505
0.634991
-0.343552
0.997788
0.00236134
-0.883205
1.87173
1.10127
-2.08979
-1.33271
1.77751
-1.15787
0.889511
-1.77804
-1.39484
-1.33271
-0.0461374
0.747812
-0.1231
0.0154911
0.139587
-0.0319786
-1.26232
0.166368
0.280743
-0.618903
-0.55841
0.571581
-0.394903
0.873064
0.00206617
-0.772804
1.63776
0.963609
-1.82857
-1.16612
1.55532
-1.01313
0.778322
-1.55579
-1.22049
-1.16612
-0.0485562
0.747859
-0.10837
0.00121641
0.131235
-0.0240815
-1.38798
0.174952
0.281765
-0.595705
-0.524315
0.508171
-0.446255
0.748341
0.001771
-0.662404
1.4038
0.825951
-1.56734
-0.999533
1.33313
-0.8684
0.667133
-1.33353
-1.04613
-0.999533
-0.0509749
0.747906
-0.0936398
-0.0130583
0.122882
-0.0161843
-1.51364
0.183536
0.282787
-0.572507
-0.49022
0.444762
-0.497606
0.623617
0.00147583
-0.552003
1.16983
0.688293
-1.30612
-0.832945
1.11094
-0.723667
0.555944
-1.11128
-0.871778
-0.832944
-0.0533936
0.747953
-0.0789099
-0.0273329
0.11453
-0.00828714
-1.6393
0.19212
0.283808
-0.549308
-0.456125
0.381352
-0.548958
0.498894
0.00118066
-0.441602
0.935864
0.550634
-1.0449
-0.666356
0.888756
-0.578933
0.444755
-0.889022
-0.697422
-0.666356
-0.0558123
0.748
-0.06418
-0.0416076
0.106178
-0.000389968
-1.76496
0.200704
0.28483
-0.52611
-0.42203
0.317943
-0.60031
0.37417
0.000885495
-0.331202
0.701898
0.412976
-0.783672
-0.499767
0.666567
-0.4342
0.333566
-0.666767
-0.523067
-0.499767
-0.0582311
0.748047
-0.04945
-0.0558823
0.0978251
0.0075072
-1.89062
0.209288
0.285852
-0.502912
-0.387935
0.254533
-0.651661
0.249447
0.000590326
-0.220801
0.467932
0.275317
-0.522448
-0.333178
0.444378
-0.289467
0.222377
-0.444511
-0.348711
-0.333178
-0.0606498
0.748094
-0.0347201
-0.070157
0.0894727
0.0154044
-2.01628
0.217872
0.286873
-0.479713
-0.353839
0.191124
-0.703013
0.124723
0.000295157
-0.1104
0.233965
0.137659
-0.261224
-0.166589
0.222189
-0.144733
0.111189
-0.222255
-0.174356
-0.166589
-0.0630685
0.748141
-0.0199902
-0.0844316
0.0811203
0.0233015
-2.14194
0.226456
0.287895
-0.456515
-0.319744
0.127714
-0.754364
-1.26884e-07
-1.17814e-08
3.3862e-07
-6.73608e-07
2.77722e-07
5.72654e-08
-2.62739e-07
-1.90076e-08
1.05815e-07
-4.27883e-07
1.08963e-07
-2.01075e-07
-1.35664e-07
-100
-93.8287
-7.62089
73.2242
-9.25532
-7.80182
33.9647
50
-41.1641
-50
-100
-78.6842
-5.70201
87.5875
7.01682
-3.7335
25.52
50
-41.375
-50
-98.0252
-66.2047
-4.33996
95.4334
19.6519
-0.381636
20.0837
50
-40.0504
-44.3578
-82.5423
-56.4125
-3.55804
96.386
28.4142
2.1976
17.3552
42.9543
-37.133
-36.7317
-71.3438
-49.1173
-3.32837
90.2885
33.1912
3.98393
16.9497
35.4238
-32.6964
-27.8329
-63.7267
-43.8542
-3.55661
77.3025
34.0351
4.99989
18.4089
30.3318
-26.9921
-18.2812
-58.4835
-39.8692
-4.07787
57.9679
31.183
5.31013
21.2509
27.3653
-20.4594
-8.86346
-53.9906
-36.1817
-4.6708
33.1738
25.0331
5.00977
25.0557
26.1761
-13.6807
-0.437383
-48.428
-31.721
-5.08985
4.02705
16.0749
4.20297
29.5605
26.4508
-7.28709
6.20149
-51.4935
-30.7751
-6.68506
13.6665
10.4156
0.433992
9.21586
9.47122
31.822
29.6563
-109.615
116.764
0
0.472314
5.5546e-14
-3.18786e-14
0
-2.75955e-14
0
0
0
0
-91.8897
110.247
-91.8897
8.65431
0
0
0
0
0
0
0
0
-77.3082
107.774
-77.3082
21.1684
0
0
0
0
0
0
0
0
-65.9716
109.025
-65.9716
37.6453
0
0
4.58851e-14
0
0
0
0
0
-57.7283
113.376
-57.7283
57.3313
0
0
0
0
0
0
0
0
-52.0893
119.843
-52.0893
79.0303
0
0
0
0
0
0
0
0
-48.1967
127.111
-48.1967
101.166
0
0
0
0
1.56652e-14
0
0
0
-44.8842
133.687
-44.8842
121.993
0
0
0
0
0
0
0
0
-40.8353
138.149
-40.8353
139.912
0
0
0
0
0
0
-4.34739e-15
0
-41.2767
131.729
-41.2767
147.019
0
0
0
0
0
0
0
0
