0.263457
-0.0464
0.746369
-0.169224
0.0257757
0.185874
-0.0424256
-1.0044
0.1504
0.2794
-0.6654
-0.6273
0.6999
-0.2915
0.651078
-0.00744983
-1.3093
1.64513
1.3366
-1.67243
-1.32231
2.0655
-1.296
1.0569
-1.959
-1.39841
-1.3982
0.0273504
0.747397
-0.156336
0.171902
0.100661
-0.132775
-1.03374
0.215505
0.230623
-0.625428
-0.70103
0.678401
-0.342993
0.728734
-0.101977
-1.5402
2.26349
0.898568
-1.91552
-0.779597
1.72982
-0.973918
1.5826
-1.58787
-0.897946
-1.36815
0.0588543
0.744005
-0.214304
0.289056
0.0808989
-0.176381
-1.06308
0.269459
0.191113
-0.562529
-0.760793
0.66203
-0.388822
0.83449
-0.100906
-1.83881
2.8743
0.512756
-1.53065
-0.29561
1.43355
-1.04977
2.04758
-1.23104
-0.43496
-1.2177
0.0900937
0.740484
-0.280944
0.411329
0.0668276
-0.217804
-1.07421
0.314765
0.147053
-0.481918
-0.807125
0.657493
-0.422496
0.8215
-0.13705
-1.7731
3
0.109976
-1.33608
-0.0571279
1.20375
-1.17063
2.14517
-0.923576
-0.120539
-0.89471
0.116453
0.735605
-0.342091
0.523733
0.044741
-0.241385
-1.07644
0.355161
0.102994
-0.401181
-0.841886
0.659424
-0.443213
0.733786
-0.142839
-1.47082
2.75798
-0.284107
-0.957105
-0.0485318
1.08078
-0.934793
1.82748
-0.699597
0.0512873
-0.550468
0.144302
0.730416
-0.395135
0.627494
0.0243405
-0.248963
-1.08538
0.395839
0.0678106
-0.332401
-0.868216
0.663658
-0.451825
0.573401
-0.140881
-0.94655
2.14811
-0.585953
-0.61688
-0.237317
1.31801
-0.640226
1.3217
-0.545456
0.11252
-0.22891
0.152304
0.726873
-0.43076
0.690977
2.67353e-05
-0.272528
-1.11007
0.449014
0.0437134
-0.282646
-0.888731
0.66765
-0.449397
0.345786
-0.10088
-0.19727
1.09289
-0.671814
-0.280867
-0.656114
1.52147
-0.369252
0.728373
-0.496179
0.0330868
0.0644955
0.163045
0.724908
-0.438185
0.714269
0
-0.280235
-1.15868
0.506116
0.0333701
-0.255232
-0.90745
0.668677
-0.443276
0.162159
-0.0583127
0.447234
0.0656706
-0.481375
-0.111901
-1.29145
1.52002
-0.272058
0.31057
-0.690786
-0.287291
0.180171
-39.4813
-17.1618
15.4527
10.5403
4.68727
1.54916
18.6632
12.9132
20.6617
10.3689
23.6079
46.7359
81.0386
-32.5466
-12.2817
-1.5187
-0.176739
2.52868
15.1074
4.59149
-7.53373
22.8544
61.7525
-21.8561
-8.75429
-1.98456
3.01783
4.71921
21.7793
10.7651
-44.5117
0.422681
57.1808
-1.78651
1.26224
0.797247
-5.25026
0.934799
28.7504
15.6052
-39.0537
12.9192
73.8369
-10.9222
-1.3598
0.618077
-18.8439
-6.69466
25.6091
13.452
-92.7636
-24.0884
54.6039
24.1438
16.8689
4.2124
-10.3447
-1.29773
32.1694
17.7672
-67.7413
8.20057
88.1587
-13.9603
-2.62883
0.320124
-20.5878
-6.99835
27.3696
14.3202
-21.0784
22.945
69.7494
-28.4578
-9.26594
-1.45077
-13.4872
-6.07473
1.28932
-1.29877
-30.3205
198.429
-31.3063
-1.8994e-14
0
0
0
0
-7.46932e-15
0
0
0
-2725.8
589.039
2746.1
1.23999e-13
0
0
0
0
0
0
0
0
-977.359
488.376
976.881
0
0
0
0
0
0
0
0
0
-1049.08
485.618
988.691
0
0
0
0
0
0
0
0
0
-1094.56
604.962
1070.01
3.66338e-14
0
0
0
0
1.09894e-14
0
0
0
1879.65
515.853
-1991.6
0
0
0
0
0
0
0
0
0
-775.898
737.373
734.925
0
0
0
0
0
0
0
0
0
-753.855
552.86
753.027
0
0
0
0
0
0
0
6.37867e-16
0
1.60027
-0.0464
0.746369
-0.169224
0.0257757
0.185874
-0.0424256
-1.0044
0.1504
0.2794
-0.6654
-0.6273
0.6999
-0.2915
0.651078
-0.00744983
-1.3093
1.64513
1.3366
-1.67243
-1.32231
2.0655
-1.296
1.0569
-1.959
-1.39841
-1.3982
0.102433
0.739517
-0.515431
0.677754
0.0378796
-0.210266
-1.30669
0.83623
0.41837
-0.423783
-1.07515
0.738663
-0.472539
0.710315
-0.125481
-1.5144
3
-0.751424
-0.734176
-0.626119
3
0.446742
2.02062
-0.280143
0.169561
-0.791919
0.0578722
0.744421
-0.64647
0.733
0.0509331
-0.147801
-1.99252
1.52206
0.568705
-0.246667
-1.06901
0.777426
-0.255199
-0.194921
0.0214498
1.21299
-1.54332
0.0570925
0.27324
-3
2.79094
0.657844
0.0265774
0.0337746
-0.484419
0.950685
0.000129179
0.749325
-0.390609
0.380181
0.0710297
-0.0854125
-2.35433
2.1601
0.71904
-0.240589
-1.04352
0.766441
-0.0378586
-0.252583
-0.0238643
1.11921
-2.81475
2.61551
-0.919962
-1.43766
1.17817
0.276893
-1.03561
0.111452
-0.0480283
1.5291
0.0295042
0.745641
-0.443418
0.415544
0.189453
-0.161579
-2.3562
2.54205
0.733
-0.476996
-0.849762
0.849643
0
0.12638
-0.000430784
-0.231004
0.556243
-0.260649
-0.0645902
0.0980668
1.67075
0.0594186
-0.116557
1.00879
0.363953
0.165529
0.0583955
0.745542
-0.496227
0.615865
1.39739e-05
-0.176343
-2.33362
2.618
0.733
-0.146734
-0.426657
0.932845
-0.062797
0.1284
-0.0154289
-0.360736
2.0597
-3
1.30104
1.17314
0.374881
-0.0779815
1.44466
1.85077
0.498489
-0.954412
0.0877488
0.741093
-0.578695
0.733
0.00142395
-0.144667
-1.65011
2.618
0.730989
0.183527
-0.00363
1.04681
-0.280977
0.318667
-0.0505021
-1.28493
0.281299
3
-1.99637
2.99968
-2.36378
-0.0545136
1.17255
1.75849
1.05577
-0.218303
0.1606
0.728884
-0.575052
0.733
0.216479
-0.330055
-1.59181
2.07763
0.718269
0.181333
0
1.04435
-0.33089
0.00501438
-0.0013061
0.0159355
-0.00697516
-0.00188269
-0.00707766
-0.0114417
0.0203414
-0.055584
-0.00960716
0.0158745
-0.0107618
0.00752895
2.74427
16.8723
47.5459
-4.34754
3.31112
1.80655
4.23814
4.42896
12.903
3.64384
-35.516
19.8483
80.2831
-25.0444
-7.74394
-0.683532
-10.2964
-1.46512
20.2329
10.2714
-50.0215
3.86572
63.7764
-11.6854
-3.07858
-0.246053
-15.7144
-5.73498
20.1481
10.828
29.5957
51.6693
70.8984
-15.0405
-8.25728
-1.15899
-21.2549
-11.9982
1.13963
-3.07526
-17.9689
10.0679
68.8657
-17.0275
0.265696
0.847918
-0.849785
3.12181
-1.6684
-5.32118
-11.7527
28.2567
63.0194
-8.93993
-9.06205
-1.56214
-3.42269
-0.75472
10.4593
3.1123
9.78973
44.9232
71.0988
-25.1756
-5.52392
-0.468592
-28.7534
-15.4483
6.80924
2.19901
-62.6733
-37.3491
25.2677
-15.8663
-0.0306731
0.764992
-6.79763
-2.3286
6.10583
0.837434
-12.6366
428.907
-8.28039
-1.99929e-14
0
0
0
0
2.71509e-15
0
1.59142e-15
0
-5230.9
602.261
5204.78
0
0
0
0
0
0
0
0
0
-342.899
587.16
281.494
0
0
0
0
-7.36949e-15
0
0
0
-1.48198e-14
-2148.71
472.722
2188.76
0
0
1.61894e-14
0
0
0
0
0
0
-240.849
614.097
201.689
5.07049e-15
0
2.25894e-14
0
0
0
0
0
0
-657.584
450.061
654.637
0
0
0
0
0
0
0
0
0
-279.775
576.377
314.788
0
0
0
0
0
9.0758e-15
0
3.17186e-16
0
805.161
334.486
-805.159
219.777
0
0
0
0
-2.48611e-16
0
0
0
0.251982
-0.0464
0.746369
-0.169224
0.0257757
0.185874
-0.0424256
-1.0044
0.1504
0.2794
-0.6654
-0.6273
0.6999
-0.2915
0.651078
-0.00744983
-1.3093
1.64513
1.3366
-1.67243
-1.32231
2.0655
-1.296
1.0569
-1.959
-1.39841
-1.3982
0.0307456
0.747058
-0.155668
0.187475
0.0791696
-0.129618
-1.05201
0.212975
0.231416
-0.623424
-0.69782
0.707174
-0.334377
0.764635
-0.0923514
-1.65107
2.39892
0.927356
-1.8672
-0.758927
1.73929
-1.33307
1.37368
-1.60296
-0.893372
-1.19108
0.0670032
0.743804
-0.214943
0.295294
0.0934865
-0.183725
-1.07933
0.265909
0.183429
-0.572378
-0.755525
0.688832
-0.370036
0.828734
-0.114133
-1.82341
2.83246
0.552671
-1.55532
-0.363944
1.47051
-1.22667
1.62258
-1.27661
-0.47997
-0.98705
0.0931394
0.739574
-0.275448
0.407618
0.0727035
-0.225583
-1.09245
0.310111
0.139275
-0.51051
-0.801506
0.682909
-0.396848
0.795215
-0.147935
-1.69655
2.99769
0.0899149
-1.39306
-0.132888
1.22794
-1.03403
1.72045
-0.976804
-0.164462
-0.745146
0.117044
0.73468
-0.33195
0.515451
0.0459567
-0.253918
-1.09738
0.345982
0.102052
-0.44902
-0.836672
0.682835
-0.415497
0.753
-0.146412
-1.52382
2.76352
-0.272712
-0.883557
-0.118265
0.996696
-0.897426
1.41195
-0.762408
0.0021136
-0.518054
0.138854
0.729605
-0.38646
0.614753
0.0247656
-0.276989
-1.10683
0.381845
0.0697348
-0.398195
-0.864113
0.686531
-0.423611
0.595217
-0.143288
-1.01003
2.25524
-0.594276
-0.64508
-0.262789
1.18071
-0.678487
1.13891
-0.562376
0.102659
-0.21146
0.1598
0.725266
-0.423261
0.695671
0.000578975
-0.288208
-1.12991
0.42454
0.0453164
-0.357186
-0.884346
0.690441
-0.421138
0.370945
-0.117522
-0.281814
1.24435
-0.743231
-0.22206
-0.641061
1.51947
-0.438761
0.726081
-0.44567
0.0607254
0.0691641
0.166996
0.723447
-0.448112
0.731189
4.29546e-05
-0.291711
-1.17748
0.483499
0.0327755
-0.330465
-0.901892
0.692416
-0.415094
0.170644
-0.0510704
0.413818
0.168906
-0.614978
0.0258313
-1.31725
1.63768
-0.34835
0.253004
-0.595798
-0.269918
0.167862
-52.6405
-21.9736
33.7694
10.553
5.31118
1.26653
17.3622
13.1752
34.5152
18.6133
72.7334
74.8158
73.3714
-49.8288
-21.5367
-3.9492
-19.2323
-9.83971
4.00741
-0.677864
-78.9723
-21.9423
58.1716
9.49436
7.07338
2.20326
15.4303
13.6176
38.7902
20.6342
7.1775
30.3126
56.1861
-21.4118
-8.75585
-1.32085
-13.6018
-5.22547
14.2326
6.59734
-50.0199
11.5819
86.3881
-16.0296
-3.76683
0.0267179
-17.9341
-5.21173
29.6596
15.2163
-95.8324
-33.529
37.4518
32.0394
19.8898
4.68608
6.17259
7.83634
32.6144
18.461
-85.3718
1.75664
94.9085
-8.15039
1.76303
1.29267
-22.0093
-6.74846
30.5277
15.7721
-21.8909
23.3372
71.4213
-28.6655
-9.48723
-1.47928
-14.1824
-6.03374
1.69778
-1.05294
-70.0946
399.104
-69.6187
0.081956
0
0
0
0
0
0
0
0
-2813.28
431.367
2955.55
0.153737
-1.19483e-15
0
0
0
0
0
0
0
-503.438
586.006
354.222
0.146169
0
0
0
0
0
0
0
0
-1515.97
384.982
1562.47
0.639642
0
0
0
0
0
0
0
0
-115.951
736.223
70.1576
0.119384
0
0
0
0
0
7.22536e-15
0
0
-835.136
372.942
711.08
0.0966467
0
0
0
-4.97161e-15
0
0
0
0
-70.9282
818.09
12.7553
0.122499
0
0
0
0
-9.9939e-15
0
0
0
-1095.06
553.02
1093.9
0.151482
0
0
0
0
0
0
0
0
0.25
-0.0464
0.746369
-0.169224
0.0257757
0.185874
-0.0424256
-1.0044
0.1504
0.2794
-0.6654
-0.6273
0.6999
-0.2915
0.651078
-0.00744983
-1.3093
1.64513
1.3366
-1.67243
-1.32231
2.0655
-1.296
1.0569
-1.959
-1.39841
-1.3982
0.0315073
0.746426
-0.151772
0.18758
0.0719351
-0.121331
-1.03116
0.21275
0.232361
-0.627654
-0.697264
0.695252
-0.34116
0.777835
-0.0933926
-1.69221
2.43167
0.983694
-1.91759
-0.749161
1.74579
-1.31709
1.33917
-1.59339
-0.892372
-1.39048
0.0661696
0.743438
-0.212209
0.290425
0.0934997
-0.178009
-1.05791
0.265089
0.185322
-0.577754
-0.754171
0.677819
-0.379924
0.820332
-0.115517
-1.80194
2.81498
0.603808
-1.61685
-0.355851
1.46549
-0.993715
1.80351
-1.27351
-0.488289
-1.0854
0.0953643
0.739312
-0.275315
0.412208
0.069359
-0.224563
-1.07062
0.308935
0.149832
-0.512753
-0.799653
0.671586
-0.407838
0.817453
-0.142662
-1.76697
3
0.088724
-1.32174
-0.112719
1.2277
-0.686746
1.97223
-0.967414
-0.174521
-0.78158
0.119736
0.733948
-0.328831
0.519351
0.0395516
-0.252393
-1.07465
0.345384
0.125306
-0.442316
-0.834204
0.671251
-0.42396
0.721971
-0.151981
-1.43943
2.71817
-0.285981
-0.990414
-0.104438
1.02057
-0.38428
1.74289
-0.735182
-0.00937326
-0.451425
0.140952
0.728867
-0.380239
0.614072
0.0197758
-0.275268
-1.08357
0.381468
0.109574
-0.38007
-0.86046
0.673682
-0.430362
0.579488
-0.142267
-0.959203
2.1541
-0.553723
-0.641172
-0.249837
0.98787
-0.440484
1.30135
-0.556142
0.0680787
-0.162083
0.158702
0.724257
-0.414496
0.685635
0
-0.287645
-1.10615
0.417551
0.0912326
-0.333593
-0.880323
0.676114
-0.426884
0.344587
-0.10695
-0.192727
1.14389
-0.674618
-0.277222
-0.632142
1.29883
-0.513567
0.702849
-0.463855
0.0144865
0.0973743
0.166623
0.722331
-0.421379
0.704802
0
-0.297543
-1.15054
0.467563
0.0743212
-0.308491
-0.896889
0.665777
-0.423406
0.171783
-0.0500339
0.411714
0.144025
-0.560954
0.00521386
-1.24306
1.58237
-0.3971
0.282261
-0.620365
-0.289422
0.210857
100
78.7309
65.2254
-58.6003
-25.9115
-5.22969
-25.5446
-13.6696
-7.18403
-9.34395
-63.024
-15.795
43.7877
15.1307
8.00946
2.27224
19.4838
14.523
35.0267
19.1724
26.5356
48.7874
79.4279
-43.718
-16.9087
-2.27601
-3.8956
0.406871
15.1868
6.14698
-78.7112
-25.6969
42.0197
20.2235
10.6716
2.70057
5.43748
7.49501
35.3758
20.002
-16.7894
31.0938
84.8518
-30.3017
-10.4819
-1.06495
-21.1522
-8.02326
21.694
10.7821
-100
-30.7334
50.7655
26.214
14.5389
2.44401
-5.96107
1.74444
36.2911
20.2503
-80.169
1.79199
87.7525
-2.61484
5.97748
2.32089
-22.7365
-7.83697
27.8061
14.3149
-18.8454
26.4089
74.5161
-28.5218
-9.31445
-1.43344
-13.798
-6.06479
1.66192
-1.09557
76.664
451.134
81.2329
0
0
0
0
0
0
0
0
0
-3794.58
379.329
3661.82
0
0
0
0
0
0
0
0
0
-1225.52
608.736
1303.51
-3.55271e-15
0
0
0
0
0
0
0
0
-2118.15
382.619
1984.24
0
-4.57761e-17
0
0
0
0
0
0
0
280.478
689.629
-245.58
0
0
0
0
0
0
0
0
0
-1574.33
466.437
1426.1
7.97407e-14
6.08848e-16
0
3.02572e-15
0
0
0
0
0
761.977
774.975
-802.355
2.84217e-14
0
3.22926e-15
0
0
0
0
0
0
-1635.36
552.019
1634.34
1.27594
0
0
0
0
0
0
0
0
0.256691
-0.0464
0.746369
-0.169224
0.0257757
0.185874
-0.0424256
-1.0044
0.1504
0.2794
-0.6654
-0.6273
0.6999
-0.2915
0.651078
-0.00744983
-1.3093
1.64513
1.3366
-1.67243
-1.32231
2.0655
-1.296
1.0569
-1.959
-1.39841
-1.3982
0.0329331
0.745351
-0.1791
0.19345
0.133418
-0.204753
-1.05289
0.214173
0.231675
-0.626643
-0.699137
0.690773
-0.34186
0.719443
-0.0871616
-1.50114
2.30236
0.657035
-1.56283
-0.838627
1.73911
-1.30148
1.45506
-1.60759
-0.931495
-1.37328
0.0593809
0.742154
-0.234146
0.307072
0.101409
-0.242582
-1.08364
0.268837
0.18395
-0.559186
-0.758088
0.672603
-0.381858
0.79169
-0.0969336
-1.69751
2.96974
-0.0871567
-1.18508
-0.414082
1.49067
-0.967793
1.88922
-1.25689
-0.495538
-1.09061
0.086962
0.738042
-0.291311
0.429616
0.0597355
-0.275753
-1.09883
0.3235
0.14846
-0.489906
-0.80418
0.664422
-0.411931
0.752147
-0.122425
-1.55889
3
-0.536488
-0.9046
-0.255082
1.57516
-0.711662
1.85412
-0.97798
-0.22323
-0.819847
0.110376
0.733552
-0.348475
0.534685
0.0298678
-0.275847
-1.10818
0.381659
0.120817
-0.421911
-0.840044
0.663086
-0.429916
0.674829
-0.133514
-1.29541
2.761
-0.814431
-0.650736
-0.223748
1.63288
-0.753806
1.59792
-0.736425
-0.0366241
-0.490077
0.13507
0.728656
-0.395977
0.634587
0
-0.285871
-1.12326
0.435341
0.0932402
-0.36331
-0.867051
0.663394
-0.435837
0.52721
-0.136008
-0.798498
2.02294
-0.81632
-0.296681
-0.411212
1.44664
-0.73743
1.23871
-0.572941
0.00815375
-0.17662
0.146859
0.725961
-0.425258
0.680161
0
-0.288792
-1.15377
0.48839
0.0661948
-0.317879
-0.888063
0.663996
-0.434167
0.32147
-0.073501
-0.109192
0.952813
-0.685459
-0.0911859
-0.832099
1.46509
-0.438443
0.631129
-0.513309
-0.0789489
0.102484
0.158727
0.723576
-0.429263
0.701064
0
-0.292134
-1.20421
0.542119
0.0519146
-0.294728
-0.90689
0.651794
-0.43043
0.155492
-0.0650502
0.465152
0.0584637
-0.505104
-0.158262
-1.37563
1.60549
-0.313943
0.229527
-0.636987
-0.342209
0.228151
-34.1516
-15.4134
10.293
11.3188
3.5647
0.136353
14.1964
10.252
13.0943
4.90198
20.6426
45.9564
92.8445
-39.2958
-14.5405
-1.73139
-3.58671
1.091
22.9892
10.1571
-36.3321
-3.58386
38.629
0.54421
1.84457
1.09797
10.8795
9.21795
23.3147
12.2514
-40.4111
13.7688
80.701
-3.45004
4.43647
1.78745
-19.9509
-7.09919
27.7686
13.9991
-45.2056
-1.67446
46.8976
-3.61462
-0.960718
-0.397443
-1.0578
3.12108
26.3295
14.7813
-65.3779
7.63094
85.3397
-10.0306
-0.91483
0.718017
-19.0813
-5.81948
29.1339
15.2719
-71.9144
-1.97832
71.9605
-0.0494665
4.72177
1.8652
-17.7382
-5.4846
27.8526
14.9413
-19.6532
23.7043
69.8008
-28.3965
-9.22872
-1.43484
-13.7241
-6.04842
1.22653
-1.26921
-19.9579
133.501
-26.7682
2.75575e-15
0
0
0
0
0
0
0
0
-296.384
704.856
309.516
-1.61097e-14
0
0
0
0
0
0
0
0
-149.908
338.426
109.347
1.60279e-14
0
0
0
0
0
0
0
0
-129.493
662.903
79.6576
6.57872e-14
0
0
0
0
0
0
0
0
-100.155
405.415
61.0022
-2.84471e-15
0
0
0
0
0
0
0
0
-94.5434
712.575
33.6042
3.72059e-14
0
0
0
0
0
0
0
0
-42.9426
626.696
-11.7083
0
0
0
-6.19412e-15
0
0
0
0
0
7.08108
552.436
-8.01108
0.0158841
0
0
0
0
0
0
0
0
0.285227
-0.0464
0.746369
-0.169224
0.0257757
0.185874
-0.0424256
-1.0044
0.1504
0.2794
-0.6654
-0.6273
0.6999
-0.2915
0.651078
-0.00744983
-1.3093
1.64513
1.3366
-1.67243
-1.32231
2.0655
-1.296
1.0569
-1.959
-1.39841
-1.3982
0.0259065
0.746862
-0.235802
0.252466
0.0923535
-0.120407
-1.05828
0.230744
0.210058
-0.622335
-0.707123
0.73113
-0.344057
0.758935
-0.067991
-1.63393
2.31945
0.986865
-1.71314
-0.818634
1.9718
-1.70178
1.5953
-1.58298
-0.892695
-1.28985
0.0595696
0.744128
-0.311388
0.36871
0.115294
-0.183925
-1.82545
0.311088
0.13679
-0.557332
-0.771624
0.714439
-0.392324
0.828541
-0.106733
-1.85503
2.85286
0.578189
-1.57423
-0.439598
2.06413
-1.79811
2.04198
-1.20363
-0.410935
-1.17878
0.08967
0.739956
-0.37928
0.490951
0.100728
-0.225885
-1.84336
0.395195
0.0635218
-0.477706
-0.820668
0.709406
-0.42691
0.761373
-0.119374
-1.6595
3
-0.306738
-1.03376
-0.283702
2.26175
-1.59755
1.95287
-0.926593
-0.123496
-0.848799
0.116495
0.735117
-0.434917
0.610676
0.0551995
-0.24096
-1.85494
0.486624
-0.00157645
-0.40641
-0.858424
0.71332
-0.44813
0.658112
-0.125537
-1.34945
2.93894
-1.11726
-0.471355
-0.226307
2.4598
-1.31229
1.74973
-0.674
0.0958736
-0.520751
0.133372
0.729893
-0.470937
0.69794
0.00981575
-0.260142
-1.86777
0.586853
-0.0546724
-0.336037
-0.885887
0.719381
-0.45638
0.50935
-0.139001
-0.884532
2.14161
-0.861814
-0.528137
-0.314813
2.26998
-0.894467
1.45953
-0.526664
0.148416
-0.197276
0.14661
0.727893
-0.481677
0.733
0
-0.264746
-1.89059
0.664391
-0.0911219
-0.276593
-0.9082
0.725428
-0.464195
0.324031
-0.0480935
-0.263634
0.880241
-0.278027
-0.108176
-0.560088
1.46354
-0.411134
0.788674
-0.547131
0.00771863
0.0873377
0.163405
0.725917
-0.457694
0.733
0
-0.270987
-1.92873
0.724025
-0.0937865
-0.244458
-0.932342
0.714448
-0.460637
0.141081
-0.0400158
0.370654
-0.144709
-0.000466177
-0.226549
-0.935916
0.916086
-0.0654083
0.361628
-0.73398
-0.269468
0.189816
-45.4843
-19.6003
16.434
16.5892
8.95827
1.46174
17.5644
12.2061
25.7355
14.4249
52.1821
71.6098
100
-57.0031
-23.436
-4.58514
-8.58727
-2.25388
7.89843
-0.648781
-63.7785
-26.6577
21.5127
23.1965
14.8757
3.63977
15.3873
11.8176
29.9238
16.7955
-24.7236
26.7155
100
-21.6152
-6.61863
-0.46771
-27.7482
-11.4734
23.8587
11.0829
-78.7568
-31.8858
24.2935
26.7449
16.7288
4.23639
11.6559
10.2622
31.0739
17.6541
-30.4886
36.1451
100
-31.79
-15.3659
-2.06575
-29.0728
-12.4676
19.3972
9.2069
-59.9776
6.19516
74.935
-10.2536
-5.11011
0.0300134
-18.4451
-6.29786
26.9702
14.2244
-28.9153
14.7195
61.1277
-23.4643
-10.3265
-1.50004
-13.5833
-6.08108
1.66393
-1.24143
-34.8326
205.45
-37.075
0
0
0
0
0
0
0
0
0
-4648.92
702.998
4713.65
-3.33067e-15
0
0
0
0
-6.15169e-15
0
0
0
-565.425
252.36
477.098
0
0
0
0
0
0
0
0
0
-2711.37
783.158
2688.52
0
0
0
0
0
0
0
0
0
-325.056
285.511
225.127
-2.49801e-15
0
0
0
0
0
0
0
0
-675.208
778.318
675.576
0
3.36985e-15
3.71333e-18
0
0
0
0
0
0
-1130.16
623.091
1088.16
8.67251e-14
0
0
0
0
-6.43956e-15
0
0
0
-994.111
523.529
994.083
29.1267
0
0
0
0
0
0
0
0
0.257757
-0.0464
0.746369
-0.169224
0.0257757
0.185874
-0.0424256
-1.0044
0.1504
0.2794
-0.6654
-0.6273
0.6999
-0.2915
0.651078
-0.00744983
-1.3093
1.64513
1.3366
-1.67243
-1.32231
2.0655
-1.296
1.0569
-1.959
-1.39841
-1.3982
0.0275681
0.746631
-0.162166
0.173358
0.111474
-0.143577
-1.03278
0.214691
0.231678
-0.622926
-0.699435
0.691876
-0.338931
0.759512
-0.0657009
-1.6302
2.3971
0.815102
-1.582
-0.770797
1.74598
-0.947275
1.59365
-1.59956
-0.89368
-1.28811
0.0603631
0.744212
-0.222194
0.283606
0.107348
-0.173221
-1.06117
0.270675
0.196797
-0.562783
-0.758335
0.675661
-0.382229
0.834482
-0.101596
-1.84514
2.99404
0.292474
-1.44138
-0.307003
1.52037
-0.615714
2.08037
-1.23824
-0.43716
-1.17585
0.0882946
0.740201
-0.285506
0.421093
0.053054
-0.217685
-1.07247
0.320737
0.174125
-0.48592
-0.80393
0.669655
-0.413224
0.800728
-0.130398
-1.7194
3
-0.0640984
-1.21651
-0.137866
1.35955
-0.304149
2.08439
-0.964835
-0.163131
-0.841742
0.115245
0.7354
-0.348544
0.53156
0.0409609
-0.247996
-1.07755
0.371582
0.162926
-0.409168
-0.839457
0.671172
-0.432101
0.729874
-0.14838
-1.48511
2.7954
-0.328413
-0.981881
-0.0924939
1.54067
0.00024599
1.76416
-0.721729
0.0411979
-0.512644
0.139341
0.729936
-0.403229
0.634427
0.0204804
-0.275153
-1.08974
0.428313
0.162935
-0.344209
-0.866033
0.67389
-0.439036
0.549697
-0.153723
-0.899554
2.06949
-0.556194
-0.74666
-0.331187
1.73929
0.151756
1.31579
-0.576093
0.0738067
-0.204044
0.152794
0.727267
-0.436353
0.698027
0
-0.278211
-1.11932
0.486196
0.168522
-0.295759
-0.887268
0.676608
-0.436411
0.329299
-0.0724795
-0.150033
0.979712
-0.643485
-0.0840755
-0.803209
1.57196
-0.0582113
0.695684
-0.552419
-0.0438711
0.0713004
0.16492
0.724583
-0.452744
0.731565
0
-0.281333
-1.17013
0.542946
0.167776
-0.270143
-0.907609
0.674993
-0.429362
0.14599
-0.0732604
0.486308
0.0260638
-0.491918
-0.224851
-1.38006
1.5412
-0.269662
0.277778
-0.691814
-0.321983
0.191449
-43.5363
-19.3156
15.0873
11.1223
5.01199
1.60973
18.7557
12.9486
26.9002
15.4005
50.1527
68.1415
100
-48.7129
-18.7145
-2.52565
-6.63696
-1.29726
9.25211
-0.171866
-64.2185
-27.1887
20.0818
17.2796
9.13707
2.43224
19.3171
14.2249
29.6763
17.0467
-1.81427
44.5063
100
-32.6691
-10.9643
-1.12564
-26.0798
-11.007
22.8443
10.6997
-83.591
-33.7076
24.2571
34.2153
20.5829
4.87828
-0.012681
3.81442
30.7025
17.7314
-62.3202
13.8219
99.048
-18.9396
-4.99408
-0.484389
-21.8244
-7.30507
28.6087
14.6225
-71.579
-3.29779
70.0427
-6.39087
-1.15234
-0.513481
-15.6521
-4.15384
29.448
16.0839
-22.8715
21.4887
68.6568
-28.2601
-9.0886
-1.33725
-13.721
-6.05599
1.21004
-1.26949
-37.4955
195.723
-31.0077
0
0
0
0
0
0
0
0
0
-2487.64
701.697
2546.31
0
0
0
0
0
0
0
0
0
-242.124
249.851
154.676
-5.59471e-15
0
0
0
0
0
0
0
0
-1322.19
744.669
1334.56
2.22045e-16
0
0
0
0
0
0
0
0
129.333
298.074
-233.659
3.96644e-15
0
0
0
0
0
0
0
0
-1073.14
798.849
1023.91
-1.77636e-14
0
0
0
0
-6.41394e-15
0
0
0
-360.872
610.578
302.811
0
0
0
0
0
0
0
0
-2.3663e-14
439.393
552.342
-440.098
0
0
0
0
0
0
0
0
0
0.250967
-0.0464
0.746369
-0.169224
0.0257757
0.185874
-0.0424256
-1.0044
0.1504
0.2794
-0.6654
-0.6273
0.6999
-0.2915
0.651078
-0.00744983
-1.3093
1.64513
1.3366
-1.67243
-1.32231
2.0655
-1.296
1.0569
-1.959
-1.39841
-1.3982
0.0292851
0.747324
-0.152528
0.181458
0.0805477
-0.128327
-1.03256
0.224453
0.23212
-0.627508
-0.697535
0.69878
-0.341572
0.743279
-0.10913
-1.59738
2.29936
0.993712
-2.02926
-0.785488
2.11011
-1.31873
1.21763
-1.59972
-0.909026
-1.39661
0.0624477
0.743412
-0.209798
0.280943
0.0979377
-0.184964
-1.06072
0.300106
0.18484
-0.573134
-0.754889
0.681395
-0.381804
0.79875
-0.109925
-1.75638
2.77483
0.561269
-1.57972
-0.369246
2.19458
-1.00235
1.6974
-1.2783
-0.484558
-1.12219
0.0914673
0.739471
-0.272754
0.405936
0.063611
-0.212049
-1.07396
0.37082
0.148904
-0.502289
-0.800719
0.675865
-0.412198
0.809745
-0.135419
-1.76474
3
0.0568831
-1.29214
-0.106577
1.97237
-0.708785
1.97911
-0.970841
-0.154245
-0.847793
0.120292
0.734616
-0.32474
0.513493
0.0408135
-0.23875
-1.07778
0.435186
0.123492
-0.431333
-0.835526
0.676763
-0.430867
0.717802
-0.150243
-1.45002
2.72524
-0.293703
-0.980625
-0.0930061
1.79532
-0.428045
1.80322
-0.739927
0.0250669
-0.520736
0.141029
0.729573
-0.376726
0.608857
0.0204067
-0.264829
-1.0865
0.494393
0.108145
-0.366684
-0.862055
0.68076
-0.439436
0.578484
-0.141055
-0.974873
2.17558
-0.569223
-0.631482
-0.242979
1.64834
-0.39001
1.31891
-0.568476
0.111471
-0.21593
0.161616
0.725758
-0.411678
0.685573
0
-0.27864
-1.10907
0.549528
0.0941629
-0.319398
-0.882437
0.684757
-0.437294
0.349721
-0.106302
-0.210513
1.16436
-0.699036
-0.255228
-0.629721
1.53783
-0.383939
0.731666
-0.484555
0.0622713
0.0597098
0.162369
0.723909
-0.419225
0.695407
0
-0.287791
-1.15367
0.604662
0.0803983
-0.293165
-0.89981
0.676701
-0.435152
0.178344
-0.0514778
0.399409
0.173509
-0.573566
-0.00539147
-1.24384
1.56136
-0.30961
0.322945
-0.649857
-0.23027
0.165479
73.9318
59.2332
50.5675
-41.1262
-18.7158
-3.95364
-25.679
-13.5105
-3.68083
-6.62159
-73.8787
-21.3672
44.7611
29.7697
18.8264
4.67426
17.1849
13.2218
35.1532
18.844
32.8432
54.4835
85.2929
-46.0307
-17.7847
-2.43964
-4.93459
-0.314455
13.6778
4.81664
-78.8042
-27.4871
36.8867
19.0947
10.3048
2.59847
12.0438
11.0692
34.4325
19.4728
-16.9246
31.8135
87.143
-27.998
-9.21664
-0.865253
-24.1812
-9.81287
22.575
11.2349
-92.0828
-26.5863
50.6347
17.5859
9.70351
1.75322
-6.4994
1.37027
36.1727
20.3517
-68.3659
10.3292
93.2369
-16.9003
-3.5814
0.142539
-21.9591
-7.3904
28.19
14.5596
-19.6009
24.5758
71.5346
-27.7779
-8.55732
-1.32268
-13.6614
-6.07752
1.82076
-1.0877
64.0508
352.153
59.2026
0
0
0
0
0
0
0
0
0
-2187.26
416.62
2041.44
0
0
0
0
0
0
0
0
0
-1318.5
625.484
1399.49
-2.22525e-15
0
0
0
0
0
0
0
0
-1613
364.074
1485.57
8.06837e-14
0
0
0
0
0
0
0
0
-1372.61
686.669
1399.33
0
0
0
0
0
0
0
0
0
-1683.09
477.873
1553.75
-1.93089e-13
0
3.32882e-15
0
0
0
0
0
0
-1160.52
782.01
1132.67
5.0969e-15
0
3.22926e-15
0
0
0
0
0
0
-777.588
553.562
776.516
0
0
0
0
0
-6.87702e-15
0
0
0
0.266259
-0.0464
0.746369
-0.169224
0.0257757
0.185874
-0.0424256
-1.0044
0.1504
0.2794
-0.6654
-0.6273
0.6999
-0.2915
0.651078
-0.00744983
-1.3093
1.64513
1.3366
-1.67243
-1.32231
2.0655
-1.296
1.0569
-1.959
-1.39841
-1.3982
0.0312359
0.746772
-0.163276
0.17871
0.112678
-0.143813
-1.04847
0.217114
0.230104
-0.624777
-0.701815
0.679314
-0.344683
0.752379
-0.0689708
-1.60797
2.38931
0.76699
-1.55433
-0.763929
1.75393
-0.932535
1.60412
-1.58797
-0.88412
-1.49327
0.0628055
0.744298
-0.224439
0.293006
0.100339
-0.171408
-1.07752
0.273103
0.194633
-0.562157
-0.762217
0.66347
-0.393034
0.82764
-0.102176
-1.81995
2.99977
0.209484
-1.38931
-0.291829
1.47196
-0.588334
2.10796
-1.21266
-0.416555
-1.27113
0.089379
0.740359
-0.288627
0.42523
0.0530991
-0.214413
-1.08863
0.320068
0.172255
-0.478914
-0.808343
0.658219
-0.427993
0.792899
-0.129525
-1.68753
2.99985
-0.151183
-1.16338
-0.119267
1.23472
-0.249914
2.18847
-0.928496
-0.13804
-0.919096
0.114733
0.736112
-0.352816
0.535982
0.0373391
-0.238986
-1.09316
0.358003
0.162749
-0.395671
-0.84366
0.659722
-0.449995
0.731483
-0.111768
-1.45945
2.7733
-0.408145
-0.666102
-0.100495
0.99731
-0.131879
1.8333
-0.70768
0.0395057
-0.578418
0.136358
0.731254
-0.408329
0.636445
0.0154113
-0.26151
-1.10468
0.395937
0.14805
-0.325938
-0.870578
0.663284
-0.459371
0.560746
-0.133424
-0.902289
2.07744
-0.576488
-0.599766
-0.3028
1.14204
-0.386433
1.29667
-0.549654
0.0936562
-0.255597
0.150023
0.727861
-0.44265
0.699524
0
-0.270921
-1.13315
0.437912
0.131235
-0.276616
-0.891487
0.66617
-0.458048
0.333849
-0.0876254
-0.157796
0.988514
-0.599505
-0.230759
-0.748498
1.44294
-0.442046
0.678773
-0.511602
0.00197973
0.0347829
0.164231
0.725018
-0.448745
0.726554
0
-0.280879
-1.18507
0.493102
0.116248
-0.250798
-0.910947
0.666245
-0.455148
0.145404
-0.0733006
0.491878
-0.0161333
-0.41987
-0.262701
-1.36506
1.53147
-0.302548
0.256318
-0.686223
-0.303693
0.152545
-41.2972
-18.8087
13.7188
14.2917
6.58266
1.92225
19.6133
13.4872
15.0762
5.82898
44.3743
64.8267
100
-47.4505
-18.1602
-2.41802
-6.20841
-0.935734
14.0178
3.53474
-60.4816
-24.3092
21.7578
13.3954
6.96035
1.98901
19.1489
14.1687
29.3559
16.8156
-5.32963
42.1618
98.9918
-32.7331
-11.2183
-1.14538
-20.8476
-8.01882
23.1243
10.9475
-49.3268
-4.29281
48.3021
-0.107529
1.03968
0.278383
-11.7346
-2.71338
27.7584
15.565
-79.7246
-7.91674
71.7918
8.68434
9.46663
1.82119
-15.9973
-4.48421
29.813
15.9486
-74.9148
-2.30688
74.7562
-2.15739
3.30944
1.56989
-17.6394
-5.48212
28.0477
15.0311
-22.0001
22.1609
69.1199
-28.5874
-9.43206
-1.42466
-13.519
-6.05804
0.975415
-1.44863
-36.3059
184.312
-28.2034
1.37852e-15
0
5.89602e-15
0
0
0
0
0
0
-3505.44
704.819
3555.9
0
0
0
0
0
0
0
0
0
157.408
261.324
-238.087
1.26605e-14
0
0
0
0
0
0
0
0
-1672.5
738.042
1678.95
0
0
0
0
0
0
0
0
0
-216.782
436.725
168.258
0
0
0
0
0
0
0
0
0
-1071.77
623.023
985.574
1.80576e-14
3.07572e-16
0
0
0
0
0
0
0
-619.763
647.629
560.154
0
0
0
0
0
0
0
0
0
-286.974
552.16
286.354
0
0
0
0
0
0
0
0
0
