2.5
-0.00010283
0.717833
0.231275
0.0318888
0.098097
-0.361261
-1.42942
0.148229
0.273516
-0.659953
-0.624969
0.689872
-0.29523
0.128733
-0.0759637
-0.444528
-0.358448
2.05524
-1.25227
-1.49998
2.00007
-1.29994
0.999997
-1.99998
-1.57078
-1.49996
-0.00453331
0.718603
0.251822
-0.0119838
0.131017
-0.370855
-1.39286
0.203724
0.269446
-0.638942
-0.596099
0.661447
-0.317581
0.0167523
-0.0531498
-1.0544
0.0306929
2.14594
-1.12224
-1.78651
2.2198
-1.11298
1.46149
-1.16665
-2.00297
-0.837947
-0.00885708
0.719192
0.263195
-0.0452337
0.161493
-0.379455
-1.3688
0.248841
0.260115
-0.61748
-0.569075
0.637988
-0.334597
-0.00570628
-0.0595787
-1.73292
0.633477
2.23618
-1.13674
-1.77102
2.47319
-0.9174
2.28469
-0.333318
-2.30491
-0.449785
-0.00783448
0.717696
0.27311
-0.0721784
0.199937
-0.400868
-1.34629
0.290417
0.25402
-0.601171
-0.545156
0.615408
-0.351225
-0.11214
-0.0487921
-2.3269
0.952972
2.46137
-1.08745
-0.9616
2.5122
-0.871039
2.0156
0.209482
-2.13743
0.0177192
0.00244803
0.713792
0.302489
-0.0932565
0.217314
-0.426547
-1.32339
0.331452
0.251608
-0.587802
-0.522655
0.593134
-0.366906
-0.194659
-0.0342648
-2.79816
1.20365
2.64985
-1.05534
-1.11715
2.87572
-0.782257
1.81352
-0.352969
-1.9197
0.481302
0.00658021
0.711453
0.317116
-0.112937
0.241855
-0.446033
-1.30832
0.358018
0.226338
-0.57431
-0.505155
0.567699
-0.379793
-0.09219
-0.0696577
-2.92682
1.60854
2.43473
-1.11646
-0.849265
2.73758
-0.695634
1.66008
0.332539
-1.6203
0.950423
0.0216594
0.706203
0.356655
-0.127234
0.240861
-0.470282
-1.2835
0.396554
0.220505
-0.568433
-0.493074
0.550124
-0.388929
-0.0112128
-0.0918146
-2.59461
1.47332
2.30747
-1.18618
-0.0824156
2.58126
-0.973412
0.919787
1.06252
-0.89333
0.409666
0.0428299
0.698039
0.396393
-0.131987
0.24122
-0.505626
-1.25763
0.434504
0.222028
-0.5555
-0.497743
0.531803
-0.4008
0.0221386
-0.100867
-2.18095
1.18244
2.17804
-1.17952
0.085027
2.36423
-0.893265
0.271072
0.403603
-0.178906
0.992577
0.0617772
0.690053
0.428818
-0.132003
0.240132
-0.536946
-1.2477
0.451049
0.206026
-0.551297
-0.498033
0.520102
-0.408906
0.0504214
-0.107658
-1.47678
0.613639
2.00426
-1.14112
0.0237259
2.36575
-0.975724
0.213147
0.903614
0.213967
0.498781
0.0981871
0.673532
0.507264
-0.136728
0.216512
-0.587048
-1.17787
0.476766
0.193845
-0.551265
-0.498997
0.510963
-0.416398
0.105972
-0.127579
-0.774639
0.0939951
1.83431
-1.15367
-0.201611
2.08798
-1.11172
0.506842
0.292513
-0.389486
-0.0682488
-35.4949
-23.7337
-0.799085
77.0444
42.0581
5.70716
-8.42725
-5.85984
15.1653
5.10322
-26.3626
-17.3295
8.99616
66.1026
36.0531
4.4394
-7.43397
-5.42298
12.5839
3.33102
-21.2488
-16.8716
3.79391
53.3321
25.1732
1.22843
-4.04078
-3.4846
12.1322
3.00038
-41.1152
-27.221
6.21021
83.5965
42.0295
7.24482
-8.31452
-5.64738
13.6352
3.51573
0.189265
-4.39558
9.07353
29.5625
8.02753
-4.32576
-1.67534
-2.1813
9.01748
1.73406
-25.8678
-20.3955
8.71007
45.8973
20.9408
2.85212
-2.63783
-2.22227
9.41215
1.97728
-10.8019
-11.2023
9.48185
36.9218
13.2773
0.186881
-5.69035
-3.75816
10.0818
2.63918
-33.2217
-25.2413
2.2521
71.9605
31.0749
11.7514
-5.57109
-4.20555
14.6497
4.91633
-18.714
-15.7727
9.00911
45.4158
14.9492
0.662672
-1.85095
-2.09839
7.9689
1.90003
-10.6044
-10.4174
7.11513
56.1906
11.508
2.69244
-7.41596
-5.11355
11.4662
3.19077
19.6215
120.467
12.1194
188.632
-31.129
91.8887
-57.187
114.569
0
0
0
-5.11159e-15
19.8799
187.547
30.6449
191.668
-30.6506
94.3313
-46.7081
127.312
0
4.74876e-15
0
6.22706e-14
19.812
133.629
19.8696
167.302
-38.1533
77.1703
-51.3861
115.208
2.48078e-13
2.271e-13
4.24382e-14
-8.10139e-23
5.9928
164.681
5.96697
152.132
-29.7544
117.233
-41.1287
126.13
6.40481e-22
9.68157e-14
-1.20072e-13
0
27.0217
127.965
27.0899
121.594
-43.1289
74.1269
-49.3637
134.397
0
0
0
1.39859e-13
16.7325
161.712
16.757
144.921
-19.1506
83.1422
-36.7033
89.4645
-1.44863e-15
1.6529e-16
0
9.71745e-14
25.1029
139.608
25.0593
128.288
-30.3644
72.6972
-20.1954
100.545
0
0
0
0
12.5241
109.955
12.5364
136.357
-21.0227
166.77
-26.0843
95.0073
0
4.53783e-15
-2.40678e-14
0
25.1581
136.216
28.5146
132.417
-12.4985
87.6336
-16.0192
109.31
0
-4.51014e-14
-1.51368e-14
0
30.6481
101.418
30.7125
113.343
-21.8246
168.483
-11.7797
151.45
-1.03275e-13
0
0
0
2.47583
-7.41857e-05
0.71782
0.23115
0.0319619
0.0982958
-0.361408
-1.42941
0.148193
0.273523
-0.659966
-0.625032
0.689795
-0.295286
0.128649
-0.07601
-0.444616
-0.358357
2.05504
-1.25206
-1.4999
2.00009
-1.29983
1.00003
-1.99983
-1.57077
-1.49977
-0.0268426
0.724448
0.247306
-0.0582437
0.161446
-0.350509
-1.38425
0.175783
0.239533
-0.639044
-0.606104
0.625475
-0.33893
0.160644
-0.0995397
-0.854168
0.120549
2.0271
-1.29348
-1.40118
2.26305
-1.09924
1.17962
-1.23413
-1.91695
-0.965132
-0.0561523
0.730245
0.262644
-0.145057
0.212171
-0.329758
-1.33842
0.205263
0.207022
-0.619636
-0.587409
0.563727
-0.374369
0.200457
-0.116453
-1.1971
0.53568
2.00759
-1.34618
-1.34793
2.54837
-1.20174
1.17504
-0.470516
-1.22065
-1.57249
-0.0806897
0.732842
0.280097
-0.231576
0.274178
-0.3227
-1.2936
0.232835
0.173549
-0.601203
-0.57027
0.505928
-0.409569
0.248836
-0.13515
-1.45524
0.895439
1.95669
-1.39689
-0.647632
2.52227
-1.25853
1.22702
0.201761
-1.33908
-0.895136
-0.107444
0.735169
0.300875
-0.31585
0.317868
-0.302893
-1.24447
0.265206
0.143177
-0.584894
-0.55611
0.471444
-0.418554
0.295254
-0.141788
-1.65164
1.18635
1.90451
-1.43922
-0.492742
2.79485
-1.57003
1.85911
-0.0281654
-1.07563
-1.47933
-0.123366
0.734147
0.327424
-0.394616
0.373415
-0.306223
-1.18215
0.297891
0.118859
-0.571581
-0.54609
0.442849
-0.425609
0.407084
-0.152434
-1.62865
1.43784
1.70416
-1.51335
-0.125523
2.81803
-1.53276
1.30839
0.676162
-0.55345
-1.01635
-0.152319
0.733967
0.339637
-0.475309
0.419977
-0.284305
-1.12199
0.330391
0.0964
-0.560314
-0.537542
0.420844
-0.427118
0.470864
-0.139792
-1.16133
1.14543
1.54171
-1.52582
0.34266
2.74928
-1.88066
1.38491
1.45841
0.181639
-0.40334
-0.180536
0.731404
0.340972
-0.548837
0.475843
-0.267978
-1.06983
0.350043
0.0758843
-0.550451
-0.527386
0.405933
-0.428132
0.488455
-0.12477
-0.756694
0.817276
1.43651
-1.49709
0.631804
2.54548
-2.0208
1.72659
2.08695
0.915624
0.240321
-0.218014
0.727573
0.327401
-0.618704
0.523685
-0.232381
-1.02413
0.350356
0.0825438
-0.543305
-0.51848
0.396907
-0.428424
0.450026
-0.106496
-0.970648
0.970724
1.42279
-1.42286
0.571742
2.795
-1.96913
1.25716
1.36978
1.17385
-0.335517
-0.247755
0.723341
0.404289
-0.758631
0.554229
-0.199887
-0.810159
0.366118
0.0397525
-0.540058
-0.515389
0.395333
-0.428366
0.206425
-0.117219
-0.897283
0.465263
1.49349
-1.06147
-0.179885
2.70326
-1.62609
0.449763
0.873963
0.604742
-0.682952
-17.9748
-8.06505
14.1547
48.4888
25.8693
-0.533331
-10.3369
-6.43502
12.2115
3.74568
-35.8016
-26.4801
4.23278
67.9564
40.3326
8.1184
-8.30202
-5.60951
13.2221
3.48421
-8.24472
-11.6282
8.85612
39.843
21.1069
1.54468
-9.63594
-5.92909
13.4175
3.73411
-14.919
-20.2213
5.99459
49.0467
26.2987
3.60723
-5.82857
-4.33324
9.41004
1.6193
-10.9013
-18.4053
6.83369
45.093
23.3474
1.61589
-6.81186
-4.68072
11.2218
2.35809
19.8045
-9.74113
3.52346
8.60333
-2.33963
-8.78421
-8.43357
-5.12585
11.8982
2.94667
9.31346
-12.8712
9.22029
22.0214
9.76933
1.82566
-2.98179
-2.83809
12.1062
3.5152
-13.8803
-31.0851
-0.319756
55.9014
24.9128
3.25073
-6.81386
-5.27161
12.3377
3.48085
30.9017
-3.16185
5.87559
24.8626
5.56116
2.02919
-10.0065
-6.79739
8.04868
1.57768
-2.60987
-1.69126
8.99964
47.2807
4.60464
3.63449
-4.36358
-3.54163
10.5396
2.96761
41.0362
198.409
12.5316
156.255
-11.1875
42.9857
-46.7012
105.299
1.03164e-13
-1.22466e-13
-2.06268e-13
6.41018e-16
30.606
182.07
0.390113
215.209
-7.42789
97.3627
-36.4544
89.0137
-5.82046e-14
0
3.57781e-14
1.29454e-13
12.5084
179.359
37.4801
181.719
-16.9603
60.1202
-41.3151
87.9624
0
-4.65998e-21
1.54271e-13
0
3.6189
181.584
24.5573
194.343
-9.75441
72.2141
-34.3693
92.7738
0
0
0
0
7.33354
178.331
14.7734
172.572
-22.5684
43.7498
2.71792
117.29
0
3.16734e-26
0
-6.62391e-25
47.7884
155.884
17.1743
223.903
-14.6622
20.6454
-42.7836
117.829
0
-2.45187e-13
0
0
-19.902
191.561
51.1225
174.039
-27.9892
56.4645
-2.72335
78.3376
6.11224e-14
-1.9832e-14
-3.26261e-19
0
28.4916
160.898
-40.1502
192.287
1.04366
77.3388
-2.7844
118.174
0
-1.70417e-14
0
0
7.68111
145.483
32.6945
158.924
-23.4543
120
-35.6156
123.236
3.59564e-24
-2.09045e-13
0
0
-24.0577
92.0591
0.616579
1.712
14.6421
205.311
-35.4598
202.979
0
0
0
1.70869e-14
2.49549
2.64985e-05
0.71779
0.231726
0.0316306
0.0981307
-0.361487
-1.42934
0.148297
0.27364
-0.660061
-0.625164
0.689646
-0.294818
0.128691
-0.0759957
-0.444648
-0.358415
2.05534
-1.25228
-1.49986
1.9998
-1.29978
0.999939
-2.00007
-1.57075
-1.49983
-0.034637
0.726487
0.200108
-0.0248517
0.164191
-0.339447
-1.28752
0.233564
0.243856
-0.696918
-0.702734
0.583642
-0.348803
0.0545911
-0.0750855
-1.03721
0.0469404
2.20254
-1.21227
-0.920977
1.92056
-1.2476
1.71502
-1.69619
-1.1595
-0.885963
-0.05941
0.733383
0.182472
-0.0282815
0.127026
-0.281216
-1.20666
0.278491
0.202546
-0.730265
-0.783199
0.485344
-0.402756
-0.0164534
-0.0451373
-1.66094
0.496964
2.30848
-1.14451
-0.405617
1.95121
-1.27737
1.62804
-0.898283
-0.947291
-0.420775
-0.0778043
0.736254
0.157771
-0.0514586
0.165411
-0.271724
-1.14144
0.314045
0.164855
-0.76181
-0.858916
0.413866
-0.439399
-0.0846698
-0.0521055
-2.24901
0.886143
2.49924
-1.13637
-0.0124524
2.1628
-1.21102
1.92871
-0.325096
-0.671983
0.14216
-0.0725661
0.735997
0.158026
-0.0280576
0.134111
-0.26408
-1.13166
0.320121
0.122147
-0.792363
-0.929864
0.364253
-0.467767
-0.124788
-0.0316331
-2.84223
1.38958
2.54704
-1.09438
-0.222381
2.65977
-1.08647
2.48648
-0.536314
-0.362112
0.612699
-0.0543755
0.732108
0.180533
-0.0215213
0.13339
-0.292402
-1.13427
0.381207
0.106219
-0.821579
-0.995235
0.322186
-0.487956
-0.0694968
-0.0374477
-3.22825
1.93475
2.40398
-1.11048
-0.295866
2.89744
-0.979795
1.94985
-0.146487
0.0474509
1.1061
-0.0258194
0.725395
0.228434
-0.0110774
0.10712
-0.324476
-1.14133
0.457614
0.0972967
-0.846522
-1.04985
0.286592
-0.502824
-0.0113984
-0.0374376
-3.02919
1.90328
2.24884
-1.12294
-0.174839
2.64699
-1.00988
1.37284
-0.0444213
0.577681
0.56568
0.00643632
0.715868
0.286227
-0.00678998
0.0865748
-0.366012
-1.14785
0.533029
0.0906217
-0.8645
-1.07952
0.265349
-0.509818
0.0370216
-0.0433472
-2.45831
1.48956
2.08798
-1.11923
0.180858
2.28154
-1.13095
0.856094
0.317956
1.10918
0.216107
0.0338933
0.706294
0.345894
-0.0105854
0.0643693
-0.399678
-1.14392
0.603456
0.0852534
-0.874825
-1.09607
0.252323
-0.513372
0.110519
-0.0641293
-1.73421
0.967182
1.92252
-1.15549
0.286919
2.15484
-1.23769
0.298254
0.832162
0.949463
0.883491
0.0858045
0.683937
0.447944
-0.0106317
0.0343803
-0.471693
-1.09598
0.61385
0.03419
-0.879885
-1.10086
0.244777
-0.520119
0.226976
-0.12167
-1.02442
0.554077
1.73263
-1.26229
0.333672
1.94054
-1.24979
0.295968
1.35287
0.195731
0.519544
-30.0078
-19.4559
2.4676
68.61
37.4736
4.88541
-7.05023
-5.20321
16.9836
5.88773
-23.8161
-17.7499
7.84251
64.4462
33.9059
5.78427
-11.1703
-7.1293
12.9484
3.5649
-14.8338
-9.79546
7.54325
53.7111
25.0429
2.67629
-10.3611
-6.50018
10.656
2.54251
-14.8441
-11.5768
6.95833
51.4588
23.5896
3.33552
-7.74255
-5.20872
8.09144
1.30302
-12.4551
-10.2206
2.71344
48.7109
23.5258
6.11691
-8.00166
-5.29538
6.54507
0.857503
-13.1344
-9.01846
6.67149
36.4168
14.3822
0.40222
-6.44815
-3.89423
4.85214
0.520265
-10.9272
-6.20199
7.97262
35.4303
11.6433
1.12543
-6.83176
-4.4017
3.7386
0.0220795
-16.6996
-9.19336
7.86406
41.7321
10.1874
-0.474322
-7.94164
-4.31753
6.84704
1.35892
-11.222
-5.70316
7.82081
42.7527
9.27122
2.18463
-11.753
-6.22984
3.75504
-0.186639
-9.92004
-5.09404
6.34336
46.9683
4.57265
4.34135
-8.35339
-4.7625
3.24356
-0.883161
48.2459
137.846
-4.83904
188.11
-36.2208
83.5463
-56.0835
107.271
0
-2.58507e-15
-2.99704e-21
0
12.5047
183.179
21.5389
182.674
-26.1654
103.663
-46.9429
106.952
0
1.83498e-14
-1.40366e-15
0
13.4591
157.817
11.4168
143.642
-30.2939
86.3241
-42.2817
115.511
0
-4.47059e-15
0
-1.06101e-13
8.93922
157.923
5.89716
140.895
-20.9585
97.4747
-44.0562
114.322
1.74036e-14
0
0
0
7.27829
115.075
12.4615
133.148
-32.1156
108.146
-38.3477
106.683
0
0
-1.80052e-14
1.41633e-13
8.23746
136.093
7.31258
117.31
-20.336
67.7972
-29.9089
109.84
0
-2.50766e-15
4.20983e-15
-5.34433e-15
13.414
131.943
14.2008
109.471
-23.2061
78.3065
-24.3281
104.709
0
2.18876e-13
5.47427e-14
0
6.56531
135.629
21.6166
117.483
-16.2287
80.7934
-22.3419
119.76
2.56471e-13
0
0
2.30343e-14
26.6375
126.858
26.7298
130.412
-10.1308
104.204
-9.13353
112.994
0
2.02313e-13
1.13664e-13
0
27.2619
99.7334
26.3534
113.304
-8.03186
147.511
-11.5086
128.574
0
0
-6.53796e-14
-1.36099e-13
