0.512504
-0.0464
0.746369
-0.169224
0.0257757
0.185874
-0.0424256
-1.0044
0.1504
0.2794
-0.6654
-0.6273
0.6999
-0.2915
0.651078
-0.00744983
-1.3093
1.64513
1.3366
-1.67243
-1.32231
2.0655
-1.296
1.0569
-1.959
-1.39841
-1.3982
0.00126871
0.743295
-0.351313
0.232747
0.283733
-0.165167
-1.10121
0.35864
0.184514
-0.445755
-0.770728
0.803837
-0.393869
0.98584
-0.119701
-2.48707
2.97087
2.10438
-2.58817
0.381052
2.84422
-3
3
-0.83765
1.41962
-3
0.0696129
0.728429
-0.541237
0.450258
0.445639
-0.35466
-0.973225
0.267788
-0.0351311
-0.226177
-0.594462
0.907775
-0.210403
0.930197
-0.28383
-2.59407
3
2.21508
-2.62101
1.7481
-1.24089
-0.128368
2.73319
2.40752
-2.94461
2.87377
0.116725
0.70036
-0.731162
0.612477
0.665284
-0.546599
-1.085
0.239884
0.184514
-0.00653242
-0.425315
0.707206
0
0.643475
-0.465623
-1.66134
1.34575
3
-2.68441
-1.52665
-0.381124
3
3
2.31028
-2.73946
1.09741
0.163319
0.666102
-0.851277
0.732996
0.842767
-0.724486
-1.0402
0.020239
-0.0351311
0.213112
-0.20568
0.786928
0
0.636402
-0.46791
-1.64059
1.93483
1.9305
-2.22474
0.618592
-3
-3
1.75958
2.99987
1.08889
-2.89742
0.184128
0.633886
-0.881499
0.733
1.00679
-0.85829
-1.23925
0.190987
0.184514
0.430861
0
0.843531
-0.212134
0.176595
-0.440021
-0.113288
-0.447476
2.24029
-1.67953
-2.98314
2.41024
3
2.97411
-3
0.196715
-3
0.186777
0.626742
-0.890742
0.732993
1.04292
-0.885166
-1.23945
0.176572
-0.0348968
0.463104
-0.219645
0.857934
-0.266437
0.0241666
-0.0938903
-0.167464
0.0223496
0.488899
-0.343785
-0.00270151
-0.196879
-2.9968
0.223286
-0.00935116
-2.82916
2.99949
0.188547
0.622335
-0.895639
0.732993
1.06421
-0.901564
-1.23965
0.176042
-0.0371954
0.463104
-0.220329
0.650798
-0.266437
2.2765e-07
2.10427e-07
-9.77851e-07
2.0655e-06
-1.68863e-06
6.00975e-07
1.04194e-06
-2.35608e-06
8.01625e-06
1.17241e-06
-4.74711e-08
-1.17287e-06
3.25244e-06
14.5347
99.8519
51.0403
-55.7396
94.7565
55.8394
60
-20.842
60
-36.2854
-20.0079
-60.5457
43.8819
41.4369
-95.4431
-57.3351
-19.5755
48.7379
-10.1218
50
21.6356
95.5551
53.93
-100
55.0712
52.9471
53.0718
-10.8115
-17.1237
-41.1055
-19.1547
-57.8012
72.6931
-29.4715
-99.1789
-55.7402
-38.3338
23.8081
20.2026
31.9756
-44.3146
52.7798
61.0499
8.74567
71.7736
40.7936
-14.7671
-46.1054
47.4666
-17.6729
-88.3934
-92.1827
90.7058
2.50275
-23.3604
-19.0524
-45.6162
-10.3134
-29.3166
25.0751
-20.1759
64.1362
93.7221
3.08825
10.5087
7.39891
-20.5339
-7.83009
60
14.3069
-73.5813
-99.6531
34.6259
-25.7724
-9.61056
-1.34854
-8.57037
-3.68727
-5.79381
-2.96997
12.4767
385.613
11.8347
0
0
0
0
0
0
0
0
0
-21.878
393.279
-22.0962
0
0
0
0
0
0
0
0
0
25.1735
389.354
25.4045
0
0
0
0
0
0
0
0
0
-6.86667
592.752
-3.52582
0.00661322
0
0
0
0
0
0
0
0
-11.7036
519.606
-13.4963
0
0
0
0
0
0
0
0
0
-27.0805
776.327
-27.0927
4.3573e-15
7.9595e-16
0
0
0
1.22842e-14
0
0
0
16.8768
748.709
18.2268
0
0
0
0
0
0
0
0
0
-8.18635
401.105
8.18635
153.16
0
0
0
0
1.11997e-14
0
0
0
