1.1686
-3.84577e-07
0.699011
0.237773
0.0138914
0.254495
-0.50616
-0.766341
0.326142
0.202426
-0.660025
-0.625129
0.689954
-0.295241
0.0947793
-0.0932205
-0.0269591
-0.407901
1.24984
-0.814979
-1.03302
2.29208
-1.23211
0.999981
-2
-1.57079
-1.50001
-1.24526e-05
0.699572
0.221604
0.036121
0.241696
-0.499421
-0.744796
0.31598
0.207212
-0.539994
-0.661526
0.545371
-0.414466
0.0671529
-0.0920055
0.250726
-0.875521
1.54839
-0.923599
-1.27903
2.14967
-1.12136
1.28354
-2.01508
-1.76149
-0.915075
-0.00283785
0.702435
0.208195
0.0667189
0.19593
-0.470844
-0.69246
0.233118
0.251147
-0.411569
-0.70526
0.415415
-0.524348
0.0297681
-0.0639151
0.594233
-1.28102
1.53127
-0.844487
-1.5174
1.86121
-0.938042
0.862944
-1.84911
-1.58185
-0.731255
-0.0056175
0.701734
0.132469
0.115487
0.242615
-0.490571
-0.616397
0.223632
0.260296
-0.277303
-0.725662
0.331224
-0.61177
0.0154345
-0.0592104
0.875944
-1.45171
1.26239
-0.686628
-1.72491
1.6758
-0.826831
0.438508
-1.4849
-1.11874
-0.556967
-0.00762775
0.702145
0.0591676
0.181371
0.251176
-0.491714
-0.52917
0.190455
0.279548
-0.146848
-0.695239
0.254623
-0.694985
0.00749802
-0.0459876
0.995777
-1.45388
0.988986
-0.530879
-1.74797
1.47393
-0.721732
0.00559985
-1.82652
-0.636451
-0.602757
-0.0137468
0.700825
-0.0436359
0.239434
0.324316
-0.520114
-0.417249
0.153157
0.307728
-0.00584953
-0.647478
0.205106
-0.76179
-0.00911328
-0.0368254
0.998167
-1.35053
0.718337
-0.365977
-1.65053
1.23606
-0.583693
-0.504674
-1.81099
-0.503751
-0.60174
-0.0168501
0.699235
-0.138779
0.308018
0.370078
-0.539318
-0.333339
0.164898
0.307219
0.113535
-0.602474
0.180901
-0.811649
-0.00859852
-0.0331851
0.790077
-1.07001
0.570668
-0.290731
-1.3344
1.02518
-0.480851
-0.71389
-1.2087
-0.845034
-0.236984
-0.0220192
0.69723
-0.22156
0.355851
0.426903
-0.561193
-0.256543
0.159759
0.318344
0.20952
-0.561153
0.149524
-0.84324
-0.00685097
-0.026849
0.54363
-0.739774
0.400818
-0.204674
-0.995429
0.851969
-0.40017
-0.435528
-0.707329
-0.781327
-0.531163
-0.0280625
0.695724
-0.276985
0.379327
0.474439
-0.576781
-0.188622
0.115799
0.349808
0.274085
-0.530984
0.143445
-0.85742
0.001629
-0.0134188
0.275037
-0.344821
0.158578
-0.0887937
-0.625591
0.68932
-0.338766
-0.102213
-0.13543
-0.437854
-0.544026
-0.0312816
0.694532
-0.306602
0.390814
0.502319
-0.586531
-0.158962
0.105149
0.360415
0.293974
-0.519251
0.139556
-0.860376
-0.0127547
-0.0148057
0.0533338
-0.177247
0.225045
-0.101132
-0.327408
0.493844
-0.21977
0.0454125
-0.173913
-0.0494167
0.0548975
-12.5527
-12.9191
5.72127
26.5362
2.27977
-0.882282
-3.76748
-2.8625
13.5738
4.45628
-12.4572
-11.8957
9.61729
37.6589
7.64528
0.155259
-13.2269
-8.11742
12.1854
3.14254
-15.8882
-12.383
8.85357
32.5779
9.17952
-0.186564
-8.76675
-5.69359
9.60353
1.66582
-12.8746
-12.4032
8.72781
31.3741
8.92508
-0.419818
-9.76835
-6.85673
7.71879
0.84544
-18.3249
-15.6323
8.43562
30.2868
8.93878
-0.949146
-10.7139
-7.46043
2.02265
-2.3007
-19.0165
-18.7994
7.73911
24.5768
8.04679
-1.50102
-5.8852
-5.00249
-1.96481
-3.76219
-23.7632
-22.4269
7.21709
22.4102
5.28038
-2.60632
-2.42715
-3.49083
-6.69023
-6.2443
-25.945
-26.6421
6.54606
16.3004
2.88167
-3.28585
0.38375
-2.01678
-4.90392
-5.57946
-30.5302
-31.2707
6.44229
14.8369
3.06168
-4.14137
-0.850357
-2.53847
-5.42429
-5.43648
-29.2699
-32.3402
5.41043
10.0902
1.23326
-4.91738
-4.38795
-4.22662
-2.58844
-3.85919
37.5286
107.224
12.4731
123.07
-20.6138
136.907
-20.679
137.3
0
-1.24308e-15
0
1.29884e-13
24.7446
137.913
24.6495
124.85
-17.312
152.391
-17.1157
152.553
0
-8.69987e-19
3.29324e-14
-7.64028e-14
23.1493
134.23
23.1803
121.49
-17.071
136.007
-16.8516
136.609
0
0
-2.12028e-13
-9.25491e-23
21.3734
131.503
21.1766
119.45
-17.8407
139.088
-18.4715
139.579
0
2.63007e-13
5.88173e-14
2.44578e-13
20.9665
134.546
21.1456
121.878
-21.0513
139.49
-20.5954
140.82
7.39379e-14
0
0
0
16.7596
132.98
16.5986
122.265
-20.5048
127.955
-21.3865
130.817
2.25152e-24
1.21547e-21
0
-5.54515e-14
16.4316
132.449
16.5565
122.331
-26.9198
135.336
-26.8051
139.992
1.91579e-15
0
-5.97767e-26
0
12.469
135.22
12.4183
128.563
-27.9007
124.064
-26.5215
131.229
0
-6.7411e-14
0
0
13.7561
141.605
14.3193
136.617
-30.4209
122.043
-29.4031
132.633
-3.32693e-14
0
1.10825e-13
-2.60442e-15
12.5711
137.427
12.6246
142.991
-26.576
104.576
-27.8889
123.07
0
9.60458e-14
0
0
