0.316095
-0.0464
0.746369
-0.169226
0.0257743
0.185878
-0.0424268
-1.0044
0.1504
0.2794
-0.6654
-0.6273
0.6999
-0.2915
0.173175
-0.030789
-1.30624
0.916382
1.30939
-0.91953
-0.7944
2.2616
-1.2732
1.2217
-1.8227
-0.8885
-1.0888
0.074358
0.742756
-0.114079
0.176605
0.15516
-0.242242
-1.00758
0.234088
0.221907
-0.606781
-0.688059
0.668076
-0.340557
0.292318
-0.0800158
-1.54994
2.06134
-0.0233524
-0.765666
-0.0704657
1.85325
-1.2732
1.70324
-1.34551
-0.704753
-1.08642
0.0951727
0.740605
-0.184069
0.312073
0.0871133
-0.234611
-1.01076
0.301835
0.164414
-0.52987
-0.729316
0.636252
-0.389614
0.377615
-0.0437843
-1.66206
3
-1.50695
0.169003
0.530597
1.50024
-1.2732
1.70325
-0.912162
-0.154009
-1.29614
0.112994
0.73694
-0.258159
0.447542
0.0193788
-0.22698
-0.986805
0.354956
0.124103
-0.470754
-0.754818
0.629297
-0.448137
0.394648
-0.0811581
-1.64075
3
-1.46897
0.0672181
0.840391
1.17634
-0.892669
1.30914
-0.564725
0.205265
-1.28106
0.131125
0.733275
-0.331417
0.557202
-7.28404e-15
-0.232497
-0.948857
0.394492
0.101005
-0.434173
-0.769095
0.638566
-0.505976
0.402258
-0.0883506
-1.58323
2.42845
-0.429148
-0.388843
0.891961
0.875449
-0.511495
0.810083
-0.316131
0.3744
-0.852597
0.149257
0.729285
-0.386807
0.631861
0.0171133
-0.263164
-0.915885
0.424161
0.0779064
-0.419273
-0.774165
0.655472
-0.54447
0.318898
-0.0837452
-1.23294
1.5507
0.378997
-0.696761
0.73019
0.612939
-0.511492
0.329918
-0.112223
0.374403
-0.452205
0.156247
0.727249
-0.413726
0.658333
0.0400311
-0.284637
-0.898502
0.441619
0.054808
-0.404374
-0.771864
0.667965
-0.564887
0.154797
-0.0408479
-0.596143
0.585796
0.507552
-0.467504
0.384956
0.386516
-0.536606
0.134753
0.050993
0.276682
-0.0971423
0.157664
0.726752
-0.418785
0.654465
0.0629489
-0.299831
-0.881119
0.459078
0.0349386
-0.398288
-0.773246
0.666919
-0.56424
-0.000423018
-0.00126238
0.0204342
-0.0856709
0.130244
-0.0650071
-0.21222
0.389091
-0.43997
0.00860561
-0.0306167
-0.0231573
0.0143491
-12.7498
-10.3848
3.44432
-0.619005
-0.0357071
0.611528
13.8702
10.3942
-9.05059
-6.90334
-10.9438
2.5477
45.2353
-23.3671
-8.55136
-1.63547
-6.95002
0.199129
20.2896
7.65356
-21.624
6.48694
48.2811
-4.92166
-0.264868
0.724832
-14.7676
-4.62569
13.4858
3.35711
-2.70081
31.1015
61.4274
-21.5593
-7.65578
-0.675336
-20.5758
-8.62691
20.3201
10.6066
-9.11344
30.1762
62.9697
-28.3678
-10.0913
-1.0906
-24.3277
-10.3307
17.1276
8.67134
-49.1675
2.15047
55.5288
-10.8232
-3.33074
-0.836989
-9.67691
-1.15394
22.0303
11.9185
-70.6465
-13.174
52.9783
-16.2402
-3.95192
0.0582589
-0.628479
4.75502
22.8347
11.7294
-19.2956
18.3343
68.7403
-26.3533
-7.91516
-1.26771
-14.5645
-6.07052
0.973304
-1.88766
2.22264
139.798
2.30958
120.253
0
0
0
0
4.51868e-15
0
0
0
-751.816
464.873
799.572
207.468
0
0
0
0
0
0
0
0
-161.398
439.09
164.387
66.0533
0
0
0
0
0
0
0
0
-148.234
484.25
174.659
25.7659
0
0
0
0
0
0
0
0
-120.822
524.317
169.452
70.9864
0
0
0
0
0
0
0
0
-100.413
496.943
74.8881
41.1346
0
0
0
0
0
0
0
0
-18.2053
544.434
6.29679
135.129
-2.25344e-15
3.11595e-14
0
0
0
0
0
0
-107.805
552.374
107.71
1.94373
0
0
0
0
0
0
0
0
0.312218
-0.0464
0.746369
-0.169226
0.0257743
0.185878
-0.0424268
-1.0044
0.1504
0.2794
-0.6654
-0.6273
0.6999
-0.2915
0.173175
-0.030789
-1.30624
0.916382
1.30939
-0.91953
-0.7944
2.2616
-1.2732
1.2217
-1.8227
-0.8885
-1.0888
0.0676302
0.743422
-0.124817
0.177341
0.154952
-0.233699
-1.00788
0.233319
0.241288
-0.610909
-0.708597
0.666459
-0.340063
0.296965
-0.0660834
-1.60915
2.08618
0.0305135
-0.695394
-0.078069
1.85907
-0.854452
1.87916
-1.3548
-0.749762
-1.51686
0.100515
0.739075
-0.183732
0.311149
0.0989391
-0.226356
-0.987785
0.300844
0.220733
-0.527094
-0.769025
0.642132
-0.407719
0.363195
-0.0412006
-1.71159
3
-1.45305
0.16464
0.498517
1.51391
-0.460866
2.04493
-0.926215
-0.245307
-1.60747
0.116882
0.736677
-0.256425
0.444957
0.0288893
-0.221536
-0.96555
0.354421
0.218053
-0.45362
-0.810336
0.631191
-0.479416
0.358029
-0.0891807
-1.62979
3
-1.57053
0.0427244
0.788522
1.20121
-0.0600858
1.6473
-0.5848
0.110856
-1.26918
0.13324
0.732875
-0.325889
0.554375
0
-0.231128
-0.93038
0.394932
0.233951
-0.401648
-0.83642
0.636135
-0.536025
0.3665
-0.0852284
-1.55045
2.4532
-0.647704
-0.255039
0.836479
0.908268
0.356445
1.16522
-0.345407
0.294058
-0.86285
0.148757
0.729351
-0.381399
0.627463
0.0131782
-0.259242
-0.899976
0.423567
0.251451
-0.375892
-0.851826
0.649251
-0.574511
0.303564
-0.0790246
-1.24428
1.57915
0.295457
-0.630325
0.681664
0.6422
0.392352
0.577457
-0.160164
0.344388
-0.479229
0.155738
0.727403
-0.409303
0.654347
0.0375208
-0.282565
-0.869572
0.441796
0.268951
-0.366589
-0.85897
0.661732
-0.580153
0.153457
-0.0397983
-0.625606
0.593351
0.545768
-0.479983
0.355468
0.408698
-0.0220365
0.204899
-0.00417346
0.279829
-0.125105
0.158926
0.726582
-0.411432
0.650033
0.0618635
-0.303973
-0.853717
0.459994
0.268355
-0.365005
-0.86274
0.674213
-0.580669
-0.000709644
-0.00131254
0.0238603
-0.0967112
0.144672
-0.0718211
-0.216386
0.407982
-0.275294
0.0355258
-0.0845394
-0.011717
-0.0115655
-5.64945
-6.58066
4.2632
-2.39151
-0.653209
0.602964
12.9722
9.88998
-17.0399
-13.2185
3.96748
24.7324
73.768
-26.0787
-8.71735
-0.651232
1.32177
4.37698
9.77001
-0.430192
-40.9812
-9.36291
37.6036
2.94667
3.01411
1.34704
-11.7251
-2.75294
26.6187
13.7584
-2.82167
33.9337
69.2354
-21.4745
-7.40908
-0.555804
-20.6016
-8.66029
20.6969
10.5838
-18.2042
16.223
44.2759
-27.1314
-9.3965
-0.845324
-23.7786
-9.73048
17.871
9.1217
-31.64
18.0811
66.8486
-16.625
-5.93372
-1.26721
-19.0625
-7.00542
21.5082
11.4318
-83.3286
-32.0434
28.3788
-13.6348
-3.74636
-0.882233
-2.15083
4.42922
24.0319
12.7337
-19.5188
18.5692
69.2765
-25.65
-7.40088
-0.969829
-14.219
-6.05598
1.12864
-1.89726
8.02952
145.018
7.97248
128.763
0
0
0
0
-4.51868e-15
6.26693e-15
0
0
-892.847
599.945
920.538
78.5779
0
2.79321e-13
0
0
0
0
0
0
600.605
388.772
-625.353
70.457
2.73961e-13
0
0
0
7.37282e-15
0
0
0
-1985.92
528.307
2005.06
0.0117721
0
0
0
0
0
0
0
0
-457.587
437.834
523.724
166.617
0
0
0
0
0
0
0
0
-702.385
542.681
691.096
0
0
1.35837e-13
0
4.86812e-15
0
9.88712e-15
0
0
101.26
427.913
-95.2723
252.602
0
0
0
0
0
0
0
0
-4.02574
554.326
3.93009
0
0
0
0
0
0
0
0
0
0.319524
-0.0464
0.746369
-0.169226
0.0257743
0.185878
-0.0424268
-1.0044
0.1504
0.2794
-0.6654
-0.6273
0.6999
-0.2915
0.173175
-0.030789
-1.30624
0.916382
1.30939
-0.91953
-0.7944
2.2616
-1.2732
1.2217
-1.8227
-0.8885
-1.0888
0.0743392
0.74364
-0.109981
0.17119
0.156091
-0.236396
-1.00692
0.23469
0.240865
-0.609634
-0.710499
0.665478
-0.341343
0.30344
-0.0788711
-1.5484
2.06887
-0.0129213
-0.767316
-0.0552149
1.84658
-0.847555
1.8736
-1.33811
-0.75374
-1.51703
0.0955454
0.740107
-0.180659
0.308128
0.0877524
-0.229671
-0.982543
0.302635
0.220356
-0.524111
-0.771494
0.634873
-0.410625
0.387067
-0.0453198
-1.6522
3
-1.49714
0.149337
0.5589
1.48852
-0.449295
2.04389
-0.897102
-0.236046
-1.61412
0.11384
0.736962
-0.254717
0.445061
0.0195061
-0.226311
-0.956864
0.355783
0.218078
-0.448329
-0.812212
0.624293
-0.478423
0.400188
-0.0848375
-1.6308
2.99988
-1.46633
0.0400931
0.878825
1.16435
-0.0499012
1.6602
-0.549359
0.136382
-1.27195
0.132239
0.73285
-0.328224
0.555444
0
-0.231854
-0.916707
0.39554
0.234712
-0.394771
-0.837124
0.630518
-0.536149
0.402077
-0.0901226
-1.57277
2.41823
-0.427175
-0.399159
0.928036
0.870979
0.36443
1.17334
-0.310065
0.326542
-0.855559
0.150515
0.728885
-0.384164
0.630318
0.0186207
-0.264848
-0.881691
0.42329
0.25312
-0.368467
-0.85001
0.645423
-0.574821
0.315618
-0.0869743
-1.22447
1.52609
0.408391
-0.731622
0.75885
0.611805
0.403279
0.576253
-0.125734
0.371958
-0.464936
0.157556
0.726892
-0.411167
0.658069
0.0396411
-0.286634
-0.861339
0.440648
0.271527
-0.360321
-0.853849
0.658868
-0.5958
0.1539
-0.0438712
-0.591579
0.606708
0.460602
-0.467495
0.40677
0.380289
-0.0125451
0.203332
0.0202868
0.29455
-0.109822
0.158905
0.726664
-0.411371
0.655687
0.0503436
-0.298371
-0.842771
0.458004
0.270544
-0.358474
-0.857564
0.658499
-0.596855
0.000263914
-0.00061699
0.0207878
-0.0521863
0.0640855
-0.0326871
-0.194213
0.382801
-0.268545
0.0388833
-0.0813862
-0.0150508
0.000184462
-11.0786
-16.3705
-10.5671
-1.56701
-0.334531
0.656922
13.2385
10.1727
-17.1603
-13.0779
-18.4184
-7.53799
32.1377
-18.7288
-5.60159
-0.0833985
2.67534
5.7494
10.775
0.605431
-27.1847
5.65192
52.1345
-4.07819
0.109351
0.827271
-14.1046
-4.33095
24.8606
12.3468
-3.12524
32.0265
63.9218
-20.71
-7.1984
-0.552371
-20.1707
-8.46619
20.4263
10.5525
-6.87484
36.1121
72.6785
-28.3477
-9.89053
-0.952264
-23.7683
-10.2158
17.9269
8.93536
-45.7833
4.24242
56.1034
-10.6282
-3.22309
-0.74299
-16.8738
-5.40424
23.1954
12.556
-63.6703
-7.82675
58.2467
-20.715
-6.8043
-1.44446
-4.11494
2.67822
21.9616
11.1946
-19.3353
19.6413
69.3935
-25.5167
-7.33208
-0.956025
-14.1686
-6.06051
0.769685
-2.07982
15.6887
67.9663
15.3315
196.017
0
0
0
0
0
0
0
0
-1087.09
396.252
1138.97
258.788
0
0
0
0
0
0
0
0
-214.992
462.764
202.462
38.4751
0
0
0
0
0
0
0
0
-249.064
496.857
270.604
14.2113
0
2.72357e-15
0
0
0
0
0
0
-101.901
574.361
140.251
23.8724
0
0
0
0
0
0
0
0
-174.011
497.608
153.412
42.1572
0
0
0
0
0
0
0
0
-114.988
571.256
108.95
120.623
0
0
0
0
0
0
0
0
-207.188
554.031
207.104
0.28085
0
0
0
0
0
0
0
0
0.30085
-0.0464
0.746369
-0.169226
0.0257743
0.185878
-0.0424268
-1.0044
0.1504
0.2794
-0.6654
-0.6273
0.6999
-0.2915
0.173175
-0.030789
-1.30624
0.916382
1.30939
-0.91953
-0.7944
2.2616
-1.2732
1.2217
-1.8227
-0.8885
-1.0888
0.0400177
0.746279
-0.126313
0.172557
0.0770675
-0.135992
-1.03051
0.230199
0.242057
-0.612893
-0.705637
0.661714
-0.336813
0.438423
-0.0687956
-1.89791
2.16364
0.873958
-1.29211
0.00787014
1.85671
-0.868947
1.53881
-1.35054
-0.682548
-1.05433
0.0740822
0.743322
-0.203016
0.291802
0.0937262
-0.182512
-1.03017
0.29515
0.221746
-0.546757
-0.763681
0.632379
-0.382127
0.570854
-0.0838704
-2.07973
2.77452
0.387614
-1.0824
0.564773
1.51125
-0.472585
1.76893
-0.948054
-0.194564
-1.35236
0.10487
0.739617
-0.277627
0.420737
0.0781572
-0.212084
-1.0059
0.348432
0.21788
-0.470731
-0.804427
0.624016
-0.43562
0.556034
-0.0977617
-1.94969
3
-0.362243
-0.688071
0.839359
1.23975
-0.0899621
1.82219
-0.605887
0.142018
-1.24465
0.123802
0.735415
-0.344239
0.537349
0.0413449
-0.237937
-0.970112
0.39192
0.230478
-0.413986
-0.830467
0.63012
-0.489113
0.440482
-0.0891408
-1.54988
2.71325
-0.943768
-0.219597
0.832625
1.01184
0.293116
1.32029
-0.352769
0.300346
-0.841247
0.137665
0.732122
-0.392827
0.623948
0.00989387
-0.247375
-0.941885
0.425325
0.243264
-0.382561
-0.845629
0.643028
-0.525268
0.323374
-0.076614
-1.13431
2.00082
-0.710477
-0.156035
0.656784
0.773383
0.297511
0.731162
-0.165135
0.341675
-0.462602
0.146121
0.729439
-0.416628
0.665425
0.000598795
-0.253383
-0.928418
0.449088
0.256051
-0.370285
-0.852726
0.655029
-0.54515
0.156184
-0.0397079
-0.553786
0.909851
-0.216277
-0.139788
0.313334
0.552895
-0.123187
0.296326
-0.0248782
0.279236
-0.117553
0.146216
0.729415
-0.415867
0.665949
0
-0.259391
-0.939796
0.472546
0.250517
-0.367486
-0.857808
0.654515
-0.550202
0.0022209
-0.000567232
0.0177065
-0.0579603
0.0875607
-0.0473068
-0.264753
0.545812
-0.363962
0.0651236
-0.118242
-0.0119673
0.00269491
63.2864
31.0658
10.502
-50.005
-20.6873
-3.02079
-6.38661
-1.74577
-15.7295
-10.4268
-27.9988
-34.1779
-31.0212
-8.3163
-1.9398
0.499449
-13.2664
-3.41392
10.0704
1.63245
-10.7965
3.87131
29.0922
-24.0456
-8.4359
-0.698021
4.16409
5.71134
9.80499
1.78821
-58.1215
-6.50986
61.8206
7.51487
5.72815
1.89233
-9.85322
-1.2708
32.001
17.5817
-29.8823
17.8352
72.9854
-19.1573
-5.59178
-0.126583
-21.0747
-7.90002
22.6652
11.7547
-38.7417
15.3899
69.4348
-12.0718
-4.00309
-0.975595
-17.4026
-5.87251
23.935
12.9283
-54.1149
11.823
79.4198
-21.7181
-7.29129
-1.54923
-8.22228
0.10366
23.1322
11.7953
-18.7918
21.1191
63.5549
-26.6749
-7.974
-1.08388
-14.276
-6.05565
0.892982
-1.86069
83.5325
214.652
86.7546
271.883
0
0
0
0
0
6.26693e-15
0
0
-4540.42
0
4627.88
493.81
0
0
0
0
0
0
0
0
191.382
357.337
-124.792
171.39
0
-4.25148e-15
0
0
0
0
0
0
5237.02
504.798
-5331.24
0
0
0
0
0
0
0
0
0
1829.4
623.727
-1820.02
4.56699
0
0
0
0
0
0
0
0
-4042.33
538.081
3997.18
0
3.24574e-14
0
0
0
0
0
0
0
2622.23
690.205
-2633.17
0
0
0
0
0
0
0
0
1.06287e-14
-3234.38
497.474
3234.2
56.8754
0
0
0
0
0
0
0
0
0.313644
-0.0464
0.746369
-0.169226
0.0257743
0.185878
-0.0424268
-1.0044
0.1504
0.2794
-0.6654
-0.6273
0.6999
-0.2915
0.173175
-0.030789
-1.30624
0.916382
1.30939
-0.91953
-0.7944
2.2616
-1.2732
1.2217
-1.8227
-0.8885
-1.0888
0.0737477
0.743255
-0.115736
0.174688
0.157282
-0.230213
-1.00755
0.233618
0.241166
-0.61066
-0.708969
0.666797
-0.340285
0.296091
-0.0695054
-1.56602
2.07368
-0.0272978
-0.688367
-0.0703073
1.85728
-0.853398
1.88073
-1.3478
-0.738806
-1.0888
0.0937938
0.740141
-0.185904
0.309107
0.0894324
-0.22269
-0.983522
0.30089
0.220699
-0.526391
-0.769359
0.635808
-0.389354
0.380928
-0.0422602
-1.65361
3
-1.51427
0.167882
0.535962
1.50141
-0.456775
2.05088
-0.903198
-0.223136
-1.09514
0.112353
0.737822
-0.257258
0.443526
0.0215834
-0.219722
-0.959508
0.353296
0.218487
-0.452015
-0.809828
0.62581
-0.442312
0.414218
-0.0871123
-1.59742
3
-1.4875
0.0184323
0.857823
1.16961
-0.04937
1.65995
-0.551096
0.129272
-1.18192
0.131336
0.733629
-0.328383
0.553491
0
-0.22539
-0.921072
0.392436
0.233282
-0.399028
-0.83452
0.631602
-0.49527
0.42368
-0.0935787
-1.54835
2.45422
-0.481704
-0.400916
0.918324
0.873525
0.330184
1.18258
-0.310133
0.318648
-0.853452
0.149147
0.729237
-0.383951
0.62819
0.0180798
-0.262319
-0.879925
0.419921
0.249719
-0.372236
-0.848416
0.645879
-0.53351
0.342697
-0.0999963
-1.24054
1.59449
0.403509
-0.824189
0.763881
0.613601
0.366854
0.597942
-0.125147
0.372787
-0.457089
0.156915
0.727035
-0.411898
0.655339
0.0445184
-0.287959
-0.845698
0.437766
0.266156
-0.362193
-0.854023
0.658946
-0.55399
0.173193
-0.0508196
-0.623741
0.605934
0.590065
-0.567425
0.398644
0.39828
-0.0117937
0.223706
0.00629112
0.291632
-0.102372
0.160531
0.725783
-0.41578
0.65188
0.0709571
-0.307056
-0.827836
0.455611
0.265843
-0.360017
-0.858591
0.672013
-0.553627
-4.53974e-05
-0.00128918
0.0232833
-0.0772119
0.108787
-0.0548587
-0.216792
0.417606
-0.272459
0.0485523
-0.101944
-0.0202102
0.00809634
-17.689
-24.7178
-20.1821
0.470512
0.572194
0.829939
13.9119
10.7331
-16.7069
-12.7775
-9.41219
15.5989
69.9566
-23.6027
-7.62368
-0.446738
2.08997
4.96071
25.5135
11.9667
-45.9603
-32.1273
-4.52302
2.78359
2.90169
1.34145
-12.3736
-2.59022
13.3664
3.82974
-0.144962
28.1935
52.8257
-24.5615
-8.8313
-0.813314
-21.8966
-9.32364
16.1218
7.44155
-9.84519
34.5571
73.2035
-25.0749
-8.67835
-0.845039
-22.3882
-9.42809
19.152
9.78667
-33.6022
16.0343
65.707
-15.5131
-5.34573
-1.04966
-18.607
-6.73855
21.8696
11.7674
-67.763
-1.54327
74.9561
-17.411
-5.09593
-1.12792
-3.32556
3.17147
24.2946
12.4026
-20.3996
17.2984
69.0843
-25.3968
-7.27542
-0.951428
-14.2158
-6.0581
1.17349
-1.7787
7.61953
23.6899
24.8677
240.113
0
0
0
0
4.51868e-15
0
0
0
-1919.91
590.527
1934.81
89.316
0
0
0
0
0
0
0
0
-513.393
173.03
546.523
288.48
0
-6.82972e-19
0
0
0
0
0
0
-642.575
441.545
695.099
89.6862
-2.20089e-15
0
0
0
0
0
0
0
-11.321
574.497
33.7229
1.42265
0
0
-1.97733e-14
0
0
0
0
0
12.6356
537.035
-25.1015
2.22371
0
-1.42594e-16
0
0
1.22609e-14
0
0
0
587.005
666.001
-623.326
44.2172
0
0
0
0
0
-9.61851e-15
0
0
389.095
554.326
-389.196
0
0
0
0
0
0
0
0
0
0.337748
-0.0464
0.746369
-0.169226
0.0257743
0.185878
-0.0424268
-1.0044
0.1504
0.2794
-0.6654
-0.6273
0.6999
-0.2915
0.173175
-0.030789
-1.30624
0.916382
1.30939
-0.91953
-0.7944
2.2616
-1.2732
1.2217
-1.8227
-0.8885
-1.0888
0.0677661
0.744173
-0.104309
0.164983
0.13603
-0.214251
-1.00427
0.23826
0.239744
-0.606453
-0.715245
0.662046
-0.344034
0.325361
-0.100843
-1.60859
2.07881
0.19605
-1.05493
0.00264793
1.82095
-0.821921
1.5216
-1.31685
-0.784553
-1.54893
0.094608
0.741305
-0.181923
0.309732
0.0836428
-0.224421
-0.972318
0.308057
0.22042
-0.533037
-0.778783
0.648815
-0.41877
0.434412
-0.0594368
-1.78237
3
-1.08575
-0.131889
0.662121
1.44658
-0.400486
1.78207
-0.85909
-0.274419
-1.6475
0.115568
0.737282
-0.263057
0.454481
0.0216584
-0.225721
-0.930409
0.362298
0.221516
-0.447052
-0.820233
0.635575
-0.481258
0.42923
-0.0833767
-1.68154
3
-1.29151
-0.026943
0.989055
1.12417
0.0227079
1.83321
-0.482849
0.120142
-1.28348
0.135166
0.732952
-0.335099
0.566871
0
-0.235938
-0.882687
0.402716
0.243906
-0.384664
-0.843531
0.641372
-0.543185
0.388312
-0.0897351
-1.49312
2.32935
-0.448882
-0.37452
1.00185
0.837679
0.464039
1.29302
-0.233623
0.305615
-0.856783
0.151346
0.728685
-0.386614
0.634627
0.0176077
-0.26589
-0.836582
0.430919
0.26721
-0.353891
-0.854803
0.656117
-0.584525
0.275273
-0.0733703
-1.06779
1.32362
0.364928
-0.620759
0.784139
0.584792
0.482987
0.637793
-0.0602797
0.339587
-0.464857
0.157381
0.726973
-0.410129
0.6591
0.0348906
-0.283862
-0.816222
0.447598
0.290514
-0.343803
-0.851292
0.669492
-0.606954
0.122475
-0.0354961
-0.487344
0.507222
0.352609
-0.372487
0.42198
0.345687
0.0313546
0.208843
0.0727765
0.277203
-0.102392
0.157806
0.726975
-0.40912
0.657301
0.0387807
-0.289883
-0.795862
0.464278
0.291945
-0.342616
-0.85394
0.668471
-0.611894
-0.000878577
4.40243e-05
0.0209104
-0.0372944
0.0301247
-0.0137406
-0.183995
0.349252
-0.227618
0.0246068
-0.054886
-0.0211579
0.00615741
-10.6887
-22.8777
-24.406
-4.25878
-1.47534
0.450234
12.0455
9.59694
-18.5335
-13.8644
1.05585
9.81297
41.8105
-17.6823
-5.42107
-0.0899973
-17.8068
-6.31382
7.15487
-1.33364
-34.812
-2.20251
43.1625
-11.6619
-2.82247
0.331554
7.58921
8.06586
23.9112
11.537
-27.5191
14.7053
58.5697
-6.82421
-1.0438
0.594748
-15.3529
-5.24644
24.972
13.3813
-6.61915
37.9537
75.8865
-30.3097
-10.5401
-1.04898
-24.8731
-10.8049
17.6068
8.58498
-52.8779
3.9285
64.1632
-6.01087
-1.05691
-0.380966
-16.1182
-4.88468
25.1966
13.5457
-33.5197
14.6548
71.8301
-32.0474
-11.9732
-2.40512
-9.89758
-1.56602
17.5114
8.47584
-20.0749
19.4997
67.9836
-24.7456
-6.87718
-0.856614
-14.0217
-6.06635
0.891489
-2.09587
32.3979
0
24.8391
273.429
0
0
0
0
0
6.26693e-15
0
0
-1220.99
422.504
1279.89
200.881
0
3.58766e-15
0
0
0
6.29326e-15
0
0
-655.854
430.008
658.787
110.902
0
0
0
0
0
0
0
0
-322.868
480.992
300.024
0
-1.1211e-15
0
0
0
0
0
0
0
-449.019
596.542
492.989
26.939
0
0
0
0
0
0
0
0
-361.084
548.178
315.677
0.0454184
0
0
0
0
0
0
0
0
-533.707
613.394
550.536
59.4204
0
0
0
0
0
0
0
0
-583.922
547.005
583.853
7.29813
2.712e-15
0
0
0
0
0
0
0
0.301218
-0.0464
0.746369
-0.169226
0.0257743
0.185878
-0.0424268
-1.0044
0.1504
0.2794
-0.6654
-0.6273
0.6999
-0.2915
0.173175
-0.030789
-1.30624
0.916382
1.30939
-0.91953
-0.7944
2.2616
-1.2732
1.2217
-1.8227
-0.8885
-1.0888
0.0725324
0.744828
-0.0579183
0.121693
0.129584
-0.161943
-1.03858
0.23093
0.241705
-0.612829
-0.705733
0.661667
-0.317032
0.330889
-0.0461743
-1.74989
2.18489
0.160101
-0.595098
0.0246619
1.87144
-0.875982
1.68676
-1.34743
-0.225128
-0.593337
0.0893376
0.742703
-0.133218
0.250786
0.0803577
-0.187551
-1.03752
0.297959
0.220218
-0.540246
-0.763714
-2.41631
-0.31208
0.390536
-0.0493924
-1.91271
3
-0.96299
-0.124297
0.640864
1.5577
-0.499352
1.97259
-0.959113
0.134745
0.115081
0.106143
0.738401
-0.214863
0.379879
0.0389192
-0.197336
-1.00995
0.35296
0.21531
-0.456786
-0.804986
-2.42245
-0.267389
0.38402
-0.108969
-1.90637
3
-0.893332
-0.501086
0.950645
1.27815
-0.114051
1.93953
-0.645622
-0.142638
1.03857
0.122668
0.734443
-0.296896
0.508972
0.00116682
-0.221272
-0.969038
0.396239
0.227181
-0.38899
-0.832768
-2.44655
-0.197953
0.426216
-0.0919859
-1.9884
2.77378
-0.229136
-0.556246
1.17228
1.00576
0.275863
1.5755
-0.349779
-0.560072
1.61363
0.140271
0.730699
-0.36277
0.59975
0.00609002
-0.248372
-0.924287
0.429903
0.239051
-0.339304
-0.847819
-2.48046
-0.12824
0.341671
-0.0870078
-1.51161
1.99284
0.126874
-0.629794
1.03997
0.782446
0.271449
1.15465
-0.201336
-0.788028
1.62013
0.154974
0.727387
-0.427816
0.684929
0.0115496
-0.27083
-0.908131
0.454526
0.250732
-0.314093
-0.856908
-2.52125
-0.0585245
0.167446
-0.0452197
-0.562022
0.788395
0.080937
-0.30731
0.375447
0.572207
-0.158723
0.586313
-0.211223
-0.94778
1.36012
0.162179
0.725726
-0.452
0.718322
0.0154428
-0.281765
-0.891975
0.478608
0.243659
-0.288863
-0.874637
-2.58294
0
-0.00596219
-0.0273783
0.24577
-0.270359
0.0904758
-0.254107
-0.510502
0.559643
-0.401499
0.104538
-0.411996
-1.43359
1.36008
-16.1955
0.332957
28.8068
-4.18552
-1.51038
0.429542
12.5338
9.34471
24.0728
13.3639
23.3251
49.0267
100
-31.5654
-10.7928
-0.99911
-14.9397
-5.22984
27.9683
13.2188
-57.7056
-21.4695
24.9886
12.6312
6.77166
1.95592
11.8813
9.45076
23.7372
16.5895
32.0648
58.6559
84.3917
-32.816
-11.8553
-1.31753
-24.3783
-11.027
-4.28032
0.151868
-9.2995
19.0139
44.1171
-17.849
-5.5121
-0.174886
-18.4877
-7.12084
-0.964769
-0.810351
-100
-76.855
-48.3711
-3.07595
0.591587
-0.0561503
-9.59436
-0.0441474
15.2861
7.36899
-100
-80.5476
-54.8117
-25.2551
-9.29648
-1.99205
-17.4306
-3.76504
17.3729
7.88237
-20.835
21.3691
68.7923
-26.5098
-7.85808
-1.07105
-13.9103
-6.05956
-1.8545
-0.635278
-54.0067
281.044
18.6971
0
0
0
0
0
-4.51868e-15
6.26693e-15
0
0
1927.35
737.544
-1893.41
15.5733
0
0
-2.97546e-15
0
0
0
0
0
4.81107
281.957
-79.1435
0
0
0
0
0
0
0
0
0
3078.03
601.462
-3013.83
0.0377796
0
0
0
0
0
0
0
0
-1364.1
399.675
1416.05
110.793
0
0
0
0
0
0
0
0
-1611.74
11.2702
1676.68
574.822
0
0
0
0
0
0
0
0
-1382.54
6.90427
1496.76
665.893
-5.63361e-16
0
0
0
0
0
0
0
900.741
551.975
-900.824
0
0
0
0
0
0
0
0
0
0.303717
-0.0464
0.746369
-0.169226
0.0257743
0.185878
-0.0424268
-1.0044
0.1504
0.2794
-0.6654
-0.6273
0.6999
-0.2915
0.173175
-0.030789
-1.30624
0.916382
1.30939
-0.91953
-0.7944
2.2616
-1.2732
1.2217
-1.8227
-0.8885
-1.0888
0.0537667
0.744557
-0.0830409
0.129116
0.121531
-0.184436
-1.03887
0.231457
0.241684
-0.612393
-0.706384
0.66135
-0.317148
0.347499
-0.0441871
-1.80454
2.1701
0.3485
-0.714061
0.0137315
1.86819
-0.869967
1.91931
-1.34674
-0.230267
-0.591118
0.0795893
0.742338
-0.161336
0.259281
0.0945967
-0.199108
-1.03827
0.298919
0.220669
-0.529118
-0.764816
-2.42274
-0.312775
0.426043
-0.0511647
-2.03029
3
-0.620758
-0.338166
0.605598
1.55485
-0.484333
2.13648
-0.961383
0.134503
0.100772
0.0980745
0.737983
-0.238127
0.389445
0.048234
-0.215908
-1.012
0.355778
0.216177
-0.451809
-0.806529
-2.42948
-0.268194
0.360865
-0.100364
-1.85471
3
-1.06854
-0.38721
0.821032
1.31046
-0.103531
1.78184
-0.694003
-0.155177
1.0275
0.114314
0.734746
-0.317862
0.512484
0.014243
-0.231235
-0.976373
0.401032
0.228667
-0.39136
-0.83664
-2.4546
-0.198104
0.37378
-0.0746078
-1.83773
2.81347
-0.778678
-0.197059
0.994605
1.04302
0.287863
1.39324
-0.422618
-0.579028
1.61541
0.140148
0.731331
-0.38002
0.617941
0.0041379
-0.248326
-0.938323
0.435032
0.241531
-0.349451
-0.854977
-2.48904
-0.128015
0.32227
-0.0787001
-1.43643
2.06325
-0.232907
-0.393918
0.876941
0.78503
0.29905
0.965903
-0.253883
-0.793758
1.60508
0.154131
0.727916
-0.425239
0.687016
0
-0.265418
-0.926013
0.459326
0.254507
-0.32914
-0.865992
-2.53044
-0.0583729
0.15604
-0.0418066
-0.516535
0.812757
-0.095385
-0.200836
0.283704
0.559927
-0.125301
0.489757
-0.240974
-0.954291
1.34536
0.160901
0.726103
-0.44765
0.717375
0.00453909
-0.274264
-0.913703
0.482657
0.248191
-0.307888
-0.883916
-2.59279
0
-0.00918121
-0.0298889
0.253162
-0.286281
0.104605
-0.283203
-0.511179
0.537722
-0.365295
0.099732
-0.413106
-1.43704
1.35652
-15.3633
0.801527
28.4771
-4.50565
-1.67701
0.39405
12.4535
9.26353
23.768
13.213
29.388
54.0214
100
-39.6572
-14.2995
-1.64279
-3.85456
0.798367
25.0767
11.4428
-44.5588
-14.117
27.0866
10.5392
5.78672
1.76705
-6.15803
-0.845686
22.8333
15.9268
-5.22561
35.0747
84.8767
-19.4394
-5.35882
-0.0791674
-20.0472
-7.95911
4.73724
5.56842
5.22773
22.0412
33.4959
-25.0726
-9.12314
-0.858828
-21.392
-8.93624
-4.77007
-3.05848
-100
-77.6188
-51.0568
-4.96971
-0.290957
-0.205851
-9.76739
-0.02677
14.9664
7.11479
-100
-78.6469
-54.0203
-20.1407
-7.18769
-1.59405
-12.1049
-0.899313
15.9695
7.12915
-20.0996
22.6134
68.7903
-26.6677
-7.94529
-1.08135
-14.0249
-6.05027
-1.756
-0.601538
-19.5249
276.372
-12.8056
0
0
0
0
0
0
0
0
0
-2861.64
733.806
2901.2
19.9421
0
0
2.97546e-15
0
0
0
0
0
20.7825
283.179
-76.7199
1.98952e-13
0
0
0
0
0
0
0
0
-1509.46
646.923
1514.03
0
0
0
0
-5.91709e-15
0
0
0
0
-273.078
327.45
361.989
163.503
0
0
0
0
0
0
0
0
-1105.13
-1.11022e-16
1175.03
591.547
0
5.65157e-15
0
0
0
0
0
0
-532.776
1.73472e-18
639.963
641.184
0
0
0
0
0
0
0
0
-15.7745
551.927
15.7312
0
0
0
0
0
0
0
0
0
2.18138
-0.0464
0.746369
-0.169226
0.0257743
0.185878
-0.0424268
-1.0044
0.1504
0.2794
-0.6654
-0.6273
0.6999
-0.2915
0.173175
-0.030789
-1.30624
0.916382
1.30939
-0.91953
-0.7944
2.2616
-1.2732
1.2217
-1.8227
-0.8885
-1.0888
0.126014
0.732912
-0.576284
0.733
0.117728
-0.265068
-1.44162
0.864411
-0.117362
-0.284687
-1.07386
0.772109
-0.844665
0.553271
-0.114434
-1.9576
3
-0.34349
-0.698906
-1.40303
3
1.13944
2.63045
-1.433
0.395615
-1.77509
0.0977725
0.740357
-0.565958
0.733
0.0106881
-0.17773
-2.35389
1.79929
0.278882
-0.202248
-1.52042
0.676284
-1.71502
-0.22954
0.0397924
0.736685
-1.14433
0.0984621
0.309179
-3
0.935099
1.27153
0.249341
-2.92604
-0.35768
-2.79941
0.0784753
0.741563
-0.369572
0.44189
0.135536
-0.191241
-2.34599
2.09069
0.675125
-0.205764
-2.391
0.588648
-2.391
-0.0619242
-0.0264731
0.0533298
-0.934163
1.58396
-0.703129
0.0253577
0.0551999
0.210814
-0.0230026
-1.72163
-0.207968
-1.39045
0.0591782
0.743873
-0.352953
0.386964
0.157461
-0.191473
-1.83478
2.10789
0.728411
0.0145143
-2.391
0.75596
-2.391
0.39138
0.00741271
-1.39576
3
-2.01074
0.406497
2.41838
-0.970478
-0.0375605
1.15308
0.00442171
0.55979
-2.97299e-07
0.104137
0.740254
-0.562191
0.733
0.0272559
-0.211526
-1.38821
2.35921
0.722289
0.0645778
-2.38962
0.920367
-2.391
0.146542
-0.0258541
-0.675025
1.06856
-0.329183
-0.0643504
-0.345361
0.81427
-0.0193492
0.160651
0.134976
0.262682
0.257491
0.133159
0.733183
-0.419313
0.643618
0.00727352
-0.231579
-2.11294
2.6155
0.716994
0.0389656
-2.38245
0.741314
-2.31076
-0.380438
0.0846335
0.909329
-3
2.98219
-0.891518
-2.42223
1.23786
0.0955456
-0.955087
-0.00292972
-0.574576
0.415579
0.123475
0.733628
-0.135942
0.305698
0.0885707
-0.265641
-2.3562
2.61772
0.728511
-0.244346
-2.39035
0.562261
-2.30339
0.00369414
-0.000947574
0.0247856
-0.023797
0.00976077
-0.0107493
-0.00155062
-0.015193
0.0198247
0.00837365
-0.0477812
-0.00388622
-0.0367372
58.4342
44.4944
30.1104
-34.5284
-10.9278
-1.00518
-5.83237
-2.65279
3.04499
-0.0198167
-57.1498
-0.780668
78.9534
-29.0131
-9.42813
-1.09048
-12.0941
-3.18786
9.49953
0.419135
-0.455201
28.5707
49.9005
-7.49876
-5.1752
-1.08065
-24.2657
-13.1622
4.61025
0.973726
-23.3038
18.8519
79.1202
-8.50246
-0.0624286
0.658276
0.1391
4.19557
6.01126
0.109528
23.3799
36.0401
58.997
-28.7001
-12.1992
-1.9096
-13.9125
-7.18537
4.85921
0.475139
-38.5947
20.8255
80.992
-19.682
1.58579
1.07794
-8.82667
-1.69
5.75861
-0.714051
-5.90556
27.1081
61.035
-13.6435
-7.89708
-1.20722
-12.3181
-5.74782
5.62757
0.831049
-2.85332
24.3456
68.0811
-9.39558
2.17251
1.05448
-6.52422
-2.20008
-0.97028
-5.78735
62.6588
245.45
53.7487
87.1425
1.27245e-15
0
0
0
0
0
0
0
2324.95
686.391
-2375.33
62.2599
0
0
0
0
0
0
0
0
-70.7731
396.719
108.141
0
0
0
0
0
0
0
0
0
1833.13
627.763
-1875.91
0.00370443
0
1.46145e-21
0
0
0
0
0
0
-183.497
455.772
238.715
0.00281425
0
0
0
0
0
0
-8.80989e-16
0
-1792.69
642.587
1748.26
0.00431071
0
0
0
0
0
0
0
0
-1647.57
488.896
1681.86
0.0128815
0
0
0
0
0
0
0
0
-2706.44
528.25
2706.44
26.0027
0
0
0
0
0
0
0
0
0.309335
-0.0464
0.746369
-0.169226
0.0257743
0.185878
-0.0424268
-1.0044
0.1504
0.2794
-0.6654
-0.6273
0.6999
-0.2915
0.173175
-0.030789
-1.30624
0.916382
1.30939
-0.91953
-0.7944
2.2616
-1.2732
1.2217
-1.8227
-0.8885
-1.0888
0.0823443
0.741075
-0.120239
0.188993
0.1667
-0.256517
-1.00881
0.232734
0.241489
-0.611412
-0.707846
0.667753
-0.333598
0.282505
-0.0800367
-1.50877
2.06092
-0.133321
-0.701755
-0.0998314
1.86315
-0.857546
1.4979
-1.35584
-0.727452
-0.952639
0.110117
0.737538
-0.177758
0.320726
0.0989208
-0.245046
-0.9884
0.29963
0.221059
-0.545219
-0.767762
0.658132
-0.356911
0.375532
-0.0387235
-1.64231
2.981
-1.5338
0.259565
0.462475
1.51379
-0.462324
1.70609
-0.92905
-0.216562
-0.527564
0.128037
0.734655
-0.249701
0.453298
0.0339324
-0.233576
-0.954465
0.352306
0.218388
-0.469826
-0.808817
0.648562
-0.360584
0.405515
-0.0826107
-1.62803
3
-1.47063
0.0986627
0.767916
1.19203
-0.0604397
1.71689
-0.567231
0.115421
-0.083094
0.144263
0.730508
-0.313799
0.559313
0
-0.245514
-0.918984
0.392481
0.233753
-0.415899
-0.833884
0.653662
-0.346291
0.381854
-0.0952568
-1.45047
2.39903
-0.684069
-0.270152
0.802904
0.909131
0.347706
1.22031
-0.311381
0.271589
0.323442
0.156757
0.727243
-0.360566
0.623384
0.0051282
-0.267946
-0.883503
0.421746
0.250637
-0.388127
-0.847644
0.666739
-0.326281
0.281973
-0.0767519
-1.05594
1.44751
0.116049
-0.507711
0.633471
0.661647
0.382074
0.628465
-0.127757
0.30842
0.455809
0.162706
0.725577
-0.382682
0.649745
0.0156463
-0.282709
-0.855509
0.440806
0.267521
-0.377899
-0.85329
0.680369
-0.306139
0.13521
-0.0376922
-0.50046
0.596521
0.238441
-0.327516
0.332837
0.43131
-0.0230174
0.231084
0.0172622
0.267226
0.211996
0.162773
0.725552
-0.40447
0.667377
0.0261832
-0.295307
-0.840801
0.459761
0.265704
-0.367687
-0.856881
0.692178
-0.296771
0.00151635
-0.000580777
0.0266227
-0.0412387
0.0342084
-0.0195925
-0.223463
0.428944
-0.2745
0.0390552
-0.0812688
-0.0144466
0.00231152
-8.78468
-13.3291
-6.60325
-3.70714
-1.23124
0.495077
12.393
9.6274
-13.7013
-10.2836
-24.3465
-5.87994
45.2875
-13.9264
-3.54663
0.297345
-15.4461
-4.36847
29.639
14.9527
-21.8517
7.54093
47.363
-17.3198
-5.58098
-0.195685
4.3621
5.9368
22.88
11.7506
-27.1861
3.60959
34.8763
-9.27883
-2.42459
0.330218
-16.2679
-5.65403
23.3358
13.083
-16.7957
28.8519
69.1863
-26.2155
-8.74374
-0.715625
-23.3441
-9.49536
18.7826
9.34186
-44.0238
9.78888
64.1655
-8.09102
-2.05613
-0.52364
-16.6988
-5.25041
18.2223
8.02745
-39.5736
12.609
72.7525
-25.2621
-8.94241
-1.86537
-8.22022
-0.167742
9.22562
1.06424
-21.0026
20.8791
69.7254
-25.3884
-7.25642
-0.948377
-14.1873
-6.05992
3.25017
-0.0551101
42.9732
91.3721
-12.2942
183.755
0
0
0
0
0
6.26693e-15
0
0
-854.371
471.92
877.955
192.532
0
0
-2.97546e-15
0
0
0
0
0
38.8149
437.785
-22.9424
81.4158
0
0
0
0
0
0
0
0
456.776
349.722
-443.302
105.142
0
0
0
0
0
0
0
0
90.1333
573.192
-49.0955
58.9364
0
0
0
0
0
0
0
0
156.011
538.536
-183.073
7.25172
0
0
0
0
0
0
0
0
173.113
625.667
-164.28
56.6757
0
0
0
0
0
0
0
0
-220.814
554.319
220.708
2.77556e-17
0
0
0
0
0
0
0
0
