0.739795
0.00177403
0.747504
-0.118107
0.0394015
0.174485
-0.0957793
-1.00877
0.147952
0.273641
-0.660695
-0.625027
0.68954
-0.295588
0.500883
-0.0493559
-1.05379
1.03201
1.59187
-1.57009
-1.49957
1.99887
-1.29824
0.999766
-1.99954
-1.57094
-1.50013
0.0354578
0.742478
-0.175898
0.0972233
0.279262
-0.200587
-1.09636
0.269275
0.193109
-0.592386
-0.759474
0.583899
-0.396464
0.479415
-0.0998599
-0.859299
0.833216
1.55792
-1.53184
-1.30244
1.80295
-1.13319
1.11688
-2.00706
-1.38554
-1.36632
0.067395
0.734093
-0.221015
0.140884
0.38374
-0.303608
-1.17061
0.380251
0.130341
-0.517026
-0.89052
0.490718
-0.488347
0.458862
-0.148368
-0.67084
0.634688
1.55347
-1.51731
-1.104
1.62024
-0.933292
1.18125
-1.94845
-1.20147
-1.21282
0.0976206
0.722516
-0.253553
0.170787
0.48839
-0.405624
-1.23145
0.484056
0.0749406
-0.437582
-1.01851
0.409914
-0.569911
0.435826
-0.195057
-0.483803
0.436223
1.55861
-1.51103
-0.904533
1.44716
-0.82375
1.18417
-1.90027
-1.00126
-1.06266
0.126462
0.707898
-0.272877
0.187666
0.592458
-0.507247
-1.27874
0.581461
0.0272517
-0.360279
-1.13693
0.342576
-0.641379
0.409307
-0.237811
-0.287326
0.237531
1.54739
-1.49759
-0.703204
1.44831
-0.717177
1.13474
-1.73317
-0.802929
-0.924178
0.153392
0.690399
-0.279073
0.190839
0.696744
-0.608509
-1.31257
0.683315
-0.0087111
-0.282619
-1.25353
0.288577
-0.703534
0.384823
-0.281374
-0.0921375
0.0399441
1.55866
-1.50647
-0.503064
1.53656
-0.534729
1.17468
-1.73513
-0.617524
-0.764868
0.179269
0.669819
-0.272346
0.182348
0.801571
-0.711572
-1.33292
0.786613
-0.0323916
-0.199412
-1.37022
0.247048
-0.754971
0.363664
-0.331362
0.100025
-0.157716
1.61106
-1.55337
-0.30251
1.47175
-0.352101
1.30397
-1.74289
-0.434263
-0.575233
0.203287
0.64594
-0.252557
0.160075
0.909922
-0.817441
-1.33971
0.885594
-0.0426967
-0.108781
-1.47588
0.217846
-0.793657
0.348846
-0.396197
0.293387
-0.358036
1.7278
-1.66315
-0.100908
1.39007
-0.153223
1.42081
-1.56121
-0.242957
-0.375751
0.226748
0.617557
-0.221987
0.12872
1.02452
-0.931252
-1.333
0.980943
-0.0417095
-0.00260291
-1.56775
0.201606
-0.818921
0.343197
-0.450005
0.490679
-0.466215
1.70406
-1.72852
0.0996732
1.41775
0.0146772
1.58218
-1.36578
-0.0442972
-0.176461
0.251909
0.586385
-0.176973
0.0973653
1.12711
-1.0475
-1.31274
1.07629
-0.0305515
0.112764
-1.64619
0.200838
-0.830087
0.374118
-0.492429
0.67378
-0.408159
1.50802
-1.77364
0.301272
1.41519
0.152942
1.71536
-1.16596
0.144539
-0.110751
0.279025
0.551042
-0.121032
0.0699152
1.22223
-1.17111
-1.27942
1.17508
-0.00911984
0.237096
-1.71117
0.222103
-0.834235
0.405348
-0.565415
0.855011
-0.352873
1.4143
-1.91644
0.495433
1.4689
0.318666
1.84868
-0.966171
0.333327
-0.0451917
0.305445
0.511913
-0.0536333
0.0414556
1.31218
-1.3
-1.2461
1.27387
0.0258617
0.361472
-1.77545
0.251769
-0.833876
0.388176
-0.941345
1.015
-0.432098
1.33746
-1.99747
0.49002
1.40589
0.520139
1.85462
-0.780432
0.448077
0.00534101
-18.7896
-29.8895
-13.9162
-12.8795
-3.25044
-0.0885607
-8.88667
-3.49419
14.5544
5.84279
-23.2554
-34.8044
-3.09407
-13.808
-3.31134
-0.13855
-6.51295
-0.936726
11.3442
4.28798
-20.0112
-31.7055
15.5905
-14.7722
-3.45387
-0.194694
-10.4516
-3.93658
9.17488
3.38281
-22.1312
-34.2706
28.5138
-15.3878
-3.88423
-0.474132
-9.19906
-2.67804
6.88592
2.35207
-28.5175
-41.3746
35.0977
-10.2492
-0.192181
0.452709
-9.5531
-2.88204
4.84942
1.53797
-23.7234
-37.1432
51.8791
-13.1901
-2.01279
-0.000476432
-8.83889
-4.04291
3.44338
1.15395
-25.1514
-40.2884
58.6852
-14.2212
-2.57619
-0.1471
-5.56841
-1.39228
3.01482
1.1957
-26.9315
-43.7815
60.9167
-12.0799
-1.03608
0.112021
-4.05875
-0.895124
2.59472
1.16209
-28.1399
-47.7532
77.2023
-11.9999
0.537145
0.339589
-2.66033
-0.90481
2.41166
0.958353
-26.436
-59.4235
65.3819
-14.8221
-0.918501
-0.0268657
-4.01267
-2.30887
-1.94243
-2.14055
-22.9622
-33.3224
99.9042
-7.33546
5.02767
1.11493
1.01327
-1.01817
4.4176
1.66941
-3.65744
-1.96824
4.33331
0.869088
5.08616
6.09156
0.0920371
-0.01327
1.39451
0.478137
-7.75631
166.588
5.66435
343.728
0
-5.10829e-15
0
0
0
0
0
0
10.9636
214.818
-12.3591
295.726
0
0
0
0
0
0
0
0
22.1152
297.277
-22.6223
213.606
0
-2.59471e-16
0
-2.41933e-14
0
-5.71688e-15
0
0
-92.7679
356.696
90.9705
156.592
0
0
0
-2.30995e-13
0
0
0
0
-49.7639
383.396
49.7639
126.689
0
0
0
-5.24472e-14
0
0
0
0
354.955
457.255
-354.645
50.7551
0
4.90932e-21
0
-1.70432e-13
-5.11598e-15
0
0
0
-1.4722
481.246
7.66475
19.308
0
0
0
0
0
0
0
0
-8.82123
480.744
20.812
1.39137
0
0
0
-3.25794e-14
0
0
0
0
-7.86148
567.523
20.3668
-51.7034
0
0
0
0
0
0
0
0
37.3682
490.296
22.5853
16.6537
0
0
0
1.20855e-15
0
0
0
0
-110.424
651.881
116.391
-179.83
0
-3.8661e-17
0
4.77921e-17
0
0
0
0
127.055
26.79
-125.696
-12.445
-4.56032
28.8504
4.90004
-27.121
0
0
0
0
