1.50156
0.5533
0.403813
1.24502
-0.310705
0.289093
-1.22341
-2.3562
2.1685
-1.05732
-0.553495
-1.22588
-2.03446e-07
-1.407
0.756225
-1.14127
-1.01905
4.5
-2.72346
-0.75749
1.38424
4.04203
-4.40722
4.49997
-3.72227
-4.49996
2.99991
0.574365
0.36963
1.2069
-0.164046
0.196017
-1.23887
-2.30169
2.28507
-1.19028
-0.43338
-1.31113
-0.439148
-1.40933
0.0982013
0.208946
0.0324719
-0.102319
-0.434034
-0.0719775
0.254104
0.543374
0.698046
0.469039
-0.397307
-2.04726
-0.273392
0.553587
0.414447
1.18373
-0.185987
0.13376
-1.1315
-2.27452
2.13135
-1.04056
-0.684098
-0.962665
-0.602188
-1.46797
-0.157735
0.256813
-0.399155
-0.133604
0.779639
0.500611
0.126627
-0.977422
0.864161
-1.44919
3.85472
-0.612132
-1.06934
0.519751
0.469535
1.17319
-0.26747
0.118412
-1.02413
-2.24735
1.92341
-0.84924
-1.14648
-0.305755
-0.746399
-1.41156
-0.383439
0.148381
0.358388
-0.425017
-0.0799049
1.12576
-1.45549
-0.819789
1.75981
-2.1554
3.05
-0.672246
0.273466
0.437495
0.567879
1.36638
-0.611233
0.0240811
-0.779232
-2.3562
1.46154
-0.471727
-1.60886
5.25303e-12
-0.909362
-1.35291
-0.58632
0.566968
1.16282
-4.12309
-0.992034
3.22189
-0.368183
-3.76831
0.92311
-4.5
1.22814
-0.759552
0.40263
0.311723
0.662701
1.61187
-1.0876
0
-0.52426
-2.3562
0.653201
0.0911342
-1.99844
-0.0459153
-1.07233
-1.26645
-0.275046
0.0977605
0.000184306
-1.61535
0.0624539
0.865317
0.0190276
-0.74942
4.48841
-0.895988
-0.227311
-0.498689
2.43808
0.311712
0.662708
1.6119
-1.08767
0
-0.524239
-2.3562
0.653095
0.0912
-1.99783
-0.0469581
-1.30702
-0.884002
0.178927
-0.176702
1.46595
0.0355864
-1.07091
-1.17169
-0.000852966
1.32265
-0.763011
1.79131
1.59551
-1.3412
1.78304
0.437468
0.567935
1.3665
-0.607873
0.0169519
-0.775578
-2.3562
1.46126
-0.471563
-1.609
0
-1.07839
-0.501556
0.586248
-2.57336
-1.14402
2.29942
0.0790463
-2.12713
3.3049
3.89873
-2.91456
4.5
0.218948
3.65778
-0.442006
-7.83804
-0.305073
6.62834
10.7322
-51.5528
26.1074
-57.2823
29.5096
34.1736
7.71465
-35.9392
-19.5312
15.9835
23.6707
-40.7506
26.4264
-58.6083
49.7044
4.55548
-13.2867
28.3002
16.7635
4.83679
-10.3451
-39.1057
15.3073
17.3483
24.6055
14.3419
6.33662
-13.473
-16.4033
0.673877
-15.0868
-96.1976
21.4732
55.6237
44.3786
3.15137
-1.96076
-48.305
-17.1915
3.62673
13.3937
-12.8892
11.3965
60
37.3745
8.37449
-1.80104
56.1477
33.2269
29.8969
13.3776
-15.775
4.24353
57.227
38.3443
-5.07713
-2.65737
-11.9791
-6.47959
-0.0117263
27.6279
8.62235
-3.71068
4.17424
2.33028
5.46239
-2.2065
-24.9405
-9.26396
-2.7664
-6.61401
-1.55226
-2.64705
7.42235
5.93557
51.0416
43.5833
236.159
44.0628
-236.159
2.89514
208.297
232.189
-136.383
64.1283
-136.488
389.966
0
0
11.0342
138.297
6.28208
7.4594
348
224.022
-346.263
41.6392
-171.064
488.754
0
0
-155.045
5.19772
155.045
0.862098
229.031
153.065
-229.031
24.5353
6.73449e-16
96.1103
0
0
-184.062
54.8009
165.77
3.7953
189.242
345.925
-337.308
77.12
65.6367
220.755
0
0
-129.784
49.6893
129.784
2.51318
255.203
107.896
-255.203
16.484
70.8064
269.292
0
0
-2406.35
221.378
2523.84
114.312
48.7862
217.023
-166.335
118.83
3.83498
10.9571
0
0
-2367.69
27.6175
2367.69
13.7104
340.305
0
-340.305
48.5648
1.7874
5.10685
0
0
-2756.25
3.60116
2760.74
19.0014
253.331
0.334816
-249.644
10.1992
20.8763
59.6466
48.9533
139.866
