1.31573
8.21614e-06
0.656364
0.0997447
-0.071773
0.750084
-0.778056
-0.877798
0.750027
0.028027
-0.660068
-0.625079
0.690018
-0.295101
0.149296
0.0600491
0.434199
0.231837
-0.955814
0.289778
-0.182137
0.02788
-0.279943
0.957606
0.533996
0.0389053
-0.749693
0.0126898
0.660928
0.122288
-0.037233
0.668083
-0.753138
-0.88069
0.755267
0.00313528
-0.581599
-0.614654
0.691035
-0.33247
0.0637953
0.0213475
0.11031
0.18376
-0.426637
0.132567
-0.0153854
0.0324605
-0.127385
0.417472
0.0541069
-0.134377
-0.19881
0.0134135
0.661085
0.125802
-0.0377105
0.663952
-0.752044
-0.883504
0.756285
0.00141685
-0.58113
-0.615537
0.690979
-0.332038
0.00383844
0.000831537
0.0186969
-0.00257198
-0.0219469
0.00582201
-0.0149928
0.00541579
-0.00911988
-0.087219
-0.193427
0.0368505
0.00229781
0.0132321
0.661297
0.12644
-0.0381939
0.662823
-0.751069
-0.883189
0.754081
0.00266781
-0.581542
-0.615124
0.690834
-0.331606
-0.00557794
0.00112719
-0.0123414
-0.0025723
0.0117574
0.00315635
0.0174746
-0.0260283
0.0208951
-0.00219401
0.00610317
-0.00451722
0.0623642
0.0121836
0.661508
0.124611
-0.0391674
0.665033
-0.750476
-0.88039
0.749179
0.0065994
-0.581954
-0.613977
0.690527
-0.329954
-0.00811945
0.00129089
-0.00882092
-0.0140821
0.0199448
0.00295819
0.0148951
-0.0354782
0.029404
0.0129841
-0.0025848
0.114632
2.99381e-05
0.0116944
0.661482
0.122953
-0.0392664
0.667125
-0.750812
-0.878833
0.74785
0.00803071
-0.582157
-0.614224
0.690565
-0.329948
-0.00222007
-0.000311588
-0.00903153
0.000366571
0.0111319
-0.00246693
0.00770294
-0.00453584
0.00586443
-0.00107594
-0.00131624
0.000200397
-0.0145539
0.0113225
0.661441
0.121255
-0.0389763
0.668886
-0.751165
-0.877305
0.746997
0.00905204
-0.579225
-0.614472
0.690602
-0.330095
0.0110171
0.0038834
-0.0281148
0.0795071
-0.0750888
0.0236965
0.0452489
0.00429968
-0.0214338
0.124188
0.0920123
-0.150966
0.0519528
0.0111455
0.661492
0.120591
-0.0387253
0.669118
-0.750983
-0.8764
0.746037
0.00977165
-0.579305
-0.614716
0.691254
-0.329603
-0.000979795
0.00027315
0.0206598
-0.022986
0.00137331
0.000952844
-0.0193788
-0.00522814
0.00394705
-0.00495751
-0.017339
0.010326
-0.0383832
-14.283
-15.2786
9.08625
55.2078
-10.4079
4.52339
-16.7811
-9.99088
8.57945
1.66805
-11.8424
-16.0362
11.5103
43.7194
-14.406
3.76882
-16.705
-9.914
14.7907
5.02652
-20.4748
-25.8814
9.47889
39.9167
-10.9404
1.87048
-12.3689
-6.46574
11.8926
3.08686
-36.6388
-35.6477
7.69829
53.7263
-1.47543
3.16146
-5.90919
-2.44281
10.635
2.54563
-39.8485
-37.2264
6.84948
57.2345
1.28825
2.9881
-14.809
-8.11976
13.2191
3.68947
-39.2069
-38.129
6.91328
56.1148
1.41488
2.75121
-6.40348
-2.65404
7.5731
0.935362
-43.1093
-39.3522
7.20642
58.9668
3.21243
3.6678
-12.5323
-6.64761
13.1671
3.78133
-24.6521
-30.3553
8.33777
41.4022
-8.71834
0.81613
-10.4926
-5.33441
11.2671
2.81494
3.83018
101.261
3.97035
41.5303
-24.6862
224.889
-30.238
178.994
0
0
0
0
12.7377
120.495
12.9236
59.2075
-31.5941
210.66
-24.3322
167.749
0
0
0
0
16.6867
127.391
16.7149
95.8886
-18.5749
172.434
-20.5601
155.74
0
0
0
0
5.46942
134.144
5.18633
99.3894
-8.19096
164.795
-7.14911
157.078
0
0
0
0
4.67696
132.546
4.31481
104.217
-3.32463
158.268
-3.41995
159.248
0
0
0
0
4.52796
134.094
5.38613
106.435
-3.54295
154.804
-3.58066
156.907
0
0
0
0
2.08787
138.69
2.39651
103.82
-2.03055
157.807
-1.6004
154.988
0
0
0
0
16.0237
128.702
16.152
107.713
-16.0845
160.064
-16.0913
157.781
0
0
0
0
