3.5
0.4662
0.47113
-0.175393
0.681913
0.793481
-1.3
-1.13091
1.80015
-0.493853
-0.3364
-1.9805
-0.0142003
-0.7808
0.640104
-0.556114
1.22224
0.798043
-1.26163
-0.758653
-1.8107
3
-2.41154
0.793
-0.5463
-0.6881
0.5098
0.425136
0.466932
-0.274225
0.645548
0.928677
-1.3
-1.02964
1.6614
-0.357536
-0.182689
-1.76045
-0.00566418
-0.790552
0.606768
-0.488918
1.07651
0.848007
-1.18032
-0.744192
-1.72449
2.99551
-2.34752
0.854302
-0.624476
-0.278312
0.786489
0.384071
0.462735
-0.373057
0.609183
1.06387
-1.3
-0.928369
1.52264
-0.221219
-0.0289781
-1.54039
0.00287191
-0.800303
0.573432
-0.421723
0.930774
0.897971
-1.09901
-0.72973
-1.63828
2.99101
-2.2835
0.915605
-0.702651
0.131477
1.06318
0.343007
0.458537
-0.471888
0.572818
1.19907
-1.3
-0.827101
1.38389
-0.084902
0.124733
-1.32033
0.011408
-0.810054
0.540095
-0.354527
0.78504
0.947935
-1.01771
-0.715269
-1.55207
2.98652
-2.21949
0.976908
-0.780826
0.541266
1.33987
0.301943
0.45434
-0.57072
0.536453
1.33427
-1.3
-0.725832
1.24514
0.051415
0.278444
-1.10028
0.0199441
-0.819806
0.506759
-0.287332
0.639307
0.997899
-0.936398
-0.700807
-1.46586
2.98203
-2.15547
1.03821
-0.859001
0.951055
1.61656
0.260879
0.450142
-0.669551
0.500088
1.46946
-1.3
-0.624564
1.10638
0.187732
0.432155
-0.880223
0.0284802
-0.829557
0.473422
-0.220136
0.493573
1.04786
-0.85509
-0.686346
-1.37966
2.97753
-2.09145
1.09951
-0.937176
1.36084
1.89324
0.219815
0.445944
-0.768383
0.463723
1.60466
-1.3
-0.523295
0.967629
0.324049
0.585867
-0.660167
0.0370163
-0.839308
0.440086
-0.152941
0.34784
1.09783
-0.773782
-0.671884
-1.29345
2.97304
-2.02743
1.16082
-1.01535
1.77063
2.16993
0.178751
0.441747
-0.867214
0.427358
1.73986
-1.3
-0.422027
0.828876
0.460366
0.739578
-0.440111
0.0455524
-0.84906
0.406749
-0.0857451
0.202106
1.14779
-0.692475
-0.657423
-1.20724
2.96855
-1.96342
1.22212
-1.09353
2.18042
2.44662
0.137687
0.437549
-0.966046
0.390993
1.87505
-1.3
-0.320759
0.690122
0.596683
0.893289
-0.220056
0.0540885
-0.858811
0.373413
-0.0185496
0.0563729
1.19775
-0.611167
-0.642961
-1.12103
2.96405
-1.8994
1.28342
-1.1717
2.59021
2.72331
0.0966228
0.433352
-1.06488
0.354628
2.01025
-1.3
-0.21949
0.551368
0.733
1.047
0
0.0626246
-0.868562
0.340077
0.048646
-0.0893606
1.24772
-0.529859
-0.6285
-1.03482
2.95956
-1.83538
1.34472
-1.24988
3
3
-76.2898
-34.7334
-2.65112
-4.57074
-91.7442
-0.676406
60
50
-2.68308
20.5268
-75.1262
-36.2434
-1.40627
3.53105
-79.129
-1.93455
59.6372
50
-0.52391
20.632
-71.44
-37.0544
-0.387093
11.0205
-66.4356
-3.11056
42.168
50
0.674534
19.909
-66.2841
-37.3406
0.391748
17.7655
-54.3203
-4.17543
26.6479
50
0.761902
18.4597
-60.802
-37.5632
0.945738
23.7221
-43.2561
-5.16467
13.8811
35.0147
-0.0841433
16.4941
-56.0975
-38.4891
1.26042
28.6111
-33.5853
-6.18409
4.13466
21.4291
-1.4848
14.1696
-52.6936
-40.7549
1.28666
31.9117
-25.4496
-7.31449
-2.69752
10.8908
-3.11612
11.4386
-49.9289
-43.9927
1.0328
33.5721
-18.5989
-8.45689
-7.56252
3.03399
-5.0331
8.12714
-46.8011
-47.1555
0.602088
34.3249
-12.5976
-9.42232
-11.9126
-3.39761
-7.49799
4.24395
-9.38588
-64.308
1.92342
-21.2343
1.87477
-3.55823
-2.34711
-2.23478
60
30.5374
-52.7869
79.4943
-52.7869
17.0334
-57.8377
214.153
-57.8377
155.446
0
0
0
0
-43.7843
83.9174
-43.7843
27.463
-56.9765
200.68
-56.9765
152.156
0
0
0
0
-36.1122
86.7317
-36.1122
35.7527
-56.4592
186.722
-56.4592
147.073
0
0
0
0
-29.9928
88.2195
-29.9928
41.9358
-56.3153
173.161
-56.3153
140.94
0
0
0
0
-25.4532
89.1269
-25.4532
46.7096
-56.6972
160.606
-56.6972
134.551
0
0
0
0
-22.5413
90.4765
-22.5413
51.3708
-57.8402
148.94
-57.8402
128.322
0
0
-2.05508e-14
0
-21.2784
92.8914
-21.2784
57.1137
-59.6748
137.186
-59.6748
121.953
0
0
0
0
-21.3569
95.6992
-21.3569
63.5945
-61.5132
124.574
-61.5132
114.835
0
0
0
0
-22.2331
97.6743
-22.2331
69.2995
-62.6905
111.61
-62.6905
107.008
0
0
0
0
16.18
106.104
16.18
143.794
9.20087
0
9.20087
29.7371
2.93162
236.078
0
0
