0.744916
0.212
0.668943
0.127289
-0.0929215
0.686576
-0.720944
-0.84349
0.802398
-0.0861965
-0.3732
-0.9744
0.5169
-0.4333
0.635119
-0.193509
1.98879
-0.659382
-0.496597
-0.832809
-2.57982
3
-2.40897
0.808
-0.504401
-0.985799
-0.1088
0.252084
0.648333
0.266993
-0.171215
0.711137
-0.806915
-1.03616
1.02023
-0.251062
-0.177178
-0.926674
0.520689
-0.361596
0.634997
-0.190803
1.2973
-0.751795
0.328298
-0.756198
-1.70082
1.93588
-1.4148
1.84275
0.449076
0.0361958
0.682097
0.274064
0.63137
0.370556
-0.251569
0.754712
-0.873699
-1.17363
1.15
-0.346926
0.018844
-0.813803
0.591465
-0.289262
0.476067
-0.0536855
0.961465
-0.963602
0.502246
-0.572067
-1.29211
1.13737
-0.675587
1.7221
1.15346
0.960939
0.680488
0.283022
0.625644
0.473214
-0.339568
0.760566
-0.894211
-1.28362
1.19221
-0.38156
0.202021
-0.626368
0.70617
-0.23048
0.181726
0.0678586
1.0225
-0.824563
-0.0611196
0.228373
-0.867272
0.372009
-0.0828586
1.21737
1.76173
1.81113
0.543759
0.284755
0.630888
0.581894
-0.426884
0.714283
-0.869293
-1.37377
1.16564
-0.373767
0.331408
-0.396261
0.89888
-0.182703
-0.0830545
0.0477837
1.05723
-0.349113
-0.435128
0.24396
-0.212086
-0.251591
0.0817178
1.10434
2.19967
1.85777
0.447717
0.284641
0.634378
0.627841
-0.462439
0.687529
-0.85293
-1.409
1.14641
-0.365249
0.448716
-0.203517
1.01362
-0.148897
0.0251357
-0.0500331
0.426643
-0.297877
-0.249948
-0.131502
-0.449118
0.0859278
-0.222947
0.996006
1.56585
1.07755
0.316903
0.290682
0.628601
0.666086
-0.496726
0.706131
-0.875492
-1.45788
1.18507
-0.393271
0.475625
-0.134955
1.0423
-0.114599
0.0976398
-0.0598889
0.0650648
-0.424794
0.179606
-0.212509
-0.534481
0.362414
-0.262097
0.41969
0.516752
0.2692
0.379295
0.293362
0.622409
0.678667
-0.51797
0.741387
-0.902084
-1.48615
1.22141
-0.413928
0.46994
-0.133881
1.03259
-0.106625
-0.0131716
-0.00526487
0.220258
-0.198618
0.349599
-0.309172
-0.195283
0.183238
-0.170862
-0.0789352
-0.0219377
-0.0907942
0.0670853
9.70117
7.57842
10.565
36.2916
-10.5318
40.9098
7.34462
2.45442
18.7419
7.81837
0.484531
3.15167
5.46372
57.7122
-29.3696
58.3797
13.0473
3.35349
29.6669
13.575
13.0653
6.5117
2.88024
69.4537
-40.7261
69.2527
-3.68335
-8.26907
21.1353
5.04116
23.8437
10.4293
2.70791
25.3226
-65.0199
52.535
21.7267
8.8095
36.1413
17.3273
21.8068
10.249
1.05724
55.5971
-31.1893
53.7128
10.2328
0.459375
-1.62873
-6.47001
-22.541
-9.8375
21.3942
100
20.0748
35.6193
-3.14619
-8.17838
2.07954
-2.15821
35.0356
16.1622
7.90063
47.9183
-40.5758
52.5369
0.185998
-5.5103
7.93929
-0.350928
-12.0342
-11.9187
-3.30224
70.1466
-31.6052
29.2956
15.8144
5.1685
17.5948
6.06397
3.01845
65.1415
19.7811
0
-71.1822
421.275
-36.6719
-1.43755e-14
0
0
0
0
-19.5673
41.4439
33.9111
3.55271e-15
-87.7477
574.818
-48.0692
6.52607e-15
0
0
0
0
-16.0274
18.0181
21.5528
0
-69.8184
657.866
-51.3553
1.87447
0
0
0
0
-6.19238
10.3046
9.68582
0
-67.7998
560.984
-128.545
0
0
0
0
0
4.5156
5.81394
-2.51208
1.30562e-13
-61.9553
508.312
-31.5009
-5.66528e-15
0
0
0
0
33.1125
151.666
19.9707
0
45.9307
290.032
74.9185
93.9797
0
0
0
0
2.39825
39.9293
11.5409
-5.82921e-14
-58.5203
513.45
-70.6447
4.70827
0
0
0
0
-3.38484
13.3229
3.6249
47.9043
28.6291
350.273
-29.1222
142.403
0
0
-5.33136e-15
0
