0.611168
0.212
0.668943
0.127289
-0.0929215
0.686576
-0.720944
-0.84349
0.802398
-0.0861965
-0.3732
-0.9744
0.5169
-0.4333
0.635119
-0.193509
1.98879
-0.659382
-0.496597
-0.832809
-2.57982
3
-2.40897
0.808
-0.504401
-0.985799
-0.1088
0.201909
0.652256
0.173624
-0.152886
0.713723
-0.81832
-0.998882
0.981947
-0.235895
-0.240435
-0.950344
0.500756
-0.424939
0.704035
-0.160757
1.35181
-0.753477
0.331055
-1.12851
-1.75376
2.16096
-1.5461
1.50909
0.303378
-0.161584
0.105331
0.234484
0.635353
0.258925
-0.217681
0.793775
-0.894515
-1.10118
1.10535
-0.31493
-0.107669
-0.925506
0.543906
-0.374333
0.634992
-0.0663635
0.931849
-0.73779
0.94821
-0.863106
-1.0551
1.37642
-0.866821
1.26814
0.485528
0.627563
0.661476
0.255487
0.626104
0.328802
-0.280158
0.851833
-0.914155
-1.17366
1.16852
-0.345691
0.00416777
-0.878894
0.631816
-0.285875
0.465186
-0.0202779
0.79761
-0.0909041
0.660606
-0.181754
-0.508341
0.675516
-0.313436
0.60265
0.658454
1.36474
1.18457
0.273709
0.618025
0.376805
-0.294877
0.849174
-0.931102
-1.22203
1.22222
-0.378556
0.0644101
-0.794375
0.746528
-0.194442
0.207339
-0.0364808
0.99148
0.353235
-0.0771826
-0.143564
-0.230023
0.589971
-0.365449
-0.00409004
0.972085
1.65937
1.20603
0.296561
0.612272
0.436326
-0.291214
0.798853
-0.943995
-1.26894
1.27644
-0.443829
0.0808441
-0.707079
0.866649
-0.136191
0.220857
-0.0415866
0.723863
0.136628
-0.63677
-0.165561
-0.470705
0.619074
-0.785047
-0.273587
0.442949
1.44942
0.855126
0.318739
0.605277
0.495745
-0.289214
0.750847
-0.957378
-1.31585
1.33112
-0.511021
0.0760272
-0.65868
0.932771
-0.0806582
0.307828
-0.0883224
0.406385
0.103166
-0.519767
-0.08719
-0.484059
0.649805
-0.905825
-0.410359
-0.290255
0.77033
0.866729
0.340737
0.596612
0.5457
-0.278668
0.705795
-0.972826
-1.35328
1.38769
-0.580117
0.0554081
-0.691328
0.961214
-0.0286923
0.236663
-0.134451
0.516943
0.434194
-0.187914
-0.146591
-0.0594408
0.581943
-0.571428
-0.589789
-0.648866
0.333675
0.820468
26.4396
12.0538
27.5683
12.5547
-15.7546
29.9907
6.2499
2.3778
10.0128
1.20573
8.52873
5.33871
25.7087
44.8462
-21.09
47.4963
3.23848
-1.34296
26.2237
11.744
35.5247
15.0159
17.9479
35.5647
-47.506
50.0816
-17.5545
-16.6383
27.8379
11.6287
25.9117
8.56636
10.6078
22.2155
-54.9142
45.8179
2.63717
-1.16887
32.9769
15.8221
26.9212
9.20512
6.31358
24.7831
-51.8451
42.0542
-4.04791
-6.9994
14.0044
2.43003
-35.1653
-19.3576
21.7753
99.9307
5.40528
33.9738
-10.3333
-12.0977
1.72938
-3.35054
40.9388
17.8129
14.1696
13.0645
-50.2574
34.8254
-4.93471
-6.93572
3.98443
-1.10237
2.78414
-0.895752
-0.574862
48.1553
-56.3779
32.8514
5.64794
0.0106477
18.5991
6.81353
19.1438
175.803
42.3874
0
-73.3246
326.72
-27.7788
0.608693
0
0
0
0
3.50601
161.093
51.065
3.55271e-15
-57.6693
465.175
-80.1262
0.1219
0
0
0
0
1.46852
97.5784
32.6667
0
-97.1153
525.183
-74.2912
15.9411
0
0
0
0
4.73766
60.0747
16.2884
0
-91.874
493.953
-81.9997
2.82945
0
0
0
0
4.38128
39.0673
9.19302
1.3081e-13
-84.9318
464.397
-81.3985
10.8326
0
0
0
0
31.8431
161.177
24.7302
0.461385
69.1808
297.217
79.0999
126.442
0
0
0
0
10.7125
72.7993
14.781
0.039238
-68.4636
369.866
-64.8474
11.0231
0
0
0
0
2.29204
10.944
2.20932
21.5891
-3.72954
379.602
-5.45909
134.541
0
0
-5.33136e-15
0
