0.625225
0.212
0.668943
0.127289
-0.0929215
0.686576
-0.720944
-0.84349
0.802398
-0.0861965
-0.3732
-0.9744
0.5169
-0.4333
0.635119
-0.193509
1.98879
-0.659382
-0.496597
-0.832809
-2.57982
3
-2.40897
0.808
-0.504401
-0.985799
-0.1088
0.229102
0.651674
0.217149
-0.159441
0.717253
-0.805835
-1.00532
0.98904
-0.22991
-0.231169
-0.950852
0.503123
-0.393041
0.691924
-0.185122
1.29662
-0.810161
0.36946
-0.991728
-1.74624
2.11957
-1.52154
1.58626
0.273263
-0.146287
0.454272
0.249737
0.634655
0.291908
-0.229663
0.794007
-0.877896
-1.11449
1.11062
-0.307089
-0.0891381
-0.906272
0.553204
-0.33695
0.62072
-0.0893065
0.820888
-0.784718
0.87033
-0.803146
-1.17473
1.3485
-0.813298
1.41989
0.709976
0.598699
0.655555
0.262634
0.625528
0.360468
-0.293668
0.835702
-0.907246
-1.19644
1.17197
-0.343825
0.0380849
-0.803818
0.655604
-0.262098
0.403375
-0.00707924
0.757554
-0.389738
0.460636
-0.104952
-0.776242
0.669982
-0.289877
0.72276
1.19003
1.35843
0.910754
0.274496
0.62148
0.420618
-0.327166
0.822835
-0.916287
-1.25415
1.20443
-0.371679
0.105275
-0.660014
0.775432
-0.184891
0.130229
-0.0243052
0.947583
0.0230038
-0.193883
-0.0713926
-0.342108
0.353959
-0.306023
0.359915
1.63391
1.72839
0.923343
0.28986
0.617764
0.47162
-0.335579
0.788452
-0.924503
-1.29704
1.24126
-0.415833
0.143175
-0.516325
0.896442
-0.131881
0.162146
-0.0647851
0.584898
-0.0623444
-0.41627
-0.229455
-0.486264
0.479454
-0.617966
0.12566
1.24156
1.38083
0.657267
0.306369
0.610615
0.520415
-0.344916
0.768863
-0.944359
-1.34392
1.2941
-0.470595
0.158774
-0.426456
0.946412
-0.0798141
0.239142
-0.0819419
0.218171
-0.0878388
-0.202544
-0.196353
-0.50945
0.604722
-0.666544
-0.243734
0.457868
0.564113
0.661312
0.322572
0.602557
0.547589
-0.33404
0.752383
-0.965932
-1.36907
1.34726
-0.525834
0.138728
-0.402434
0.957115
-0.0437905
0.157811
-0.0834249
0.294503
0.258371
0.0246376
-0.245153
-0.117634
0.538627
-0.536164
-0.463164
0.0712364
0.122741
0.479338
14.2107
8.43295
17.8984
27.9275
-12.3609
36.8545
6.80306
2.35997
17.6677
7.04086
-1.88322
1.80606
13.4642
61.7563
-16.1961
54.1502
5.39538
-0.71736
24.5999
10.5104
25.9119
12.0687
9.91973
54.0774
-43.6299
60.5182
-11.3294
-12.301
22.1107
6.71407
20.5523
7.53968
5.62173
25.9882
-58.9886
49.2724
7.75135
1.59773
38.1542
18.911
29.7454
11.86
3.94622
26.0824
-52.2479
44.5422
7.45944
-0.172853
10.7165
0.508699
-30.664
-16.8642
24.4321
99.773
14.2494
35.3038
-12.8532
-13.4948
-0.0126923
-3.98374
39.0443
17.4895
9.74769
30.333
-50.7719
45.7704
-1.57935
-5.7771
2.86969
-2.7896
-14.5753
-11.8025
-3.64912
63.4112
-43.4294
31.3311
8.92458
1.8863
18.0011
6.30885
11.7453
114.991
28.5015
0
-78.2838
386.188
-28.4922
0.217635
0
0
0
0
-11.5376
91.5489
42.1529
3.55271e-15
-69.6451
513.837
-43.156
0.078765
0
0
0
0
-9.42557
53.848
28.2616
0
-88.9043
606.548
-63.8768
8.8838
0
0
0
0
-2.47294
30.8848
13.2812
0
-69.8995
532.956
-116.979
0.981173
0
0
0
0
6.9716
21.5086
0.493767
1.3081e-13
-95.3022
481.765
-69.9134
3.7598
0
0
0
0
36.2343
175.298
25.178
0.165792
55.4978
289.245
81.7037
102.829
0
0
0
0
4.25015
47.618
12.4209
0.0136066
-66.4896
462.299
-69.581
6.46016
0
0
0
0
-7.4402
12.0357
-2.73721
39.2193
29.5475
358.788
-20.9694
141.665
0
0
-5.33136e-15
0
