0.979671
0.212
0.668943
0.127289
-0.0929215
0.686576
-0.720944
-0.84349
0.802398
-0.0861965
-0.3732
-0.9744
0.5169
-0.4333
0.635119
-0.193509
1.98879
-0.659382
-0.496597
-0.832809
-2.57982
3
-2.40897
0.808
-0.504401
-0.985799
-0.1088
0.276169
0.64186
0.34449
-0.185204
0.663853
-0.82314
-1.11129
1.09343
-0.326623
-0.0737404
-0.902173
0.541341
-0.254462
0.45785
-0.193081
1.54859
-0.659382
0.20802
-0.729159
-1.638
1.62376
-1.19099
2.13972
0.516083
0.19586
1.27785
0.314911
0.614838
0.49638
-0.277486
0.698389
-0.917283
-1.29513
1.27979
-0.481037
0.225719
-0.71188
0.568752
-0.0778783
0.275973
0.0224116
1.07492
-1.16176
0.510782
-0.472858
-1.30832
0.807319
-0.386992
1.76793
1.35401
1.00415
1.26173
0.309112
0.618709
0.646819
-0.438511
0.696741
-0.905049
-1.44291
1.25503
-0.458939
0.473146
-0.493772
0.709286
0
-0.0414345
0.155683
1.1486
-1.14474
-0.040585
0.517224
-0.925318
-0.179631
0.366672
1.67215
1.81895
1.83291
0.556459
0.294634
0.637273
0.807569
-0.59433
0.615511
-0.82875
-1.56718
1.14128
-0.381665
0.705878
-0.239204
0.965807
0
-0.336877
0.132334
1.1486
-0.560312
-0.580406
0.567281
0.00668531
-0.815653
0.552148
1.63824
2.31783
1.87619
-0.0323406
0.276063
0.650279
0.858604
-0.669005
0.590156
-0.779756
-1.59743
1.04363
-0.304801
0.888121
-0.0450124
1.047
-0.00452564
-0.103902
0.0164203
0.364661
-0.317193
-0.181167
0.168093
-0.226717
-0.528767
0.370862
1.25279
1.38756
0.580148
-0.038879
0.271329
0.652577
0.894682
-0.714332
0.591738
-0.772088
-1.63058
1.02321
-0.287309
0.986253
0
1.03908
-0.00996675
0.0651002
-0.0491662
-0.0757906
-0.323871
0.0113074
0.0547862
-0.387508
-0.00210663
0.023293
0.700032
0.321625
-0.0565863
0.316811
0.270352
0.652911
0.897274
-0.719358
0.59332
-0.771236
-1.63301
1.01979
-0.284049
0.992919
-0.0131695
1.03116
-0.0023661
-0.00698285
0.00389166
0.0185161
-0.0359089
0.0113129
0.00604161
-0.0113898
-0.0325776
0.0395316
0.0476319
-0.0941044
-0.0565885
0.0543183
19.1537
12.4197
3.37839
21.7636
-23.907
39.4576
10.8645
4.6406
24.4203
12.1299
-4.943
-0.201206
-2.00115
64.7327
-38.3091
66.4029
17.0896
4.28498
32.6525
15.5597
11.7759
8.1645
1.11459
86.4621
-39.037
79.2655
-2.33214
-8.60255
13.3916
0.582243
22.1638
8.1313
0.389738
19.6792
-68.7014
50.773
37.1543
17.6164
33.3378
15.6251
19.5603
10.2041
2.0427
82.929
-11.8837
60.9077
2.57864
-3.91879
-6.47615
-9.12138
-13.9392
-4.99537
22.4099
100
25.1868
30.2184
5.08722
-3.26417
3.65155
-0.602696
27.0198
12.7825
7.47444
73.0357
-13.4231
55.3385
1.45681
-3.89671
15.5145
4.42792
-5.08272
-6.33513
-2.95913
85.4956
-12.7764
31.5981
16.8475
5.78745
16.6029
5.69078
13.794
13.4332
-18.5159
0.054066
-93.2509
439.814
-60.6841
-6.34518e-14
0
0
0
0
-40.0822
0.556596
39.8977
3.54577e-15
-89.5089
637.29
-48.9165
0
0
0
0
0
-16.0768
4.22989
17.4634
0
-26.2324
682.789
-16.2798
0.0177417
0
0
0
0
-11.7923
0.0936996
11.774
0.0535471
-121.143
534.436
-65.9098
0
0
0
0
0
4.65234
10.9393
-1.859
0.537741
-32.9631
523.535
-8.54908
-2.4869e-14
0
0
0
0
6.89522
156.091
47.7435
0.0194618
53.9766
254.158
70.6101
103.943
0
0
0
0
10.8331
41.6273
3.75929
0.0651586
-10.1239
513.457
-86.4322
7.33149
0
0
0
0
-0.265587
6.56621
1.4316
37.0033
29.4053
368.797
-30.5686
141.891
0
0
-5.33136e-15
0
