0.69402
0.212
0.668943
0.127289
-0.0929215
0.686576
-0.720944
-0.84349
0.802398
-0.0861965
-0.3732
-0.9744
0.5169
-0.4333
0.635119
-0.193509
1.98879
-0.659382
-0.496597
-0.832809
-2.57982
3
-2.40897
0.808
-0.504401
-0.985799
-0.1088
0.24702
0.649669
0.250986
-0.167978
0.719779
-0.802787
-1.01986
1.00366
-0.234792
-0.197148
-0.936634
0.515593
-0.375612
0.668102
-0.190602
1.24758
-0.758846
0.437661
-0.812873
-1.73487
2.00859
-1.46647
1.77592
0.380962
-0.0129466
0.58202
0.265047
0.633623
0.338429
-0.24363
0.773172
-0.867971
-1.14424
1.1254
-0.319589
-0.0210962
-0.833218
0.592962
-0.317925
0.532125
-0.0662161
0.875143
-0.800926
0.568482
-0.643471
-1.25467
1.22781
-0.747999
1.65893
1.09173
0.95882
0.581789
0.277846
0.627056
0.425184
-0.305517
0.771258
-0.890924
-1.23746
1.17838
-0.365952
0.143344
-0.65776
0.703248
-0.263051
0.257931
0.0438322
0.890471
-0.624653
-0.0321713
0.153445
-0.76266
0.503511
-0.184891
1.08981
1.77031
1.89287
0.552888
0.283239
0.629801
0.513439
-0.367121
0.729073
-0.875391
-1.31055
1.16981
-0.372704
0.251323
-0.43643
0.890806
-0.208778
-0.00390953
0.025487
0.93617
-0.150695
-0.425641
0.158319
-0.10886
-0.087211
-0.0675083
0.941207
2.23333
1.93603
0.546765
0.288329
0.632093
0.552041
-0.380421
0.68925
-0.86087
-1.33586
1.16327
-0.379457
0.344543
-0.2416
1.00891
-0.168707
0.0709444
-0.0550268
0.388891
-0.130578
-0.40133
-0.150431
-0.292605
0.207003
-0.384691
0.843483
1.69148
1.19146
0.404051
0.299026
0.62655
0.588966
-0.395098
0.684045
-0.877913
-1.37611
1.2048
-0.41765
0.36556
-0.164069
1.0421
-0.128637
0.145053
-0.0608909
-0.014101
-0.253526
-0.0515477
-0.172147
-0.405677
0.418387
-0.384949
0.266459
0.713514
0.335167
0.404047
0.305995
0.620564
0.592975
-0.39134
0.698185
-0.89982
-1.38875
1.2435
-0.447719
0.345826
-0.139394
1.02943
-0.122662
0.0551662
-0.0153744
0.0676035
0.039978
0.143096
-0.297106
-0.101026
0.182603
-0.286082
-0.233625
0.21237
-0.127501
0.0498038
6.83812
6.45136
11.8673
41.3238
-6.42995
41.5825
6.26724
1.74262
17.1316
6.64199
1.83771
4.03359
7.10917
56.9375
-27.1512
57.1782
11.4814
2.56797
28.9963
13.149
15.3981
6.90416
3.62735
65.2535
-42.2
67.2237
-4.8074
-8.36649
23.0806
6.05084
20.7573
9.40148
2.96893
26.7667
-63.2186
52.3999
18.255
7.03197
38.4051
18.7852
26.5491
11.6615
1.44656
45.8972
-38.6081
51.7641
10.6109
0.955491
-2.09575
-6.90319
-28.0841
-12.2752
20.1358
100
17.9565
35.8924
-5.30623
-9.21751
2.64264
-1.85866
35.7172
16.6663
7.39128
47.3957
-42.0883
53.5377
-3.34151
-7.46656
2.63822
-3.76438
-15.6931
-14.3552
-3.9024
65.6801
-34.5455
29.4363
13.764
4.35693
17.7112
6.06072
4.82233
75.4514
21.5857
0
-64.7743
417.858
-30.112
-3.43128e-15
0
0
0
0
-17.9961
50.6861
35.5749
3.55271e-15
-86.5273
564.617
-46.5965
7.98141e-15
0
0
0
0
-14.9919
22.0362
22.6757
0
-79.5334
654.51
-60.1733
2.29249
0
0
0
0
-5.76612
12.6025
10.0642
0
-68.1348
560.577
-128.067
0
0
0
0
0
4.741
7.11047
-2.28366
1.30562e-13
-74.547
508.79
-41.329
-1.34483e-15
0
0
0
0
31.9134
145.867
19.1401
0
44.7238
294.464
76.2257
97.9034
0
0
0
0
1.66707
36.499
11.059
-5.82921e-14
-52.484
517.24
-64.413
5.75823
0
0
0
0
-4.29122
14.104
1.84002
52.224
29.4025
347.504
-26.8717
140.56
0
0
-5.33136e-15
0
