2.63776
0.212
0.668943
0.127289
-0.0929215
0.686576
-0.720944
-0.84349
0.802398
-0.0861965
-0.3732
-0.9744
0.5169
-0.4333
0.635119
-0.193509
1.98879
-0.659382
-0.496597
-0.832809
-2.57982
3
-2.40897
0.808
-0.504401
-0.985799
-0.1088
0.246581
0.656689
0.237106
-0.129283
0.659706
-0.767536
-0.980639
0.959983
-0.216796
-0.326608
-0.999989
0.466222
-0.436084
0.644369
-0.261071
2.07433
-0.678278
-0.488578
-0.893904
-2.48559
2.86699
-2.44928
0.813033
-0.499797
-0.978565
-0.100578
0.28111
0.641032
0.351059
-0.167503
0.632815
-0.817125
-1.1129
1.11062
-0.349711
-0.276539
-1.02558
0.413049
-0.44091
0.656591
-0.326494
2.15112
-0.696482
-0.488802
-0.956572
-2.39206
2.73792
-2.49244
0.820481
-0.518678
-0.959823
-0.122029
0.316712
0.621741
0.469779
-0.205553
0.604452
-0.869931
-1.24013
1.25431
-0.484931
-0.230228
-1.05408
0.362876
-0.447493
0.668518
-0.392963
2.22483
-0.7102
-0.499871
-1.01882
-2.29823
2.60886
-2.53566
0.805577
-0.507487
-0.958998
-0.11044
0.352935
0.598856
0.592294
-0.244495
0.576089
-0.92611
-1.36233
1.39115
-0.62244
-0.188093
-1.08122
0.309867
-0.454077
0.679357
-0.458044
2.30205
-0.721111
-0.501015
-1.08149
-2.20427
2.48005
-2.57878
0.790998
-0.501715
-0.951502
-0.103659
0.390438
0.571923
0.719352
-0.283686
0.549265
-0.985662
-1.47947
1.52239
-0.762276
-0.143694
-1.10837
0.256857
-0.459944
0.693041
-0.527966
2.37431
-0.73676
-0.493625
-1.14416
-2.11117
2.35256
-2.62399
0.811723
-0.518156
-0.951302
-0.0972573
0.428527
0.541528
0.849675
-0.323719
0.522729
-1.04869
-1.59188
1.64685
-0.905672
-0.0992948
-1.13634
0.203847
-0.464312
0.70482
-0.600154
2.4428
-0.75672
-0.484158
-1.21524
-2.01567
2.22776
-2.66847
0.798692
-0.501679
-0.965582
-0.0901194
0.467038
0.507031
0.984401
-0.365322
0.498546
-1.11817
-1.69866
1.76506
-1.05139
-0.0556505
-1.16431
0.150838
-0.470163
0.715459
-0.6672
2.51524
-0.769979
-0.474857
-1.27791
-1.90232
2.0949
-2.71209
0.789394
-0.520589
-0.967835
-0.0979946
-14.9318
-19.9466
3.73068
8.1537
-9.56588
-0.66241
19.6202
17.6008
-7.08984
-1.58168
-13.783
-17.7451
4.27808
9.14778
-11.678
0.511513
17.1468
18.2388
-9.76986
-4.05321
-11.8986
-15.0907
4.78928
10.033
-13.5601
1.84494
13.5988
18.4378
-13.0975
-6.9992
-8.89509
-11.6856
5.22313
10.5379
-15.5516
3.35046
8.77502
18.097
-17.0124
-10.4061
-4.69924
-7.52376
5.52393
10.988
-17.5236
5.08368
2.5044
16.9663
-21.7151
-14.4091
1.15403
-2.54268
5.6141
10.5691
-19.6956
6.92987
-5.19929
15.0356
-27.278
-18.9296
8.99857
3.43061
5.43333
9.43519
-22.7995
8.97258
-14.6273
11.9407
-33.3915
-23.8378
18.685
10.2
4.98149
6.94952
-26.28
11.0902
-25.2652
7.87328
-40.0238
-28.9431
8.33821
79.9956
8.33823
78.0665
-9.7675
72.6835
-9.7675
77.2958
0
0
0
0
10.1843
76.0871
10.1843
71.0834
-6.04229
76.7162
-6.04229
77.3896
0
0
0
0
11.5989
71.3417
11.5989
62.591
-2.0482
80.4497
-2.0482
76.3155
0
0
0
0
12.1488
65.2257
12.1488
51.5906
1.98216
85.0103
1.98216
74.4564
0
0
0
0
11.4572
57.9415
11.4572
38.0397
5.99737
90.5267
5.99738
71.8054
0
0
0
0
9.75776
49.0066
9.75773
21.8798
9.85502
96.5234
9.85502
67.6077
0
0
0
0
5.80102
38.8727
5.80103
2.95107
12.4472
105.337
12.4473
63.5661
0
0
0
0
-0.190805
28.1858
-0.190747
0.17325
14.2185
115.438
14.2185
57.9667
0
0
-5.33136e-15
0
