0.401235
0.212
0.668943
0.127289
-0.0929215
0.686576
-0.720944
-0.84349
0.802398
-0.0861965
-0.3732
-0.9744
0.5169
-0.4333
0.635119
-0.193509
1.98879
-0.659382
-0.496597
-0.832809
-2.57982
3
-2.40897
0.808
-0.504401
-0.985799
-0.1088
0.180626
0.657851
0.123462
-0.130717
0.690684
-0.76868
-0.935298
0.898468
-0.181871
-0.296627
-0.972455
0.491998
-0.439536
0.694716
-0.17252
1.66327
-0.75474
0.0815892
-0.687373
-2.01578
2.46766
-1.94522
1.37825
0.00945548
-0.402316
-0.121463
0.211485
0.648518
0.205394
-0.175182
0.720959
-0.816416
-1.03384
1.01809
-0.270234
-0.193667
-0.956149
0.481393
-0.445773
0.665161
-0.0690392
1.54687
-0.911087
0.452599
-0.511758
-1.65113
1.95839
-1.432
1.82629
0.00535431
0.318644
-0.228896
0.244905
0.641865
0.287327
-0.215635
0.751234
-0.861493
-1.11196
1.10856
-0.334819
-0.0907077
-0.955402
0.562164
-0.415746
0.646726
-0.0174872
1.55445
-0.492228
0.259833
-0.0921559
-1.27205
1.43018
-0.963551
1.75387
0.14478
1.0468
0.306597
0.281012
0.633665
0.371014
-0.239593
0.743761
-0.875182
-1.18882
1.19902
-0.38833
0.0122519
-0.954655
0.670061
-0.38572
0.549885
-0.0111273
1.82808
-0.396603
-0.333175
-0.274048
-1.21871
1.34809
-0.736409
1.7676
0.238063
1.59094
0.389872
0.308376
0.625032
0.475938
-0.277053
0.699537
-0.898422
-1.29061
1.28014
-0.465467
0.135885
-0.953907
0.795708
-0.355694
0.609821
0.0558215
1.77142
-0.650778
-0.8244
-0.32203
-1.66041
1.37742
-1.06708
2.17344
-0.229244
1.91517
0.327055
0.337443
0.614106
0.568688
-0.298719
0.655312
-0.925284
-1.382
1.3736
-0.560295
0.259517
-0.984275
0.921354
-0.340392
0.77323
0.0656116
1.57159
-0.427003
-0.729704
-0.358698
-1.52246
1.36338
-1.32722
2.28374
-0.513549
1.93125
0.402856
0.366972
0.603531
0.660229
-0.319444
0.611088
-0.951873
-1.4731
1.46707
-0.654197
0.38315
-1.03591
1.047
-0.325091
0.799375
-0.00823391
1.54058
0.0399905
-0.489553
-0.639601
-1.01349
1.29625
-1.16601
2.34498
-0.496668
1.93126
0.402907
25.4972
3.71155
26.5906
-12.7889
-25.9428
9.92639
5.90825
3.22399
19.9706
10.0516
22.0322
11.4818
29.9212
17.8555
-39.8737
17.9582
9.16538
2.83283
13.7293
1.68532
40.6936
16.6737
26.4748
-0.851038
-60.7879
14.6975
0.164812
-5.481
27.4426
12.4842
34.879
10.9307
23.0556
3.36753
-57.2847
17.9289
-2.7016
-4.48257
30.777
14.9345
19.3233
2.57139
19.2548
-4.25141
-52.8209
18.289
17.2901
4.83668
26.5608
11.0042
-35.8745
-29.8407
25.7954
93.9146
13.0614
25.3701
-2.5382
-11.3277
13.5849
2.60905
36.2844
14.0056
21.7966
-0.120791
-41.7858
23.7524
9.22966
0.0668374
9.34283
1.99026
6.82119
1.45959
0.334299
48.9647
-62.4119
34.2854
10.3411
-1.30611
16.7284
5.26598
39.6888
181.99
43.753
56.4324
-49.9764
186.137
-29.6682
41.8434
0
0
0
0
26.1079
185.139
38.453
-4.2327e-11
-69.9654
317.242
-79.5334
111.996
0
0
0
0
22.758
150.74
30.0647
-4.23128e-11
-83.3839
317.95
-72.8614
131.612
0
0
0
0
24.1624
139.153
24.035
-3.63698e-35
-74.3748
310.573
-67.8533
99.5356
0
0
0
0
22.3817
128.953
22.4999
1.3081e-13
-64.4044
291.691
-61.7191
71.8162
0
0
0
0
48.6992
209.067
49.3181
71.5367
70.3989
248.984
72.117
149.909
0
0
0
0
26.8414
132.59
26.4081
19.3484
-53.5229
250.071
-47.5278
-5.41291e-11
0
0
0
0
2.47112
15.7399
2.90182
19.1193
5.61346
381.882
1.38647
139.136
0
0
-5.33136e-15
0
