0.980105
0.212
0.668943
0.127289
-0.0929215
0.686576
-0.720944
-0.84349
0.802398
-0.0861965
-0.3732
-0.9744
0.5169
-0.4333
0.635119
-0.193509
1.98879
-0.659382
-0.496597
-0.832809
-2.57982
3
-2.40897
0.808
-0.504401
-0.985799
-0.1088
0.276224
0.641851
0.34425
-0.184793
0.663684
-0.823141
-1.11102
1.09355
-0.326778
-0.0739718
-0.902909
0.544116
-0.255901
0.45759
-0.193093
1.54931
-0.649475
0.177601
-0.729591
-1.63491
1.61272
-1.19019
2.13903
0.512114
0.19438
1.27448
0.314864
0.614834
0.496262
-0.277558
0.698646
-0.917351
-1.29509
1.27977
-0.480939
0.225525
-0.716401
0.571542
-0.0793948
0.275607
0.0225782
1.07513
-1.16121
0.499166
-0.477872
-1.30867
0.805733
-0.386912
1.7732
1.33204
0.995187
1.26062
0.30903
0.618735
0.646825
-0.438748
0.696933
-0.905009
-1.44296
1.25482
-0.458693
0.473701
-0.496956
0.711032
-0.00161414
-0.0416911
0.156276
1.14915
-1.14546
-0.0395765
0.482059
-0.93083
-0.180989
0.367972
1.67124
1.79599
1.8195
0.554378
0.294829
0.637387
0.807544
-0.593128
0.613519
-0.827934
-1.56655
1.14085
-0.381837
0.705798
-0.242345
0.966793
-0.00234061
-0.334533
0.132961
1.14548
-0.536289
-0.620245
0.569878
0.00399336
-0.819228
0.549264
1.61794
2.31725
1.85601
-0.0229291
0.276759
0.650444
0.859632
-0.666663
0.585148
-0.778118
-1.59715
1.04355
-0.306034
0.887143
-0.0510711
1.04508
-0.00555103
-0.102893
0.0187968
0.371754
-0.350182
-0.137212
0.184386
-0.229796
-0.528854
0.364752
1.23695
1.35982
0.55914
-0.0370425
0.270809
0.65286
0.896677
-0.71721
0.591599
-0.771067
-1.63213
1.02075
-0.285294
0.983847
-0.00433116
1.04037
-0.0107375
0.0673595
-0.0491442
-0.07559
-0.361011
0.0903323
0.0381998
-0.385256
0.0196641
-0.000931707
0.677213
0.333821
-0.0336288
0.278724
0.270807
0.65286
0.896683
-0.717222
0.591608
-0.771068
-1.63214
1.02074
-0.285289
0.985201
0
1.03566
-0.00166153
-1.36956e-05
6.31875e-06
3.8953e-05
-6.92119e-05
3.38052e-07
-1.04776e-05
-5.09438e-05
-5.90899e-05
0.000124055
2.14213e-05
-9.26743e-05
-0.000109846
0.000151781
19.2094
12.357
3.35224
21.619
-24.0816
39.4044
10.8475
4.65353
24.3865
12.1139
-4.86619
-0.14674
-2.01471
64.717
-38.3011
66.4132
17.0419
4.22701
32.6271
15.5302
11.7847
8.21089
1.11253
86.5303
-38.9972
79.286
-2.42594
-8.69115
13.32
0.551188
22.2645
8.16622
0.368753
19.6341
-68.6971
50.7554
37.0605
17.5809
33.3297
15.602
19.598
10.1483
2.0917
83.0462
-11.7614
60.9305
2.47894
-3.94741
-6.50734
-9.10118
-14.1828
-4.71614
22.4469
99.9938
25.1417
30.22
5.14961
-3.32236
3.77097
-0.584127
27.2521
12.6363
7.46285
73.1776
-13.1087
55.3123
1.60394
-3.61786
15.6885
4.47189
-5.06007
-6.29591
-2.95693
85.4268
-12.9094
31.64
16.8688
5.77859
16.5773
5.68107
13.8252
13.3064
-18.4824
0
-93.2175
439.681
-60.6707
-6.34518e-14
0
0
0
0
-40.0247
0.376801
39.9554
0.00687427
-89.5819
637.333
-49.0107
0.0170139
0
0
0
0
-16.0696
4.1581
17.4708
0.0129218
-26.1459
682.909
-16.2036
0.0434929
0
0
0
0
-11.7692
0.0776934
11.7971
0.0234505
-121.103
534.346
-65.9238
0.0176844
0
0
0
0
4.65674
10.9414
-1.85459
0.53789
-32.6543
523.456
-8.32441
-2.4869e-14
0
0
0
0
6.95824
156.314
47.8066
0.156618
53.8304
254.048
70.369
104.019
0
0
0
0
10.8391
41.6723
3.76602
0.0566745
-9.89276
513.304
-86.2815
7.33129
0
0
0
0
-0.328672
6.50352
1.3666
36.7747
29.4838
369.061
-30.5217
141.926
0
0
-5.33136e-15
0
