2.64911
0.212
0.668943
0.127289
-0.0929215
0.686576
-0.720944
-0.84349
0.802398
-0.0861965
-0.3732
-0.9744
0.5169
-0.4333
0.635119
-0.193509
1.98879
-0.659382
-0.496597
-0.832809
-2.57982
3
-2.40897
0.808
-0.504401
-0.985799
-0.1088
0.246667
0.656652
0.237342
-0.129343
0.659662
-0.767668
-0.980853
0.961186
-0.217675
-0.327775
-1.00115
0.466149
-0.437126
0.646272
-0.261111
2.06714
-0.675598
-0.488574
-0.894974
-2.48555
2.86946
-2.45105
0.81214
-0.502762
-0.978562
-0.103331
0.281953
0.640712
0.351632
-0.166612
0.632729
-0.817748
-1.11314
1.11299
-0.351481
-0.280147
-1.0279
0.412888
-0.443005
0.657719
-0.328763
2.14548
-0.691254
-0.488093
-0.95767
-2.39154
2.74034
-2.49423
0.813798
-0.507069
-0.967749
-0.1142
0.317857
0.621123
0.470154
-0.204725
0.605777
-0.871206
-1.24037
1.25782
-0.487603
-0.236295
-1.05528
0.359626
-0.448883
0.669166
-0.396475
2.22382
-0.706907
-0.496025
-1.02033
-2.29768
2.61122
-2.53747
0.81009
-0.504401
-0.966924
-0.108552
0.354385
0.597883
0.592906
-0.243685
0.578826
-0.928053
-1.36255
1.39567
-0.626025
-0.192444
-1.08265
0.306365
-0.454761
0.680469
-0.464131
2.30217
-0.722563
-0.497169
-1.08303
-2.20367
2.48211
-2.58061
0.80591
-0.502196
-0.966924
-0.101768
0.391543
0.570993
0.719893
-0.283492
0.551875
-0.988289
-1.47965
1.52654
-0.766784
-0.148592
-1.11003
0.253103
-0.46064
0.691971
-0.531843
2.37923
-0.738219
-0.493845
-1.14573
-2.10966
2.35322
-2.62385
0.81009
-0.506605
-0.966924
-0.0983247
0.429288
0.540443
0.850946
-0.324145
0.525212
-1.05201
-1.59167
1.65052
-0.909881
-0.10474
-1.1374
0.199842
-0.466518
0.703465
-0.598533
2.45697
-0.753875
-0.488858
-1.20918
-2.01506
2.22409
-2.66709
0.808605
-0.499991
-0.966924
-0.094078
0.467652
0.506254
0.985935
-0.365644
0.499026
-1.11932
-1.69837
1.76751
-1.05532
-0.0608886
-1.16478
0.146581
-0.472396
0.714912
-0.664957
2.53391
-0.769532
-0.480039
-1.27187
-1.91282
2.09357
-2.71072
0.807395
-0.508811
-0.966924
-0.094078
-14.9631
-19.9325
3.70955
8.24604
-9.48242
-0.651827
19.6609
17.6556
-7.1852
-1.62721
-13.9401
-17.8303
4.2557
9.17619
-11.545
0.516084
17.2549
18.3568
-9.8483
-4.07641
-12.0688
-15.18
4.75907
10.0494
-13.4345
1.84619
13.6193
18.5394
-13.207
-7.04822
-9.06309
-11.7676
5.18238
10.5896
-15.4101
3.35683
8.8006
18.1953
-17.1777
-10.4895
-4.66633
-7.52357
5.48954
10.871
-17.478
5.0643
2.43167
17.0235
-21.9463
-14.5239
1.30835
-2.47656
5.58246
10.3622
-19.8986
6.91748
-5.2924
15.0827
-27.4057
-19.0109
9.01946
3.44404
5.39778
9.2448
-22.7307
8.94156
-14.6811
12.0186
-33.5774
-23.9417
18.779
10.2747
4.92264
6.76957
-26.1668
11.0444
-25.4177
7.88994
-40.2864
-29.1059
8.34849
79.7972
8.34849
77.9313
-9.58378
72.5884
-9.58378
77.3145
0
0
0
0
10.0663
76.0949
10.0663
71.107
-5.87633
76.1569
-5.87633
76.9429
0
0
0
0
11.4755
71.28
11.4755
62.5476
-1.87353
79.9109
-1.87353
75.8925
0
0
0
0
12.0206
65.0964
12.0206
51.468
2.18785
84.4698
2.18785
74.033
0
0
0
0
11.5209
57.6177
11.5209
37.8564
6.1484
89.9729
6.1484
71.3721
0
0
0
0
9.6508
48.7353
9.6508
21.7375
9.71083
96.5604
9.71083
67.6361
0
0
0
0
5.73708
38.668
5.73708
2.90483
12.5518
104.772
12.5518
63.1247
0
0
0
0
-0.376158
27.8405
-0.376158
-5.3251e-18
14.1616
114.825
14.1616
57.4757
0
0
-5.33136e-15
0
