0.98007
0.212
0.668943
0.127289
-0.0929215
0.686576
-0.720944
-0.84349
0.802398
-0.0861965
-0.3732
-0.9744
0.5169
-0.4333
0.635119
-0.193509
1.98879
-0.659382
-0.496597
-0.832809
-2.57982
3
-2.40897
0.808
-0.504401
-0.985799
-0.1088
0.276219
0.641851
0.344264
-0.18483
0.663715
-0.823149
-1.11105
1.09355
-0.326767
-0.073711
-0.90281
0.543985
-0.256168
0.457578
-0.193094
1.54938
-0.649543
0.178468
-0.729548
-1.63575
1.61414
-1.19014
2.13911
0.51186
0.194417
1.27482
0.31487
0.614836
0.496272
-0.277538
0.6986
-0.917334
-1.29509
1.27977
-0.480949
0.225777
-0.716074
0.571474
-0.0795749
0.275598
0.0225953
1.0751
-1.1609
0.498972
-0.474897
-1.30849
0.805703
-0.386839
1.77261
1.33339
0.99551
1.26129
0.309034
0.618735
0.646827
-0.438738
0.696918
-0.905007
-1.44295
1.25483
-0.458701
0.473574
-0.497326
0.71104
-0.00168919
-0.0417065
0.156225
1.14913
-1.14539
-0.0387106
0.48295
-0.930611
-0.180815
0.36793
1.67188
1.79688
1.82062
0.554489
0.294823
0.637385
0.807577
-0.593191
0.613565
-0.827951
-1.5666
1.14085
-0.38183
0.705541
-0.242316
0.966715
-0.00229128
-0.334643
0.132829
1.14544
-0.536274
-0.618625
0.571809
0.00440299
-0.819089
0.549543
1.62079
2.31594
1.85743
-0.0229346
0.276727
0.650449
0.859541
-0.666678
0.585264
-0.778127
-1.59708
1.04348
-0.305945
0.886987
-0.0513769
1.04575
-0.00661676
-0.102965
0.0184942
0.370979
-0.347002
-0.138206
0.179723
-0.228282
-0.5284
0.362857
1.23964
1.36036
0.561088
-0.0368091
0.270845
0.652886
0.8963
-0.716591
0.591178
-0.770887
-1.63162
1.02063
-0.285308
0.984006
-0.00432447
1.04241
-0.0112043
0.0667724
-0.0489584
-0.0743252
-0.361401
0.090155
0.0305921
-0.386234
0.0189944
-0.000179089
0.676285
0.336065
-0.0331686
0.277723
0.270716
0.652834
0.896852
-0.717841
0.592284
-0.771295
-1.63249
1.02077
-0.285137
0.986305
-0.000862492
1.03994
-0.00826854
-0.00129207
0.000810782
0.00412534
-0.00728029
0.00296115
-0.00331011
-0.00418732
-0.00253823
0.00598037
-0.00290956
-1.76936e-05
-0.00171923
-0.00225256
19.2095
12.3557
3.34783
21.6145
-24.0668
39.4086
10.8451
4.64679
24.3863
12.1146
-4.86749
-0.145186
-2.00893
64.72
-38.3087
66.4114
17.0496
4.23549
32.6312
15.5324
11.7768
8.20245
1.10849
86.5242
-38.9999
79.285
-2.41698
-8.68563
13.3233
0.552347
22.2671
8.17241
0.370398
19.6313
-68.6991
50.7554
37.0721
17.5853
33.3345
15.6038
19.6015
10.1457
2.09158
83.0371
-11.7728
60.9274
2.48567
-3.94991
-6.5096
-9.10169
-14.1674
-4.7193
22.4378
99.9887
25.1419
30.2139
5.14939
-3.31363
3.77103
-0.583254
27.2229
12.6339
7.46488
73.1325
-13.1289
55.3162
1.58481
-3.63176
15.6652
4.4614
-5.05366
-6.29272
-2.95546
85.4549
-12.8949
31.6367
16.8636
5.77785
16.5635
5.68569
13.8241
13.3134
-18.4836
3.03531e-05
-93.2191
439.688
-60.6718
1.02192e-06
0
0
0
0
-40.0291
0.38304
39.9511
0.0132924
-89.5831
637.335
-49.0117
0.0170889
0
0
0
0
-16.0705
4.15868
17.4699
0.0130005
-26.1526
682.905
-16.2097
0.0401512
0
0
0
0
-11.7725
0.0787592
11.7938
0.0280021
-121.105
534.348
-65.9238
0.0193859
0
0
0
0
4.65639
10.9416
-1.85493
0.538325
-32.6742
523.456
-8.34287
0.00763353
0
0
0
0
6.95642
156.306
47.8048
0.154281
53.8187
254.049
70.3588
104.017
0
0
0
0
10.8389
41.6699
3.76571
0.0573765
-9.91158
513.318
-86.2994
7.33517
0
0
0
0
-0.319671
6.50518
1.37589
36.7803
29.4743
369.051
-30.5308
141.928
0
0
-5.33136e-15
0
