0.980105
0.212
0.668943
0.127289
-0.0929215
0.686576
-0.720944
-0.84349
0.802398
-0.0861965
-0.3732
-0.9744
0.5169
-0.4333
0.635119
-0.193509
1.98879
-0.659382
-0.496597
-0.832809
-2.57982
3
-2.40897
0.808
-0.504401
-0.985799
-0.1088
0.276224
0.641851
0.34425
-0.184792
0.663684
-0.823141
-1.11102
1.09355
-0.326778
-0.0739742
-0.902909
0.544116
-0.255897
0.45759
-0.193093
1.54931
-0.649477
0.177601
-0.729591
-1.63491
1.61272
-1.19019
2.13903
0.512111
0.194378
1.27448
0.314864
0.614834
0.496262
-0.277558
0.698647
-0.917351
-1.29509
1.27977
-0.480939
0.225522
-0.716405
0.571543
-0.0793924
0.275607
0.0225787
1.07513
-1.16121
0.499163
-0.477891
-1.30867
0.805732
-0.386912
1.7732
1.33203
0.995183
1.26061
0.30903
0.618735
0.646825
-0.438748
0.696933
-0.905009
-1.44296
1.25482
-0.458693
0.473702
-0.496956
0.711032
-0.00161321
-0.0416907
0.156278
1.14915
-1.14546
-0.0395812
0.48203
-0.930829
-0.18099
0.367971
1.67123
1.79599
1.81947
0.554376
0.294829
0.637387
0.807543
-0.593128
0.613519
-0.827934
-1.56655
1.14085
-0.381837
0.705802
-0.242342
0.966795
-0.00231226
-0.334531
0.132965
1.14549
-0.536293
-0.620256
0.569865
0.00399371
-0.819222
0.549253
1.61792
2.31724
1.85601
-0.0229715
0.276759
0.650444
0.859633
-0.666667
0.585153
-0.77812
-1.59715
1.04355
-0.306033
0.88715
-0.0510597
1.04508
-0.00552861
-0.102891
0.0188045
0.371771
-0.350234
-0.137193
0.184509
-0.229803
-0.528867
0.364799
1.23692
1.35981
0.559092
-0.0370388
0.270808
0.65286
0.896681
-0.717216
0.5916
-0.771065
-1.63213
1.02074
-0.28529
0.983849
-0.00431446
1.04037
-0.0107146
0.0673668
-0.0491414
-0.0755949
-0.361026
0.0903614
0.0383262
-0.385236
0.0196795
-0.000938846
0.677183
0.333859
-0.0336339
0.278697
0.270808
0.65286
0.89668
-0.717216
0.591603
-0.771067
-1.63213
1.02074
-0.285291
0.98519
0
1.03566
-0.00166246
1.14664e-06
5.7688e-07
5.06303e-07
2.98498e-06
3.14409e-06
-1.53501e-05
2.79767e-06
-9.5142e-08
5.34796e-06
4.25738e-06
-5.99633e-06
-2.57716e-06
2.92117e-06
19.2094
12.3571
3.35225
21.619
-24.0816
39.4044
10.8475
4.65353
24.3865
12.1139
-4.86617
-0.146735
-2.01473
64.717
-38.3011
66.4132
17.0418
4.22696
32.6271
15.5302
11.7847
8.21092
1.11254
86.5304
-38.9971
79.286
-2.42605
-8.69123
13.3199
0.551139
22.2645
8.16622
0.368747
19.6342
-68.6971
50.7554
37.0604
17.5809
33.3296
15.602
19.598
10.1483
2.09172
83.0463
-11.7613
60.9305
2.47889
-3.94743
-6.50735
-9.1013
-14.1829
-4.71608
22.447
99.9941
25.1417
30.2201
5.14957
-3.32236
3.77079
-0.584015
27.2526
12.6363
7.46277
73.1782
-13.108
55.3122
1.60411
-3.61767
15.6888
4.47168
-5.06014
-6.29594
-2.95695
85.4265
-12.9096
31.64
16.8689
5.77861
16.5774
5.68109
13.8252
13.3064
-18.4824
0
-93.2175
439.681
-60.6707
-6.34518e-14
0
0
0
0
-40.0247
0.37678
39.9555
0.00683631
-89.5819
637.333
-49.0107
0.0170222
0
0
0
0
-16.0696
4.1581
17.4709
0.0129154
-26.1458
682.909
-16.2035
0.0435433
0
0
0
0
-11.7692
0.0776999
11.7971
0.0234376
-121.103
534.346
-65.9238
0.0176972
0
0
0
0
4.65674
10.9414
-1.85459
0.537888
-32.6541
523.456
-8.32427
-2.4869e-14
0
0
0
0
6.95827
156.314
47.8066
0.156702
53.8304
254.048
70.369
104.02
0
0
0
0
10.8392
41.6724
3.76606
0.0567644
-9.89286
513.304
-86.2816
7.33139
0
0
0
0
-0.328782
6.50349
1.36649
36.7745
29.4839
369.061
-30.5216
141.926
0
0
-5.33136e-15
0
