0.979721
0.212
0.668943
0.127289
-0.0929215
0.686576
-0.720944
-0.84349
0.802398
-0.0861965
-0.3732
-0.9744
0.5169
-0.4333
0.635119
-0.193509
1.98879
-0.659382
-0.496597
-0.832809
-2.57982
3
-2.40897
0.808
-0.504401
-0.985799
-0.1088
0.276165
0.64186
0.344255
-0.184985
0.663876
-0.823146
-1.11107
1.09342
-0.326614
-0.0737348
-0.90311
0.543924
-0.255267
0.457515
-0.193101
1.5497
-0.650836
0.183306
-0.72933
-1.64028
1.62237
-1.19014
2.13965
0.509361
0.193826
1.27664
0.314898
0.614849
0.496328
-0.277453
0.698374
-0.917248
-1.29507
1.27972
-0.480984
0.22573
-0.717254
0.572225
-0.0788647
0.275624
0.0226618
1.07539
-1.15931
0.496487
-0.46847
-1.30794
0.8057
-0.386612
1.76879
1.33897
0.998403
1.26037
0.309084
0.618736
0.646863
-0.438583
0.696673
-0.904953
-1.44292
1.25487
-0.458814
0.473041
-0.500626
0.711961
-0.000256103
-0.0415827
0.156169
1.14951
-1.14537
-0.036996
0.474495
-0.928585
-0.179668
0.3671
1.67028
1.80077
1.82008
0.56165
0.294742
0.637343
0.807586
-0.593671
0.61435
-0.828265
-1.56684
1.141
-0.381745
0.706562
-0.239009
0.966699
-0.000166434
-0.334214
0.132644
1.14439
-0.538994
-0.609826
0.581724
0.0102092
-0.817342
0.552921
1.6239
2.31466
1.84918
0.000640475
0.276348
0.650491
0.859048
-0.667499
0.586749
-0.778298
-1.59685
1.04272
-0.304925
0.895269
-0.0464212
1.04624
-0.00470022
-0.101767
0.017757
0.366809
-0.337135
-0.13933
0.160201
-0.22041
-0.530655
0.37154
1.23642
1.37602
0.568338
-0.0323934
0.270919
0.652926
0.895193
-0.715038
0.590441
-0.770596
-1.6303
1.02049
-0.285382
0.991699
-0.00114916
1.04554
-0.0091744
0.0669021
-0.0485807
-0.0723262
-0.359724
0.0908867
-0.00573639
-0.390542
0.0179565
0.00305482
0.685925
0.323464
-0.0298203
0.276733
0.270508
0.652786
0.897263
-0.719243
0.593741
-0.771762
-1.63328
1.02078
-0.284763
0.996451
-9.34092e-05
1.04183
-0.00455735
-0.00299975
0.0028825
0.0148493
-0.0268603
0.0137708
-0.00834858
-0.0196546
-0.000170666
0.0044462
0.0298628
-0.0635135
-0.0199757
0.0157561
19.2036
12.3497
3.3334
21.5981
-23.9813
39.4346
10.8316
4.60882
24.3868
12.1192
-4.86746
-0.129289
-1.9825
64.7442
-38.335
66.4025
17.0572
4.26338
32.6582
15.5517
11.7515
8.16013
1.08682
86.5035
-39.0122
79.2764
-2.42414
-8.69778
13.35
0.558228
22.2738
8.20994
0.376523
19.6471
-68.6844
50.7617
37.0841
17.5806
33.3352
15.6367
19.5954
10.1439
2.10728
83.0572
-11.7865
60.9239
2.49129
-3.95137
-6.51053
-9.09134
-14.1079
-4.75985
22.3827
99.9943
25.1869
30.1992
5.11953
-3.2663
3.80169
-0.632729
27.1528
12.6389
7.49187
73.037
-13.1603
55.303
1.55368
-3.76652
15.5621
4.46213
-5.01735
-6.26674
-2.94914
85.5375
-12.8565
31.6352
16.8035
5.75632
16.5408
5.67273
13.818
13.3515
-18.4899
0.000200241
-93.2319
439.749
-60.6803
6.74169e-06
0
0
0
0
-40.0447
0.419696
39.9355
0.0035944
-89.5924
637.344
-49.0194
0
0
0
0
0
-16.0734
4.15907
17.4669
0.000345343
-26.1747
682.868
-16.2294
0.0612835
0
0
0
0
-11.776
0.066633
11.7903
0.0204119
-121.105
534.336
-65.9127
0.00069493
0
0
0
0
4.65572
10.9417
-1.85561
0.53966
-32.7509
523.437
-8.40084
0.0503589
0
0
0
0
6.95547
156.298
47.8039
0.157593
53.8355
254.068
70.3963
104.022
0
0
0
0
10.8524
41.6806
3.78064
0.128133
-9.97326
513.358
-86.3442
7.36136
0
0
0
0
-0.301219
6.49163
1.39487
36.7376
29.4525
369.085
-30.5461
141.948
0
0
-5.33136e-15
0
