0.916645
0.212
0.668943
0.127289
-0.0929215
0.686576
-0.720944
-0.84349
0.802398
-0.0861965
-0.3732
-0.9744
0.5169
-0.4333
0.635119
-0.193509
1.98879
-0.659382
-0.496597
-0.832809
-2.57982
3
-2.40897
0.808
-0.504401
-0.985799
-0.1088
0.26957
0.643757
0.323482
-0.181762
0.677102
-0.818821
-1.09122
1.07368
-0.305948
-0.104092
-0.913872
0.529217
-0.292299
0.506101
-0.189762
1.48977
-0.682296
0.202131
-0.717072
-1.72011
1.69423
-1.22666
2.05626
0.462678
0.094613
1.08088
0.303923
0.619933
0.463654
-0.27126
0.712022
-0.904415
-1.26367
1.24419
-0.444181
0.165016
-0.767207
0.562108
-0.151105
0.329742
0.00597747
1.06596
-1.12002
0.505762
-0.303812
-1.31701
0.86541
-0.448003
1.79207
1.25974
0.931879
1.08048
0.302685
0.620825
0.603428
-0.412996
0.710953
-0.901386
-1.4025
1.23832
-0.43918
0.399631
-0.543073
0.687968
-0.0745364
0.0140901
0.137673
1.15283
-1.07688
-0.0678039
0.479957
-0.905885
-0.0536174
0.253353
1.56027
1.71146
1.86527
0.582819
0.292528
0.636034
0.754277
-0.553725
0.636976
-0.837527
-1.52043
1.14595
-0.379795
0.6031
-0.305827
0.932187
-0.0597441
-0.280032
0.11608
1.17353
-0.669191
-0.565477
0.491363
-0.0870748
-0.708019
0.458451
1.5284
2.22597
1.94503
0.110993
0.2775
0.645753
0.801502
-0.623702
0.624659
-0.80246
-1.55405
1.07259
-0.320041
0.771863
-0.0985885
1.03675
-0.0534493
-0.0798087
-0.00861567
0.359019
-0.557617
-0.0930635
0.164897
-0.355579
-0.337995
0.235165
1.2637
1.52117
0.79694
0.0466504
0.271276
0.643426
0.844877
-0.698286
0.672737
-0.819328
-1.61204
1.07816
-0.310998
0.83863
-0.0416293
1.04459
-0.0470034
0.0521867
-0.059279
-0.0452003
-0.596107
0.369355
-0.129267
-0.501835
0.130155
0.00185127
0.685115
0.400465
0.0588418
0.311703
0.266206
0.639413
0.856541
-0.740911
0.72603
-0.84166
-1.64255
1.09467
-0.308662
0.849329
-0.0481547
1.03736
-0.0465217
-0.0495349
-0.000763428
0.12255
-0.324248
0.412884
-0.381703
-0.168286
0.0703259
0.0244402
0.0760488
-0.0809851
-0.0548413
0.0018228
18.0753
11.4094
5.0005
22.358
-21.7604
39.377
10.1757
4.22305
23.2928
11.2581
-1.87277
1.78312
0.605197
63.0166
-36.2323
64.2875
15.5232
3.65178
30.2245
14.0411
9.80164
6.57999
1.44502
83.0818
-38.229
76.3711
-2.03978
-8.20853
16.7512
2.59573
23.3767
9.00335
0.954923
21.2928
-68.2086
51.5925
31.937
14.2477
35.0431
16.6253
15.5447
8.51211
0.438857
79.5043
-14.9333
60.109
7.64614
-0.824553
-5.45134
-8.67622
-13.774
-5.03943
23.7352
100
26.5815
34.4473
2.71106
-4.89281
2.34276
-1.46758
30.5039
13.9975
7.71352
62.4866
-23.7666
52.734
2.58416
-3.58986
13.894
3.44404
-6.50764
-7.38351
-2.73844
82.0499
-20.4851
27.2748
17.681
6.08427
16.8955
5.84459
-5.30999
25.207
10.7509
0
-87.864
433.208
-53.2734
-4.83791e-14
0
0
0
0
-25.3808
12.7285
29.6723
3.55271e-15
-88.8155
622.348
-52.2599
2.00433e-15
0
0
0
0
-18.8003
8.74029
19.9752
0
-35.6733
672.772
-26.1871
0.575701
0
0
0
0
-6.66645
3.1648
7.65698
0
-69.3957
544.805
-121.286
0
0
0
0
0
3.56308
2.18874
-2.82311
1.30562e-13
-33.8262
524.302
-14.3917
0.0597571
0
0
0
0
36.8915
163.104
20.1951
0
43.7813
274.138
77.1319
83.6937
0
0
0
0
6.41894
42.5651
8.46854
-5.82921e-14
-50.1343
506.066
-64.3862
8.06759
0
0
0
0
-1.44945
9.35733
2.95403
38.604
29.5532
347.809
-31.1166
158.484
0
0
-5.33136e-15
0
