0.664978
0.212
0.668943
0.127289
-0.0929215
0.686576
-0.720944
-0.84349
0.802398
-0.0861965
-0.3732
-0.9744
0.5169
-0.4333
0.635119
-0.193509
1.98879
-0.659382
-0.496597
-0.832809
-2.57982
3
-2.40897
0.808
-0.504401
-0.985799
-0.1088
0.239526
0.65053
0.235205
-0.163376
0.719886
-0.804356
-1.01225
0.997739
-0.2328
-0.212865
-0.944778
0.509874
-0.379633
0.692355
-0.18807
1.24625
-0.769555
0.423217
-0.892853
-1.7439
2.06156
-1.4712
1.68723
0.315992
-0.0701682
0.567159
0.257903
0.63385
0.313473
-0.235664
0.786794
-0.873388
-1.12786
1.11941
-0.312762
-0.0525309
-0.877788
0.571012
-0.318964
0.592875
-0.0748117
0.80828
-0.759983
0.724797
-0.712549
-1.19231
1.27531
-0.751829
1.54718
0.95882
0.794055
0.648886
0.269351
0.626284
0.388061
-0.298305
0.807853
-0.899535
-1.21358
1.17413
-0.350812
0.0944972
-0.725329
0.68765
-0.250119
0.343651
0.0195209
0.781336
-0.447384
0.217165
0.0361721
-0.755459
0.56857
-0.209313
0.858974
1.62531
1.65828
0.764906
0.278694
0.625764
0.459235
-0.340236
0.777081
-0.89608
-1.27443
1.18644
-0.37156
0.177058
-0.532433
0.844303
-0.17898
0.0662648
-0.000389725
0.927646
-0.034371
-0.344213
0.0580255
-0.231955
0.123977
-0.215378
0.649491
2.04363
1.80708
0.777307
0.290217
0.624804
0.507978
-0.351433
0.736709
-0.893259
-1.31176
1.20467
-0.400886
0.240859
-0.34243
0.953527
-0.136835
0.118163
-0.0592401
0.500112
-0.106168
-0.436956
-0.199319
-0.41251
0.311845
-0.52446
0.517722
1.57477
1.15739
0.466074
0.304924
0.618122
0.554154
-0.363446
0.72126
-0.911967
-1.35803
1.25449
-0.450616
0.285265
-0.239566
0.979921
-0.0950728
0.200328
-0.0741143
0.118031
-0.168297
-0.155913
-0.186564
-0.494334
0.532471
-0.542707
0.0260794
0.721002
0.276641
0.467593
0.318934
0.610782
0.573898
-0.351725
0.710125
-0.932298
-1.37821
1.30374
-0.499443
0.279903
-0.197797
0.968843
-0.0706004
0.114637
-0.0558239
0.203306
0.174696
0.0153381
-0.254152
-0.150078
0.458419
-0.482031
-0.298292
0.282885
-0.182328
0.284549
12.3446
8.21966
16.0554
32.3
-9.86495
38.5779
6.20511
1.84508
17.8433
7.26976
-1.25545
2.1901
10.837
60.6803
-20.5939
55.6596
8.04809
0.643271
26.7097
11.7575
21.5756
9.78009
6.70273
57.9964
-44.4874
63.6675
-6.71311
-9.24516
22.3655
6.14108
20.0566
8.3951
4.15143
26.5754
-60.7295
50.5355
11.9939
3.71087
38.9529
19.3252
28.0922
11.4533
2.84926
33.8698
-46.284
47.3222
11.6673
1.82469
2.33716
-4.27596
-29.2291
-14.3626
23.2392
99.9078
17.726
35.3392
-9.86117
-11.5756
-0.971654
-4.52112
37.2342
16.5945
9.17153
35.7292
-47.8653
48.0701
-0.821677
-5.54794
4.04339
-2.22117
-15.3325
-12.7622
-3.80665
64.237
-40.2445
30.7464
12.4564
3.80175
17.8489
6.17103
9.43949
101.845
26.2064
0
-71.5288
396.481
-27.2759
0.106137
0
0
0
0
-13.9831
75.4129
39.6651
3.55271e-15
-75.4634
536.755
-43.8055
0.0319768
0
0
0
0
-12.3081
37.4386
25.3447
0
-86.6047
632.687
-63.0013
6.01819
0
0
0
0
-4.2915
20.768
11.4869
0
-70.1148
544.779
-120.697
0.398333
0
0
0
0
6.03074
15.8346
-0.520578
0.115483
-86.2608
491.208
-57.2871
1.86583
0
0
0
0
34.7509
166.326
23.4869
0.0673076
53.2104
283.94
80.4361
97.9363
0
0
0
0
3.61703
46.3201
11.9964
0.322717
-61.6312
480.536
-66.628
9.73567
0
0
0
0
-6.86456
12.5038
-1.95437
42.8377
29.7558
355.343
-21.9144
142.527
0
0
-5.33136e-15
0
