0.828381
0.212
0.668943
0.127289
-0.0929215
0.686576
-0.720944
-0.84349
0.802398
-0.0861965
-0.3732
-0.9744
0.5169
-0.4333
0.635119
-0.193509
1.98879
-0.659382
-0.496597
-0.832809
-2.57982
3
-2.40897
0.808
-0.504401
-0.985799
-0.1088
0.259982
0.646034
0.292417
-0.177001
0.698421
-0.813837
-1.06218
1.04643
-0.276671
-0.143107
-0.930805
0.519714
-0.335709
0.585026
-0.189099
1.37075
-0.721474
0.208195
-0.750151
-1.7275
1.81815
-1.31472
1.94575
0.367917
0.0239806
0.83158
0.287424
0.626142
0.413251
-0.262673
0.738518
-0.889095
-1.21659
1.19452
-0.391177
0.0869861
-0.802727
0.572395
-0.237649
0.414043
-0.0249858
1.00817
-1.04915
0.41216
-0.466406
-1.30488
0.990538
-0.553017
1.78124
1.07994
0.915098
0.830507
0.291946
0.623159
0.533119
-0.375016
0.741336
-0.899438
-1.33975
1.21536
-0.408553
0.29765
-0.592925
0.690007
-0.172677
0.102815
0.105918
1.08909
-0.94881
-0.137387
0.357361
-0.877908
0.155948
0.0822142
1.26737
1.77321
1.83833
0.543271
0.288201
0.633273
0.661837
-0.486849
0.680318
-0.855306
-1.44203
1.15648
-0.376291
0.446164
-0.351341
0.907487
-0.137914
-0.178918
0.0847946
1.13664
-0.548855
-0.516505
0.381193
-0.206587
-0.501385
0.282639
1.18101
2.20902
1.89128
0.291528
0.280598
0.639492
0.70951
-0.542177
0.664069
-0.831401
-1.47912
1.1128
-0.34319
0.579207
-0.158871
1.02215
-0.118017
-0.024009
-0.0294228
0.399144
-0.45715
-0.13535
-0.050106
-0.521228
-0.109312
0.00590124
1.05367
1.46141
0.967602
0.166392
0.28042
0.634395
0.749551
-0.599422
0.705963
-0.856092
-1.53585
1.14148
-0.355184
0.616154
-0.100901
1.04166
-0.097754
0.0692677
-0.05137
0.0394451
-0.554462
0.360255
-0.208921
-0.614723
0.249234
-0.0996125
0.47802
0.397527
0.163766
0.274196
0.277591
0.62876
0.768493
-0.645209
0.7605
-0.883784
-1.57623
1.16945
-0.361711
0.616628
-0.104787
1.02844
-0.102717
-0.0530396
0.00832833
0.249723
-0.385005
0.47821
-0.309197
-0.26709
0.129832
-0.0384
-0.0124386
-0.101839
-0.111592
-0.0482129
13.9966
9.31142
8.71305
29.0004
-15.557
39.9026
8.33385
3.09278
20.5016
9.18147
-0.507844
2.38744
3.64648
61.0542
-31.7363
60.9001
13.0497
2.54051
28.6043
13.0089
9.86403
5.79411
1.94764
76.0727
-39.3906
72.3364
-2.12507
-7.57057
20.1965
4.58125
24.9853
10.4491
2.16242
23.4339
-66.91
52.2643
25.2172
10.7704
35.2992
16.7147
17.0903
8.76776
0.702498
66.3912
-22.8648
56.232
10.3187
0.35562
-2.8598
-7.09212
-16.2108
-6.66006
22.9995
100
23.0067
35.3398
-1.28756
-7.23455
1.70246
-2.29018
32.7757
14.8615
8.73952
50.9781
-34.6271
51.2489
4.22414
-2.89389
11.0669
1.69257
-9.26492
-9.83768
-2.86765
75.9199
-26.6148
28.0309
17.3182
5.83758
17.3564
6.01756
0.408696
51.2288
17.5214
0
-77.2858
423.247
-42.8581
-2.69185e-14
0
0
0
0
-21.8025
30.8516
32.4387
3.55271e-15
-87.5936
593.581
-49.2049
4.85812e-15
0
0
0
0
-18.2573
13.413
19.9481
0
-54.7405
663.384
-39.7727
1.39539
0
0
0
0
-6.23372
7.67089
8.80477
0
-69.4271
555.389
-124.959
0
0
0
0
0
4.12936
4.60994
-2.54539
1.30562e-13
-46.0547
510.449
-22.4647
0.117788
0
0
0
0
35.4263
159.283
20.3227
0
45.1998
285.315
75.7531
89.4615
0
0
0
0
5.11408
46.6863
11.2034
-5.82921e-14
-58.867
502.117
-71.5162
4.84362
0
0
0
0
-2.51451
12.4881
4.14264
43.9078
28.8335
347.438
-30.9069
149.938
0
0
-5.33136e-15
0
