0.980105
0.212
0.668943
0.127289
-0.0929215
0.686576
-0.720944
-0.84349
0.802398
-0.0861965
-0.3732
-0.9744
0.5169
-0.4333
0.635119
-0.193509
1.98879
-0.659382
-0.496597
-0.832809
-2.57982
3
-2.40897
0.808
-0.504401
-0.985799
-0.1088
0.276224
0.641851
0.34425
-0.184792
0.663684
-0.823141
-1.11102
1.09355
-0.326778
-0.0739741
-0.902909
0.544116
-0.255897
0.45759
-0.193093
1.54931
-0.649477
0.1776
-0.729591
-1.63491
1.61272
-1.19019
2.13903
0.51211
0.194378
1.27448
0.314864
0.614834
0.496262
-0.277558
0.698647
-0.917351
-1.29509
1.27977
-0.480939
0.225523
-0.716405
0.571543
-0.0793924
0.275607
0.0225787
1.07513
-1.16121
0.499163
-0.477893
-1.30867
0.805732
-0.386912
1.7732
1.33202
0.995183
1.26061
0.30903
0.618735
0.646825
-0.438748
0.696933
-0.905009
-1.44296
1.25482
-0.458693
0.473703
-0.496955
0.711032
-0.00161314
-0.0416907
0.156278
1.14915
-1.14546
-0.039582
0.482027
-0.930829
-0.18099
0.367971
1.67123
1.79598
1.81947
0.554375
0.294829
0.637387
0.807543
-0.593128
0.613519
-0.827934
-1.56655
1.14085
-0.381837
0.705802
-0.242342
0.966795
-0.00231503
-0.334531
0.132965
1.14549
-0.536294
-0.620257
0.569863
0.00399376
-0.819222
0.549253
1.61792
2.31724
1.85601
-0.0229711
0.276759
0.650444
0.859633
-0.666667
0.585154
-0.77812
-1.59715
1.04355
-0.306033
0.887149
-0.0510602
1.04508
-0.00553133
-0.102891
0.0188047
0.371771
-0.350235
-0.137193
0.184509
-0.229803
-0.528867
0.364797
1.23691
1.3598
0.559091
-0.0370395
0.270808
0.65286
0.896681
-0.717216
0.5916
-0.771065
-1.63213
1.02074
-0.28529
0.983848
-0.00431626
1.04037
-0.0107174
0.067367
-0.0491412
-0.0755956
-0.361027
0.0903609
0.0383247
-0.385236
0.0196793
-0.000938512
0.67718
0.333849
-0.0336374
0.278698
0.270808
0.65286
0.89668
-0.717216
0.591603
-0.771067
-1.63213
1.02074
-0.285291
0.985191
0
1.03566
-0.0016561
1.55047e-06
8.95952e-07
-3.58343e-07
3.73428e-06
1.02632e-06
-1.75646e-05
3.07349e-06
-2.0822e-06
1.12107e-05
3.02695e-06
-2.05809e-05
-1.00763e-05
8.93953e-06
19.2094
12.3571
3.35226
21.619
-24.0816
39.4044
10.8475
4.65353
24.3865
12.1139
-4.86617
-0.146735
-2.01473
64.717
-38.3011
66.4132
17.0418
4.22695
32.6271
15.5302
11.7847
8.21092
1.11254
86.5304
-38.9971
79.286
-2.42606
-8.69124
13.3199
0.551138
22.2645
8.16622
0.368747
19.6342
-68.6971
50.7554
37.0604
17.5809
33.3296
15.602
19.598
10.1483
2.09172
83.0463
-11.7613
60.9305
2.47888
-3.94743
-6.50735
-9.10129
-14.1829
-4.71608
22.447
99.9941
25.1417
30.22
5.14955
-3.32237
3.77079
-0.584021
27.2527
12.6363
7.46276
73.1782
-13.108
55.3122
1.6041
-3.61769
15.6888
4.47169
-5.06014
-6.29594
-2.95695
85.4265
-12.9096
31.64
16.8689
5.77861
16.5774
5.68108
13.8252
13.3064
-18.4824
0
-93.2175
439.681
-60.6707
-6.34518e-14
0
0
0
0
-40.0247
0.376781
39.9555
0.006836
-89.5819
637.333
-49.0106
0.0170226
0
0
0
0
-16.0696
4.1581
17.4709
0.0129148
-26.1458
682.909
-16.2035
0.0435454
0
0
0
0
-11.7692
0.0776974
11.7971
0.0234323
-121.103
534.346
-65.9238
0.0176952
0
0
0
0
4.65674
10.9414
-1.85459
0.537887
-32.6541
523.456
-8.32426
-2.4869e-14
0
0
0
0
6.95827
156.314
47.8066
0.156699
53.8304
254.048
70.369
104.02
0
0
0
0
10.8392
41.6724
3.76606
0.0567614
-9.89284
513.304
-86.2816
7.33139
0
0
0
0
-0.328781
6.50349
1.36649
36.7746
29.4839
369.061
-30.5216
141.926
0
0
-5.33136e-15
0
