0.616154
0.212
0.668943
0.127289
-0.0929215
0.686576
-0.720944
-0.84349
0.802398
-0.0861965
-0.3732
-0.9744
0.5169
-0.4333
0.635119
-0.193509
1.98879
-0.659382
-0.496597
-0.832809
-2.57982
3
-2.40897
0.808
-0.504401
-0.985799
-0.1088
0.222395
0.652011
0.207075
-0.15852
0.716367
-0.808547
-1.00395
0.986358
-0.230528
-0.23687
-0.949415
0.500374
-0.404446
0.687558
-0.181437
1.32301
-0.800667
0.35355
-1.00379
-1.74817
2.13746
-1.53471
1.54294
0.297501
-0.176517
0.332381
0.245797
0.634908
0.28241
-0.226059
0.794745
-0.881677
-1.10982
1.10864
-0.308139
-0.10054
-0.910926
0.547698
-0.353287
0.626205
-0.0892704
0.832645
-0.765008
0.906511
-0.825774
-1.13728
1.37117
-0.836418
1.34381
0.635999
0.605372
0.620598
0.260176
0.625365
0.348992
-0.28982
0.844335
-0.910208
-1.18891
1.17184
-0.343288
0.0183448
-0.829642
0.644595
-0.27564
0.423376
-0.0185719
0.741778
-0.326115
0.555337
-0.162013
-0.701977
0.694008
-0.296997
0.5957
0.983747
1.40446
0.981328
0.272963
0.619566
0.403692
-0.32019
0.841329
-0.92483
-1.24494
1.21263
-0.372185
0.0745848
-0.70317
0.766043
-0.195139
0.151462
-0.0349646
0.938026
0.0927267
-0.0970247
-0.135937
-0.316241
0.450913
-0.320175
0.13142
1.44002
1.71724
0.994958
0.290129
0.614609
0.455246
-0.32638
0.808925
-0.937806
-1.28968
1.25783
-0.423386
0.0944186
-0.57538
0.883105
-0.139051
0.177822
-0.0645779
0.605793
-0.0245072
-0.404121
-0.235864
-0.479729
0.553964
-0.658669
-0.0889017
1.04726
1.36672
0.728723
0.307658
0.607331
0.505098
-0.333429
0.785997
-0.957661
-1.33609
1.31172
-0.480729
0.0952142
-0.486347
0.934218
-0.0842956
0.253066
-0.0840768
0.270225
-0.0472444
-0.245027
-0.188636
-0.505221
0.630559
-0.728404
-0.384721
0.263805
0.587056
0.734352
0.325276
0.598926
0.539446
-0.325208
0.765206
-0.979444
-1.36653
1.36692
-0.539914
0.0663322
-0.476658
0.946977
-0.044045
0.170012
-0.0938509
0.372636
0.289341
-0.00579079
-0.251494
-0.11285
0.554293
-0.55693
-0.589249
-0.104501
0.148926
0.566694
15.9227
8.97732
18.571
24.6335
-13.9322
35.4478
7.40554
2.82749
16.5037
6.10476
0.251654
2.5538
15.8738
60.1738
-15.8363
53.412
4.39483
-1.09842
23.3833
9.69285
26.5662
12.2535
11.5673
51.6576
-43.186
58.5433
-14.124
-14.2866
25.3166
9.07747
22.3341
7.94878
6.81656
25.2418
-58.0804
48.506
4.44718
-0.153612
37.0163
18.1873
29.2639
11.4708
4.35484
25.0487
-52.7502
43.516
5.65661
-0.927596
10.4349
0.356598
-31.6022
-18.0463
24.5853
99.6793
12.1415
35.1638
-13.2582
-13.7608
0.641286
-3.64643
40.252
17.4732
11.527
24.1328
-52.4442
42.0992
-2.5333
-5.97428
3.17348
-2.42977
-8.58252
-8.44334
-2.08483
57.9885
-47.386
31.718
7.1954
1.04443
18.0942
6.40174
12.5025
119.027
29.157
0
-83.2884
376.492
-27.4838
0.307474
0
0
0
0
-8.99577
105.26
44.2536
3.55271e-15
-66.7249
506.02
-48.5984
0.0597206
0
0
0
0
-7.56787
63.3767
29.7367
0
-90.3548
588.284
-64.8586
9.52168
0
0
0
0
-1.19235
37.7488
14.4044
0
-70.5199
524.642
-113.59
1.3862
0
0
0
0
7.44176
24.3856
1.01442
1.3081e-13
-94.5901
475.583
-73.723
5.31182
0
0
0
0
36.4893
176.856
25.4923
0.23423
60.8627
291.93
78.6378
106.74
0
0
0
0
6.09665
58.0293
14.2203
0.0192234
-69.3831
435.708
-69.771
8.98702
0
0
0
0
-3.26986
14.8984
1.18832
35.192
12.3691
364.448
-12.6637
135.971
0
0
-5.33136e-15
0
