0.614224
0.212
0.668943
0.127289
-0.0929215
0.686576
-0.720944
-0.84349
0.802398
-0.0861965
-0.3732
-0.9744
0.5169
-0.4333
0.635119
-0.193509
1.98879
-0.659382
-0.496597
-0.832809
-2.57982
3
-2.40897
0.808
-0.504401
-0.985799
-0.1088
0.216631
0.652186
0.19969
-0.158675
0.715045
-0.81104
-1.00462
0.985251
-0.232266
-0.241055
-0.947397
0.497967
-0.415338
0.671996
-0.177484
1.36117
-0.815876
0.342113
-1.03525
-1.74645
2.14536
-1.53886
1.49807
0.326106
-0.200703
0.210748
0.242987
0.635124
0.280063
-0.226341
0.792324
-0.885068
-1.11113
1.10802
-0.31096
-0.108909
-0.914653
0.543845
-0.367731
0.601422
-0.0827559
0.884811
-0.768086
0.901194
-0.836888
-1.13505
1.3749
-0.839268
1.2537
0.611408
0.558076
0.595459
0.259962
0.625605
0.349322
-0.289368
0.84229
-0.911219
-1.18937
1.17239
-0.346792
0.00190792
-0.844759
0.640346
-0.284647
0.408077
-0.0130402
0.769655
-0.298279
0.566287
-0.170281
-0.660592
0.702097
-0.2717
0.544014
0.877449
1.33567
1.06006
0.27322
0.619068
0.402668
-0.319641
0.843844
-0.92687
-1.24519
1.21578
-0.374323
0.0547425
-0.725627
0.754636
-0.199507
0.148587
-0.0379017
0.951103
0.146379
-0.0664987
-0.145183
-0.276835
0.477776
-0.30631
0.112001
1.36192
1.69373
1.07651
0.291141
0.613964
0.455711
-0.325065
0.809375
-0.940041
-1.29073
1.26225
-0.427235
0.075642
-0.604729
0.877305
-0.137078
0.179929
-0.0590373
0.631534
-0.000257075
-0.431638
-0.23881
-0.476082
0.536691
-0.683528
-0.11661
1.01481
1.4475
0.834541
0.309349
0.606572
0.507258
-0.331581
0.784111
-0.959781
-1.33797
1.31707
-0.486361
0.0778781
-0.509535
0.938142
-0.0764319
0.256828
-0.0895543
0.324502
-0.0228043
-0.26718
-0.175375
-0.504231
0.649209
-0.777224
-0.411693
0.241502
0.70199
0.842106
0.327862
0.597875
0.548951
-0.327972
0.760814
-0.981793
-1.37475
1.37385
-0.548051
0.0517796
-0.495497
0.960559
-0.0311615
0.172655
-0.124674
0.451455
0.303643
0.0425665
-0.231191
-0.106933
0.603542
-0.547935
-0.608969
-0.128317
0.261289
0.662994
14.4664
8.14858
18.4558
25.3544
-13.4921
35.2799
7.98286
3.25114
15.1286
4.92139
3.92564
4.24385
16.4302
57.1632
-17.9132
52.928
3.71719
-1.31816
22.8019
9.33516
25.378
11.7881
11.6298
52.7143
-42.3794
58.5954
-15.6268
-15.4392
27.1617
10.6057
24.1505
8.77416
7.2843
25.3347
-57.6444
48.3906
4.02668
-0.398189
35.6701
17.3655
27.8878
10.6803
4.87409
23.1901
-52.2592
41.8912
5.20174
-0.9114
12.6113
1.66987
-32.0985
-18.832
25.5123
99.9545
8.90267
33.3004
-13.7719
-14.0679
2.56017
-2.58771
41.9474
18.2098
12.6461
16.7241
-51.0474
37.4747
-3.26492
-5.98941
2.30852
-2.6575
-0.332351
-3.89649
-0.12007
50.7706
-51.8679
31.6745
6.93344
0.997055
18.2746
6.54804
12.6687
119.997
29.3302
0
-83.3743
374.244
-27.5993
0.411798
0
0
0
0
-8.92896
106.003
44.2094
3.55271e-15
-71.5162
505.435
-54.3776
0.0799835
0
0
0
0
-7.39525
64.1909
29.8449
0
-90.5216
586.131
-64.9591
10.5056
0
0
0
0
-0.861427
39.498
14.6856
0
-70.5466
521.405
-112.595
1.85653
0
0
0
0
8.09353
28.4929
1.7889
1.3081e-13
-91.0315
462.002
-73.159
7.11411
0
0
0
0
37.6041
183.387
26.6912
0.313703
66.5359
288.378
77.568
123.474
0
0
0
0
7.05658
63.2681
15.0963
0.0257458
-71.2909
395.72
-69.7545
7.26643
0
0
0
0
2.56924
17.8165
6.66944
30.4024
-4.34512
369.758
-7.87568
131.016
0
0
-5.33136e-15
0
