2.66
0.212
0.668943
0.127289
-0.0929215
0.686576
-0.720944
-0.84349
0.802398
-0.0861965
-0.3732
-0.9744
0.5169
-0.4333
0.635119
-0.193509
1.98879
-0.659382
-0.496597
-0.832809
-2.57982
3
-2.40897
0.808
-0.504401
-0.985799
-0.1088
0.246789
0.656599
0.23738
-0.129142
0.659618
-0.767856
-0.980984
0.961748
-0.218144
-0.329337
-1.00178
0.463385
-0.439206
0.646573
-0.261264
2.06719
-0.675048
-0.496597
-0.895545
-2.48575
2.87079
-2.45224
0.808
-0.504401
-0.985799
-0.1088
0.282199
0.640577
0.351727
-0.166212
0.63266
-0.818174
-1.11337
1.11408
-0.352439
-0.285474
-1.02916
0.40987
-0.445113
0.658028
-0.32902
2.14559
-0.690714
-0.496597
-0.958282
-2.39168
2.74159
-2.4955
0.808
-0.504401
-0.985799
-0.1088
0.318232
0.620877
0.47033
-0.204134
0.605702
-0.871898
-1.24065
1.25941
-0.489084
-0.241612
-1.05655
0.356356
-0.451019
0.669482
-0.396776
2.224
-0.70638
-0.496597
-1.02102
-2.29761
2.61238
-2.53877
0.808
-0.504401
-0.985799
-0.1088
0.354886
0.597498
0.593189
-0.242905
0.578744
-0.929028
-1.36283
1.39771
-0.628077
-0.197749
-1.08393
0.302841
-0.456925
0.680936
-0.464531
2.3024
-0.722046
-0.496597
-1.08375
-2.20354
2.48318
-2.58204
0.808
-0.504401
-0.985799
-0.1088
0.392162
0.570442
0.720305
-0.282527
0.551786
-0.989563
-1.47989
1.52901
-0.769419
-0.153886
-1.11131
0.249326
-0.462831
0.69239
-0.532287
2.3808
-0.737713
-0.496597
-1.14649
-2.10947
2.35397
-2.6253
0.808
-0.504401
-0.985799
-0.1088
0.43006
0.539707
0.851676
-0.323
0.524827
-1.0535
-1.59185
1.65329
-0.91311
-0.110023
-1.13869
0.195811
-0.468738
0.703844
-0.600043
2.4592
-0.753379
-0.496597
-1.20923
-2.0154
2.22477
-2.66857
0.808
-0.504401
-0.985799
-0.1088
0.468579
0.505294
0.987304
-0.364323
0.497869
-1.12085
-1.69871
1.77055
-1.05915
-0.0661601
-1.16607
0.142296
-0.474644
0.715299
-0.667798
2.53761
-0.769045
-0.496597
-1.27196
-1.92134
2.09556
-2.71183
0.808
-0.504401
-0.985799
-0.1088
-14.9659
-19.9431
3.68278
8.14458
-9.45637
-0.671691
19.783
17.7538
-7.28639
-1.66877
-13.9446
-17.8468
4.22943
9.08921
-11.4684
0.491476
17.3038
18.4496
-10.0046
-4.13844
-12.0393
-15.1431
4.73649
9.9323
-13.3908
1.82698
13.6715
18.6554
-13.3434
-7.10317
-9.0319
-11.7425
5.16339
10.5391
-15.3141
3.33753
8.74611
18.2551
-17.3697
-10.5937
-4.68284
-7.5586
5.45993
10.7388
-17.3624
5.01896
2.40467
17.119
-22.131
-14.6177
1.25476
-2.51796
5.56621
10.3231
-19.6934
6.85761
-5.43919
15.1074
-27.6362
-19.1445
9.00742
3.423
5.41387
9.05168
-22.4906
8.82799
-14.8056
12.0792
-33.8295
-24.0857
18.7324
10.2514
4.92946
6.66937
-25.9422
10.8912
-25.6066
7.90733
-40.5569
-29.2713
8.34809
79.6426
8.34809
77.9531
-9.5316
72.1188
-9.5316
77.009
0.634462
50.815
10.8663
83.2087
10.1062
75.9273
10.1062
71.1855
-5.81646
75.5539
-5.81646
76.5889
-11.5094
60.9956
7.14122
76.9701
11.4265
71.0514
11.4265
62.4575
-1.84178
79.4493
-1.84178
75.5387
-22.6808
74.9531
1.8045
71.0229
12.03
64.9098
12.03
51.4843
2.23818
83.9371
2.23818
73.7007
-31.9499
92.7531
-5.18929
65.9133
11.5726
57.446
11.5726
38.0087
6.2059
89.219
6.2059
70.9465
-38.2799
114.179
-13.6875
62.3148
9.64723
48.6809
9.64723
21.8409
9.77291
95.5886
9.77291
67.215
-40.6005
138.639
-23.2475
60.9854
5.79563
38.75
5.79563
2.91865
12.5829
103.451
12.5829
62.5672
-37.9265
165.079
-33.0415
62.6763
-0.4599
27.9511
-0.4599
-18.605
14.2357
113.329
14.2357
57.2566
-29.5345
191.909
-41.7846
67.9757
