0.599621
0.212
0.668943
0.127289
-0.0929215
0.686576
-0.720944
-0.84349
0.802398
-0.0861965
-0.3732
-0.9744
0.5169
-0.4333
0.635119
-0.193509
1.98879
-0.659382
-0.496597
-0.832809
-2.57982
3
-2.40897
0.808
-0.504401
-0.985799
-0.1088
0.189444
0.652367
0.155093
-0.150921
0.710982
-0.822943
-0.996239
0.976703
-0.237144
-0.246096
-0.952698
0.503156
-0.440713
0.691803
-0.144896
1.39977
-0.679141
0.311098
-1.19544
-1.75114
2.18436
-1.56436
1.46844
0.289601
-0.129725
-0.0751564
0.227957
0.635801
0.242525
-0.20892
0.790717
-0.900764
-1.09243
1.10208
-0.318773
-0.118992
-0.931566
0.53956
-0.396133
0.623127
-0.0402186
0.990431
-0.671002
0.960088
-0.904997
-0.977756
1.41555
-0.909935
1.19698
0.35232
0.728643
0.627409
0.253664
0.626636
0.312582
-0.266919
0.852422
-0.915644
-1.159
1.16729
-0.34916
-0.0149889
-0.91045
0.626253
-0.304583
0.477016
-0.00554323
0.814433
0.0559771
0.715032
-0.153524
-0.367289
0.698968
-0.304121
0.524311
0.405285
1.48104
1.29325
0.27408
0.618247
0.354548
-0.270991
0.846638
-0.930195
-1.19875
1.22187
-0.379671
0.0397643
-0.858099
0.747366
-0.209265
0.232257
-0.0269588
0.991082
0.556006
-0.105968
-0.103492
-0.135423
0.604819
-0.341606
-0.154709
0.612141
1.82183
1.31941
0.299471
0.612842
0.413229
-0.256521
0.78294
-0.939687
-1.24017
1.27645
-0.449508
0.0481652
-0.802321
0.888499
-0.147675
0.240806
-0.0279208
0.74042
0.293648
-0.806111
-0.0883009
-0.389765
0.600493
-0.836106
-0.434624
-0.0272388
1.74568
0.965714
0.323678
0.606666
0.472949
-0.244187
0.717413
-0.946174
-1.28157
1.32799
-0.519376
0.0360657
-0.791831
0.983162
-0.0895749
0.333318
-0.0799039
0.4066
0.264976
-0.768489
0.00377012
-0.39507
0.622343
-0.981377
-0.478719
-0.741328
1.13003
0.980926
0.34766
0.598712
0.523476
-0.222462
0.652129
-0.953144
-1.31363
1.38118
-0.591024
0.0175409
-0.859235
1.04151
-0.0322206
0.271933
-0.136851
0.492473
0.626958
-0.454998
-0.0409154
0.0297312
0.534913
-0.585864
-0.605782
-1.07947
0.696235
0.965425
33.9129
14.932
30.0197
4.08886
-19.7185
27.6581
6.59877
2.70295
7.53365
-0.868288
15.5905
8.26698
30.4467
36.7105
-25.6127
45.7617
2.01477
-1.94429
27.8051
12.559
38.9126
16.1017
21.8607
29.1872
-48.1088
47.0203
-20.5981
-18.7437
31.3449
14.3781
28.4309
9.00717
12.8635
19.9021
-53.6527
44.5346
-0.203497
-2.6734
31.1298
14.6609
25.8798
7.91037
7.46228
23.2099
-51.8253
40.8113
-9.04818
-10.2053
17.0949
4.11944
-38.0433
-20.649
21.8263
99.9134
4.52257
34.0806
-10.9777
-12.5504
3.07271
-2.67934
40.8871
18.0845
14.3688
10.6849
-49.2678
33.8914
-5.78506
-7.39436
3.65352
-1.13953
4.0158
-0.309784
-1.02105
45.1122
-58.3312
32.6962
3.71633
-1.18116
18.9702
7.0699
26.9707
188.507
39.0066
0
-81.9876
312.809
-26.5807
0.0991102
0
0
0
0
14.9654
187.33
50.6
3.55271e-15
-72.0848
458.773
-86.4024
0
0
0
0
0
8.16443
118.745
33.3964
0
-104.6
497.951
-73.4104
15.0405
0
0
0
0
10.3017
73.4837
15.4175
0
-92.3291
478.694
-76.3849
3.34658
0
0
0
0
8.18835
47.4382
8.41475
1.3081e-13
-84.1949
455.577
-79.8379
13.088
0
0
0
0
28.8345
163.19
28.2819
0
73.4187
299.55
76.3187
128.271
0
0
0
0
13.3013
73.6975
12.4929
0
-67.3761
358.405
-61.6073
10.119
0
0
0
0
1.89275
7.41648
2.42344
21.4468
-2.21459
379.923
-6.44441
137.026
0
0
-5.33136e-15
0
