1.53992
-0.0464
0.746369
-0.169224
0.0257757
0.185874
-0.0424256
-1.0044
0.1504
0.2794
-0.6654
-0.6273
0.6999
-0.2915
0.651078
-0.00744983
-1.3093
1.64513
1.3366
-1.67243
-1.32231
2.0655
-1.296
1.0569
-1.959
-1.39841
-1.3982
0.0962132
0.739965
-0.496385
0.643449
0.0505291
-0.212538
-1.29529
0.604785
-0.216463
-0.432895
-1.05826
0.735044
-0.500355
0.727889
-0.120611
-1.49919
2.9997
-0.730189
-0.770327
-1.07055
3
-2.25515
1.69054
-0.245462
0.159697
-0.948808
0.0772611
0.743134
-0.621801
0.733
0.0592727
-0.172692
-1.77966
1.2163
-0.712326
-0.14741
-1.04494
0.767642
-0.675524
-0.0660386
0.0148873
0.897996
-1.02747
0.0399235
0.133491
-2.8762
2.77842
-0.507781
-0.778881
0.0653339
-0.281071
-0.795362
0.0331532
0.745371
-0.424277
0.455447
0.0891946
-0.142994
-2.3562
1.82963
-0.642934
-0.424857
-0.943731
0.715148
-0.836999
-0.295791
0.0131219
1.40449
-2.18094
0.641435
0.135022
-2.61999
2.79964
1.72617
-1.26217
0.562408
-0.239292
-0.668665
0.00110983
0.747288
-0.46378
0.39692
0.179579
-0.112819
-2.19857
2.44557
-0.0345973
-0.235134
-0.601805
0.775799
-0.984207
0.125772
0.0112729
-0.180029
0.658084
-0.579706
0.137192
0.803326
0.866519
2.76885
0.862093
1.55483
0.275795
-0.614005
0.0583117
0.745212
-0.549773
0.632563
0.0521161
-0.120388
-1.97102
2.61095
0.552118
-0.000674322
-0.259745
0.837987
-1.11941
0.265268
-0.0242268
-0.796605
1.5019
-0.590617
-0.115786
2.07279
-0.677941
2.00915
1.06756
1.55558
0.290228
0.105782
0.0606472
0.745391
-0.572628
0.656657
0.061489
-0.145869
-1.70774
2.44445
0.698526
0.202304
0
0.908794
-1.08975
-0.0257941
0.00235293
-0.0897692
0.0192087
0.0614026
0.00915792
1.06084
-0.964058
0.481993
-0.0420525
1.18272
0.514347
0.388352
0.0822468
0.744796
-0.541498
0.646302
0.0785374
-0.155833
-1.5599
2.23263
0.652253
0.193349
-0.0576775
1.02195
-1.22689
0.0549865
-0.0112881
0.139978
-0.171074
0.234734
-0.203638
-0.194006
0.243238
-0.260542
0.162391
-0.271787
0.515013
-0.729376
70.2451
61.2395
57.0783
-43.7291
-15.8722
-3.04602
-7.88485
-3.90287
6.49255
1.85023
-89.085
-14.5519
77.4356
-1.04857
3.6657
1.11618
-2.09867
5.10378
26.2284
11.4217
11.7194
41.4539
65.6876
-27.5864
-10.6554
-0.799519
-31.4897
-16.8898
3.17728
0.590929
-46.8625
1.79906
67.7772
0.252408
3.84415
1.44563
8.01379
8.46091
13.4806
3.33645
48.5826
54.5391
64.0743
-24.5099
-13.8915
-2.5497
-16.1815
-9.65784
-9.25375
-7.93713
-51.9095
4.14035
72.7075
-10.7956
0.207924
-0.0666273
-10.1906
-2.87696
19.5782
8.27096
21.6063
45.9317
68.0826
-28.9716
-11.8774
-1.99085
-20.6356
-11.2429
2.08195
-1.84967
-55.5706
-38.913
-7.88605
-14.4265
2.12774
0.985956
-6.39526
-2.38917
1.10688
-4.25197
63.4641
411.803
67.6142
1.59875e-15
0
-1.25775e-13
0
0
0
0
0
0
-3719.68
655.365
3560.94
-2.77556e-17
-2.072e-14
0
0
0
0
0
0
0
2707.11
519.192
-2621.18
1.81678e-14
-8.29932e-24
0
0
0
0
0
0
0
-2678.39
545.579
2556.67
1.3229e-13
-6.69968e-14
6.87069e-14
0
0
0
0
0
0
-846.965
481.879
959.785
2.17578e-13
0
0
0
0
0
0
0
0
4292.8
585.347
-4410.92
0
-1.2793e-15
0
0
0
0
0
0
0
-3685.73
529.522
3777.33
0
0
-1.33739e-18
0
0
0
0
0
0
1955.52
164.643
-1954.95
389.531
0
0
0
0
0
0
0
0
