0.25
0.549041
0.424083
1.24787
-0.241851
0.0845857
-1.0906
-2.33442
2.09681
-1.01027
-0.406714
-1.12517
0.30626
-0.192493
0.80863
-1.32466
-1.1449
4.97811
-2.88841
-0.944797
1.07605
4.8092
-4.74036
4.99695
-3.92878
4.51829
4.77369
0.571626
0.382505
1.21765
-0.105846
0.0187489
-1.13069
-2.30236
2.24172
-1.15701
-0.248665
-1.25915
0.459836
-0.0805796
0.68746
-1.16551
-0.967406
4.79954
-2.71022
-1.12251
0.897644
4.63063
-4.56308
4.81897
-3.75127
4.34024
4.59512
0.585867
0.351132
1.2087
-0.03479
0
-1.17265
-2.28374
2.34427
-1.26922
-0.119001
-1.38688
0.608497
-0.0429053
0.56386
-0.913777
-0.790387
4.62444
-2.53167
-1.17475
0.719576
4.45559
-4.38451
4.64097
-3.57748
4.16252
4.41655
0.596457
0.324503
1.21019
0.00745768
0
-1.2146
-2.28419
2.41558
-1.3
-0.00199127
-1.50827
0.750906
-0.211524
0.443645
-0.745606
-0.615652
4.4509
-2.35535
-0.996183
0.554335
4.31775
-4.20594
4.46251
-3.3989
3.98746
4.23814
0.607442
0.295361
1.20772
0.0567222
0
-1.25018
-2.27943
2.4832
-1.3
0.11947
-1.62348
0.87365
-0.0927003
0.313743
-0.638099
-0.437989
4.27306
-2.17916
-0.817612
0.376598
4.14075
-4.02784
4.28426
-3.22577
3.80945
4.05972
0.61477
0.272572
1.19683
0.101221
0
-1.27313
-2.26612
2.53476
-1.3
0.239692
-1.73272
0.868459
-0.0801494
0.204947
-0.598796
-0.303748
4.09489
-2.00136
-0.64348
0.372693
3.96442
-3.8501
4.1159
-3.05869
3.63252
3.88115
0.622783
0.247654
1.18598
0.148435
0
-1.28974
-2.24785
2.58855
-1.3
0.369453
-1.84196
0.991821
-0.0296477
0.136875
-0.697694
-0.321687
3.91863
-1.82396
-0.465012
0.550958
3.78872
-3.67229
3.99194
-2.91399
3.45414
3.70274
0.636187
0.222736
1.17449
0.224978
0
-1.3
-2.22192
2.618
-1.3
0.512883
-1.94603
1.047
0
0.0901782
-0.860705
-0.297083
3.74323
-1.6471
-0.287331
0.725838
3.61359
-3.50122
4.04036
-2.91399
3.27557
3.52416
-27.6618
-15.7155
7.93951
41.6103
-13.2394
32.2108
-57.8577
4.31458
15.4508
2.83625
6.98333
-0.0687782
8.99057
29.4766
-61.6599
49.4234
-60
11.1124
20.5448
5.09193
15.8828
1.68808
4.8633
27.381
-89.6022
59.1472
-36.2691
26.4198
21.6409
5.60828
-17.8555
-9.12405
11.4457
-9.20305
-21.0557
13.7592
-41.5576
31.9097
11.3598
1.73939
-36.9544
-17.4021
16.5243
-3.83843
-3.77735
18.2972
-58.72
42.0185
13.0649
2.69375
-17.5345
-7.34674
9.46859
12.5568
-3.65614
24.3262
-16.0306
24.4183
2.11263
-1.8905
-17.0897
-8.58027
2.25981
19.5567
7.38681
28.4692
-27.3684
22.2499
-5.09497
-5.96401
-14.8801
-10.6826
-2.73516
30.4377
10.4144
26.8108
3.26321
0.295914
-24.9559
-17.1839
-90.5232
103.111
52.0365
6.85072
256.65
224.076
-190.904
14.1064
-84.918
316.921
0
0
200.106
83.3783
-208.49
1.58305
469.26
408.185
-469.26
7.62813
-83.6569
363.298
0
0
-1171.61
54.6746
1168.14
15.2086
619.423
503.065
-630.305
17.6869
-41.2915
338.805
0
0
346.032
99.4421
-352.366
9.47534
510.668
118.509
-549.522
10.1361
-35.4793
348.627
0
0
219.575
142.469
-224.912
15.611
501.251
88.9214
-535.372
8.56849
-44.2172
462.199
0
0
109.243
75.3508
-109.243
3.38937
495.341
91.8783
-531.443
11.2699
-3.10284e-06
190.796
0
0
78.3425
29.2037
-80.9879
10.7861
473.396
64.7254
-473.396
13.0075
-7.74365
227.441
0
0
79.2663
3.6628
-89.9598
38.6697
455.617
23.2122
-434.268
37.7864
-4.0676
12.8064
10.5702
32.507
