0.701505
-0.0464
0.746369
-0.169224
0.0257757
0.185874
-0.0424256
-1.0044
0.1504
0.2794
-0.6654
-0.6273
0.6999
-0.2915
0.651078
-0.00744983
-1.3093
1.64513
1.3366
-1.67243
-1.32231
2.0655
-1.296
1.0569
-1.959
-1.39841
-1.3982
0.0340432
0.74548
-0.319729
0.369261
0.0831671
-0.166843
-1.13691
0.357394
0.149666
-0.55259
-0.823621
0.74464
-0.431621
0.767409
-0.124383
-1.65216
2.59246
0.60176
-1.87658
-0.614192
2.09423
-1.21815
2.12758
-1.15826
-0.368314
-1.97894
0.0652507
0.745199
-0.497166
0.573907
0.0983256
-0.20037
-1.49738
0.567286
-0.0180612
-0.343037
-0.939738
0.76557
-0.60197
0.793307
-0.00861085
-1.71296
3
-0.309344
-0.35966
-0.522659
2.14004
-1.674
1.98971
-0.643249
0.262613
-1.70032
0.0656298
0.742244
-0.643124
0.730734
0.080166
-0.201628
-1.65022
0.781758
-0.185601
-0.299168
-1.00425
0.795617
-0.736233
0.408368
-0.0361818
-0.565111
1.81358
-1.23548
-0.0129938
-1.52639
2.95687
-1.30019
0.437192
-0.471484
0.277237
-1.34005
0.0150557
0.744686
-0.699815
0.731274
0.0409906
-0.123898
-1.8678
1.0779
-0.27087
-0.319606
-1.05152
0.823399
-0.8409
0.102503
0.0497096
0.257111
0.167534
-0.655635
0.605065
-2.17289
2.95555
-0.849635
-0.337268
-0.449917
0.00581667
-0.960693
0.0106095
0.748703
-0.673799
0.700522
0.0277955
-0.0755352
-2.07811
1.34791
-0.344461
-0.34564
-1.0944
0.825524
-0.902638
-0.0328283
-0.0040697
0.4887
-1.13326
1.18869
-0.544132
-2.18569
2.80875
-0.598382
-0.0761042
-0.172516
-0.0141475
-0.465903
0.00305946
0.747375
-0.624928
0.583846
0.144967
-0.141085
-2.25998
1.61022
-0.327
-0.33751
-1.08392
0.832025
-0.939635
-0.0759806
-0.0376532
0.43709
-1.40464
1.70449
-0.736938
-1.45608
1.98748
0.148659
0.0845606
0.105039
0.135333
0.0217166
0.0492446
0.744244
-0.571734
0.578094
0.182139
-0.188499
-2.29389
1.80928
-0.254577
-0.329911
-1.07345
0.821489
-0.937479
0.0636221
-0.0176645
0.19675
-0.04871
-0.0681288
-0.179969
-0.33537
-0.190459
0.752749
0.00452744
-0.155858
-0.110914
0.0603513
-4.79455
6.20293
18.7369
3.99474
4.51434
1.64611
11.3306
7.73712
2.6132
-2.04238
-11.4084
35.418
99.599
-36.7038
-13.1186
-2.35961
-2.93033
2.63883
21.8153
7.77651
4.31291
30.1852
60.5575
-20.8949
-6.15085
-0.847606
-24.3569
-11.816
12.0691
5.6771
-91.7017
-21.1345
69.7472
3.51617
7.31575
2.52603
-17.0212
-4.45946
27.4136
13.0715
26.007
56.3809
76.4217
-36.6473
-17.4973
-3.07225
-15.589
-7.81832
-1.24706
-2.40615
-69.3882
-15.004
45.4869
4.91013
5.98941
1.92376
5.71036
7.39221
22.3441
10.7637
33.2973
54.2917
79.0717
-27.4226
-16.6249
-2.56602
-24.1245
-13.2966
-1.89175
-3.35144
-48.5286
-47.5533
-15.5422
-14.6007
-9.34853
-1.5711
-14.7056
-5.57396
-0.989557
-3.85312
11.9342
161.869
12.4377
-2.77556e-17
0
0
0
0
0
0
0
0
-1202.29
785.466
1148.08
0
0
0
0
0
0
0
0
0
-926.87
443.292
979.084
-6.3031e-15
0
0
0
0
0
0
0
0
-519.357
662.685
360.084
1.73122e-15
0
0
0
0
0
0
0
-1.47906e-14
-815.879
520.324
898.004
3.38746e-15
0
0
0
0
0
0
0
0
-694.022
465.331
554.263
2.94209e-15
0
0
0
0
0
0
0
0
-1188
538.104
1270.37
-3.44563e-14
0
0
0
0
0
0
0
0
166.752
177.906
-166.604
375.989
0
0
0
0
0
0
0
0
