2.89025
0.5533
0.403813
1.24502
-0.310705
0.289093
-1.22341
-2.3562
2.1685
-1.05732
-0.553495
-1.22588
-2.03445e-07
-1.407
0.756225
-1.14127
-1.01905
4.5
-2.72346
-0.75749
1.38424
4.04203
-4.40722
4.49997
-3.72227
-4.49996
2.99991
0.569872
0.383821
1.22356
-0.200803
0.190321
-1.21307
-2.32967
2.24267
-1.13656
-0.471685
-1.2775
0.0318164
-2.25817
0.0394884
0.0733303
-0.0236929
-0.335902
-0.23885
0.167955
0.0672041
-0.0490623
-0.196776
-0.18652
-0.125354
3.75312
-2.03181
0.569716
0.390682
1.13266
-0.0702887
0.0915492
-1.15392
-2.23059
2.22001
-1.12208
-0.631542
-0.945518
0.422509
-1.54957
-0.0107301
0.0157114
-0.91931
0.340818
-0.210221
-0.503794
3.23221
-3.09196
0.797326
-0.718617
2.48549
-4.14283
3.35967
0.565264
0.401366
1.01995
0.0705727
0
-1.09052
-2.11495
2.18375
-1.08874
-1.11324
-0.0949231
-1.44361
-0.163228
-0.705868
0.733114
2.61225
0.352656
-3.45574
0.168124
-2.06689
-0.0878018
0.294006
-1.20655
1.25304
-4.49638
-1.38832
0.437432
0.568002
1.36663
-0.599643
0
-0.76699
-2.3562
1.46092
-0.471355
-1.60916
0
-0.764918
-0.735228
-0.00296064
0.2297
0.840184
-1.93575
0.317564
0.920071
0.0245539
-2.4445
3.78673
-1.0265
0.229301
4.43441
-1.32002
0.309027
0.662849
1.61401
-1.1552
0.123483
-0.582292
-2.3562
0.641213
0.100717
-2.03279
-0.00232005
-1.30516
-1.29147
-0.302394
-0.847022
-0.0124049
-0.91318
0.299419
0.0596219
-0.000803436
1.00693
0.0227919
-0.826415
-0.00594324
-1.28483
2.33052
0.308721
0.664079
1.61565
-1.13464
0.0763737
-0.557381
-2.3562
0.638022
0.102528
-2.03263
-0.00464009
-1.84623
-0.73866
0.278143
0.00273076
2.84203
-1.48905
-0.164512
1.07876
-0.472698
-0.863713
-0.330184
0.00287253
-0.0135787
-2.62575
1.51934
0.460239
0.553954
1.32652
-0.523009
0.00850842
-0.812022
-2.35587
1.59106
-0.561711
-1.53439
-0.0096676
-1.54752
-0.00467331
1.64585
-3.43715
-0.697152
3.59551
-0.194448
-0.611028
3.68462
2.29489
-1.6311
4.49102
-0.731697
0.298158
4.45415
-30.89
-19.5212
15.6856
-31.893
-21.1409
5.73653
-59.9651
42.2116
33.8565
6.16559
-37.661
-17.3349
2.19335
49.8065
-18.6448
24.719
-59.9821
23.4813
15.7428
-2.62243
-18.3455
-4.03664
34.8983
-12.9652
-7.11634
1.16611
23.2399
42.815
-12.5905
-16.9208
24.3699
4.88543
2.20284
-18.8607
-100
47.6001
30.7466
18.8859
20.3653
9.5637
-26.3913
-7.33347
-0.427197
-8.58092
-15.097
-0.280099
60
38.4155
-2.47609
-5.85144
39.9641
8.71465
-0.901439
14.5333
-56.4865
-8.25964
60
39.5105
-24.4568
-24.6273
-28.8626
-14.6924
-1.69533
5.35858
1.64904
-2.93037
49.3502
32.2134
24.9943
19.379
-14.3498
-11.0632
-3.53105
14.2784
12.7806
6.26857
-4.00271
-0.460994
20.3272
16.1496
64.2553
115.375
6.06886
85.3581
-37.2241
79.6667
37.251
3.10768
-161.844
462.41
0
0
15.8689
48.7028
-8.73932
3.8191
114.263
157.903
-38.2211
59.3477
-125.256
357.875
0
0
31.2473
214.022
50.5582
19.7008
-9.86793
32.0378
9.86791
4.7385
-24.72
208.007
0
0
-31.7243
12.4013
31.7554
3.76812
4.24645
492.687
-177.076
1.10228
2.22757e-05
204.63
0
0
-15.8953
11.2214
16.7347
2.93132e-22
16.6374
22.5543
-16.6372
2.58808
84.9701
259.722
0
0
-22.9165
1.55567
22.9109
22.1025
-78.7046
314.828
-128.175
276.256
-4.49967e-08
94.199
0
0
80.8902
62.2007
15.1477
212.182
53.6174
0.855648
-53.618
24.3402
38.2361
109.246
0
0
71.2483
0
-71.2514
0
43.7314
35.5563
-31.2258
0
-4.32145e-06
7.64088
34.2261
97.7889
