2.2295
0.5533
0.403813
1.24502
-0.310705
0.289093
-1.22341
-2.3562
2.1685
-1.05732
-0.553495
-1.22588
-2.03445e-07
-1.407
0.756225
-1.14127
-1.01905
4.5
-2.72346
-0.75749
1.38424
4.04203
-4.40722
4.49997
-3.72227
-4.49996
2.99991
0.593647
0.335673
1.12567
0.0745816
0.000522246
-1.20077
-2.19949
2.39028
-1.3
-0.37324
-1.26978
-1.24835
-1.25625
0.127928
-0.214736
0.405004
-0.304073
-0.899796
0.282517
-0.676098
0.290124
-0.751889
-0.51704
0.510896
-3.91963
-0.10851
0.57339
0.380568
1.15392
-0.0322699
0.00653513
-1.12819
-2.2418
2.25017
-1.16229
-0.536605
-1.10897
-2.63417
-1.28707
-0.0770386
0.140768
0.0746772
-0.386778
0.0454185
0.227755
0.698412
-0.455346
0.44041
-0.69029
0.509163
-4.46281
-1.53328
0.54843
0.426597
1.18379
-0.150551
0.0223692
-1.05561
-2.26801
2.08799
-1.00377
-0.749058
-0.873343
-3.1334
-1.78068
-0.300316
0.537155
0.0976393
0.971289
1.47505
-1.20842
-0.294893
-0.92548
1.46225
-0.00110568
-0.236434
-1.51557
-3.57543
0.452883
0.553371
1.34847
-0.554328
0.0111846
-0.805329
-2.3562
1.54405
-0.536318
-1.3704
-0.315836
-2.68132
-1.95913
-0.536095
0.390968
1.13334
-2.78571
-0.0389445
3.24311
0.224177
-4.37845
2.65388
-2.36941
1.76143
1.78609
-0.579129
0.283619
0.678105
1.66529
-1.19034
0
-0.474952
-2.28655
0.346302
0.274955
-2.12745
-0.00195297
-2.14568
-2.13548
0.0828278
-0.0268895
0.295676
0.272578
-0.0393419
1.00834
-0.505491
0.57537
0.508051
-2.38335
0.978753
1.02351
2.79807
0.311599
0.663073
1.61224
-1.09302
0.00915165
-0.528377
-2.35509
0.650251
0.0925938
-2.02461
-0.00590394
-1.34829
-1.24152
0.681687
-0.72152
-0.167897
2.25425
1.1625
-1.38985
0.210573
2.71714
-0.691699
0.32817
-2.8053
2.76838
3.60517
0.541327
0.433498
1.20334
-0.304001
0.260983
-1.16032
-2.29619
2.06271
-0.969858
-0.759111
-0.897684
-0.524967
-0.0909827
0.78718
-3.23655
-2.07868
3.23284
0.652213
-2.01893
0.133279
4.46687
-4.42381
4.21256
-2.87921
2.55042
4.32268
-18.1032
-6.86752
12.9252
9.35488
-41.943
18.7729
-38.7465
29.2838
24.7961
0.101974
12.2214
3.73637
4.3694
12.574
-52.3982
21.8533
-52.7427
30.8494
-20.7727
-15.5636
25.8789
10.8127
5.90826
13.7139
-41.7952
23.79
-13.8732
31.2788
-20.8039
-13.9247
-28.277
-12.3008
15.8182
-33.2981
-57.3516
7.10568
30.6395
48.2201
15.754
14.9731
-51.8782
-25.6701
0.760436
21.9675
-3.77513
9.38952
54.1507
43.9078
7.68002
15.6617
58.0955
38.1502
30.2311
-7.37444
-1.38644
5.66491
58.3713
38.2568
-22.0554
-9.78356
-32.9139
-10.9182
1.55994
33.6847
9.43298
2.82481
20.4529
11.7431
22.2766
9.02058
2.37523
-3.11901
1.26977
-19.5789
-14.6791
2.75638
7.61243
17.5712
-20.0868
-9.3212
25.635
93.6785
10.2802
8.97065
5.57807
170.59
81.3322
77.7255
-106.542
304.338
0
0
7.18459
20.2734
3.02033
0.0380398
39.5843
202.581
-35.9891
48.2111
-127.51
364.793
0
0
43.3616
40.9835
-26.4209
0.017391
41.4002
222.014
-41.3828
46.1755
-63.3483
320.06
0
0
0.646804
130.499
4.62966
29.8393
-19.0577
156.827
-49.1003
37.5024
-0.0627458
221.896
0
0
5.02661
31.8204
-4.4886
0
-7.63675
86.0946
7.7073
17.0252
56.3001
168.038
0
0
73.1569
244.013
74.907
179.027
-36.0663
155.116
-42.1964
68.5045
52.1527
149.008
0
0
-0.304001
38.0164
0.304061
2.86617
2.27655
37.7749
-2.41896
22.5927
0.000206352
66.0553
0
0
-1.34702
12.2017
-2.95197
1.81632e-13
16.8775
57.8497
13.3166
28.4208
-42.0479
120.137
27.7879
79.3939
