0.584218
4.3
0.666251
0.100094
-0.116262
0.750257
-0.734089
-0.834188
0.750068
-0.0159739
-0.148498
-0.670033
0.0176078
-0.297781
0.25
0.142218
2.27194
-1.03965
-1.85576
0.623476
-1.61207
-0.380518
-0.279353
2.02843
1.39888
-0.314955
-0.855616
4.28513
0.66684
0.139616
-0.198283
0.788253
-0.729589
-0.878738
0.71831
0.00388659
0.0207944
-0.553283
0.0127817
-0.331991
0.225582
0.132759
2.03222
-0.935794
-1.62489
0.506522
-1.4324
-0.348995
-0.250826
1.92292
1.54603
-0.0467004
-0.523661
4.29934
0.676021
0.29624
-0.280305
0.672796
-0.688112
-0.992495
0.686552
-0.00623549
0.190086
-0.405994
0.0300779
-0.328549
0.198232
0.0880564
1.78306
-0.828942
-1.40044
0.44633
-1.32811
-0.218122
-0.160265
1.81655
1.32622
0.223488
-0.188062
4.31265
0.681652
0.43813
-0.354306
0.570466
-0.65322
-1.1039
0.671647
-0.0163576
0.359378
-0.359152
0.0664842
-0.301357
0.16218
0.0512262
1.55729
-0.767303
-1.14802
0.342122
-1.29499
0.0275725
-0.280695
1.70966
1.11651
0.481504
0.0889687
4.3258
0.684287
0.571411
-0.428307
0.486836
-0.625318
-1.22154
0.683205
-0.040631
0.52867
-0.267118
0.102891
-0.252812
0.144079
0.0225061
1.32722
-0.65024
-0.957848
0.280867
-1.194
0.204008
-0.337242
1.52279
0.865721
0.484744
0.309614
4.33985
0.685118
0.685541
-0.479868
0.403207
-0.60888
-1.329
0.713269
-0.0729839
0.68743
-0.175083
0.139297
-0.184501
0.149451
0.00587182
1.10738
-0.446452
-0.900199
0.262874
-1.03435
0.326964
-0.400115
1.42381
0.758479
0.353142
0.510162
4.35487
0.683956
0.796444
-0.527245
0.320887
-0.591336
-1.43645
0.752241
-0.111917
0.846189
-0.0830492
0.166609
-0.0977659
0.147418
-0.0133195
0.967375
-0.347489
-0.800999
0.181113
-0.977112
0.486127
-0.516246
1.37241
0.652064
0.145805
0.76265
4.37005
0.681184
0.902188
-0.57071
0.242304
-0.573791
-1.54391
0.802583
-0.160865
1.0114
0
0.17639
0
0.150482
-0.0329931
0.901592
-0.330769
-0.67485
0.104035
-0.940929
0.539547
-0.50021
1.31817
0.521432
-0.0337675
0.906855
-46.2218
-31.7866
-2.148
86.2703
12.4429
21.0038
-1.8164
-4.9574
5.8712
2.01708
-57.0037
-38.6699
8.0678
99.4966
37.0841
35.7801
-3.78758
-7.05796
6.80744
2.21613
-44.2935
-25.4004
13.5615
94.0033
28.2463
26.451
1.66207
-3.64017
9.42392
3.03902
-43.6888
-23.8828
13.3033
100
31.4585
28.5306
5.64955
-1.56994
12.613
4.37951
-17.7365
-12.1669
-4.86451
88.117
1.30012
5.77091
6.32797
-1.35964
5.67026
-0.15693
9.32511
5.07668
-0.117581
70.6829
-21.0271
2.33955
15.6963
4.23928
13.415
4.32785
-0.0057236
1.10028
6.85326
80.9481
6.90868
28.3134
11.2445
1.87668
11.3522
3.50292
-3.59283
-1.8706
8.84388
83.8445
17.2021
45.0027
21.8926
8.46268
16.8109
6.30246
-24.0717
63.7356
-17.5523
56.8527
-19.1831
292.236
-3.84031
130.636
0
0
0
0
-34.571
142.395
-27.1342
33.9013
-2.90387
312.014
2.01962
35.399
0
0
0
0
-32.5833
152.056
-20.2067
-1.46955e-13
1.64969
281.794
-1.49027
92.8831
0
0
0
0
-26.7584
149.639
-25.0893
0
3.97248
294.99
7.82357
95.5254
0
0
0
0
-8.42937
5.95869
-7.13663
38.83
-17.2989
245.977
17.2989
253.505
0
0
0
0
2.41786
0.766599
-2.44193
0
-17.8717
284.465
-15.5326
296.021
0
0
0
0
19.5793
57.464
-19.5793
1.24137
-26.7489
339.273
8.98786
122.903
0
0
0
0
-0.567117
85.0499
19.5645
36.326
-4.85277
402.256
-16.7881
28.9134
0
0
0
0
