1.24837
-0.0464
0.746369
-0.169224
0.0257757
0.185874
-0.0424256
-1.0044
0.1504
0.2794
-0.6654
-0.6273
0.6999
-0.2915
0.651078
-0.00744983
-1.3093
1.64513
1.3366
-1.67243
-1.32231
2.0655
-1.296
1.0569
-1.959
-1.39841
-1.3982
0.0879828
0.737625
-0.402722
0.520916
0.0874111
-0.231439
-1.24022
0.518757
0.105528
-0.481594
-0.791249
0.697772
-0.58783
0.750578
-0.114646
-1.54497
2.99022
-0.55212
-0.893122
-0.870548
3
0.180896
1.03066
-0.70732
-0.0119266
-1.67599
0.0414165
0.745218
-0.65217
0.733
0.0137156
-0.112583
-1.44312
1.05377
0.209519
-0.471833
-0.766995
0.736137
-0.886724
0.364851
0.0664264
-0.332564
1.18921
-0.810781
0.666462
-1.78931
2.55286
0.583099
0.0547345
0.103736
0.223977
-2.12943
0.0372079
0.743651
-0.711481
0.733
0.121285
-0.166313
-1.76222
1.5865
0.31351
-0.415464
-0.631115
0.776081
-1.13582
0.107875
-0.0208056
0.296086
-0.429335
0.603175
-0.469926
-2.97487
2.98716
-0.474103
0.316076
0.761933
-0.0764253
-1.39677
0.0189185
0.744855
-0.658678
0.656435
0.115363
-0.146992
-2.29275
2.11922
0.30972
-0.247962
-0.433523
0.762452
-1.26977
-0.102557
0.00674802
0.681467
-0.811815
-0.0560565
0.186405
-3
2.97163
-0.0212881
0.939245
1.10797
-0.4155
-0.751073
0.0179604
0.744227
-0.537147
0.525887
0.129207
-0.147502
-2.3562
2.618
0.492009
0.00543277
-0.206688
0.757412
-1.2585
0.096722
-0.00805641
-0.234194
0.336019
0.0973621
-0.20555
-0.337479
-0.219214
1.02214
1.42087
1.27193
-0.0048931
0.0450583
0.0528374
0.742916
-0.578913
0.624043
0.120847
-0.184146
-2.13813
2.57891
0.667522
0.220649
0
0.852695
-1.18907
0.195565
0.00199031
-0.810626
1.43964
-0.677624
0.116469
1.2228
-1.47447
0.23899
0.564059
1.15866
0.573403
0.565143
0.0877145
0.74322
-0.56885
0.733
0
-0.210892
-1.92005
2.31595
0.656166
0.230265
0
0.85355
-1.19701
0.018547
-0.00654044
0.0564221
-0.11723
0.187165
-0.149982
-0.0494144
0.0507727
-0.0637003
0.0539222
-0.109181
0.0048059
-0.0445751
45.8098
43.9462
40.3838
-24.9357
-6.59673
-0.194815
-2.13637
-0.755214
6.62071
2.46576
-63.4518
1.45625
92.1172
-8.43496
1.12078
1.12358
-16.8741
-3.8202
21.077
6.49514
16.8054
44.2299
60.9201
-37.2173
-15.8247
-2.84234
-7.83494
-2.23593
4.20401
1.01149
-50.0185
-1.57981
65.3506
-13.4156
-1.36433
-0.233797
-2.08007
2.84742
12.3289
4.6049
0.079035
30.0182
61.9309
-13.4078
-6.42428
-0.107923
-8.08011
-3.47489
0.701031
-1.73494
-9.71376
21.3352
65.9871
-10.5259
-8.66499
-1.69795
-16.1474
-7.81639
10.9263
3.28548
-2.01932
30.0313
69.4649
-13.8861
-1.13362
0.2015
-24.0254
-12.6961
5.53671
0.298904
-58.458
-32.1553
-4.18543
-12.5991
-0.98049
0.55578
-5.88634
-2.01643
-1.53096
-4.80152
47.0625
284.555
52.5319
1.52549e-14
0
0
0
0
0
0
0
0
-1538.82
767.794
1418.72
0
0
0
0
0
0
0
0
0
-975.27
448.082
1054.2
2.6823e-13
0
0
0
0
0
0
0
0
-1035.83
569.372
919.935
0
0
0
5.0089e-15
0
0
0
0
0
-300.213
480.175
347.017
0
0
0
0
0
0
0
0
0
-700.813
534.573
636.98
-2.4869e-14
0
0
0
0
0
0
0
0
-1062.17
534.838
1110.55
0
5.16229e-16
0
0
0
0
0
0
0
-285.918
204.017
285.943
350.246
0
0
0
0
0
0
0
0
