1.67471
-2.72247e-07
0.68419
0.2728
0.150793
0.0587981
-0.482391
-0.726679
-5.11052e-11
0.453879
-0.660001
-0.625101
0.69
-0.295099
-0.0218199
-0.0106448
0.607326
-1.6311
2.00149
-0.977718
0.855323
-3
1.53735
1.9576
0.534
0.0388997
-0.7497
-0.0224945
0.676539
0.294521
-0.08308
0.431234
-0.654098
-0.81716
0
0.527173
-0.254061
-0.525735
0.697238
-0.33348
-0.121961
-0.0777544
0.406289
-1.26198
1.44614
-0.628042
0.630106
-2.46066
1.30326
2.17641
0.427659
-0.156981
-0.220412
-0.0360448
0.66538
0.344024
-0.252794
0.645814
-0.737044
-0.877851
0.0348142
0.499013
0.0626685
-0.532766
0.629157
-0.348894
-0.187961
-0.059461
0.270055
-0.926805
0.888398
-0.279887
0.396239
-1.90243
1.03017
1.69523
-0.0407557
-0.374199
-0.0803023
-0.0403376
0.651566
0.407617
-0.397942
0.8103
-0.789876
-0.941701
0
0.591083
0.385833
-0.541414
0.561075
-0.335706
-0.191368
-0.109676
0.141539
-0.786003
0.761632
-0.17343
0.276815
-1.34503
0.485333
1.72888
-0.050812
-0.37052
0.0789073
-0.0695676
0.645659
0.433832
-0.506518
0.895721
-0.822734
-1.03955
0.0512204
0.571254
0.674834
-0.550062
0.57139
-0.322518
-0.109024
0.0146088
0.307366
-0.579955
0.201782
0.0204375
-0.0624501
-0.787075
0.140467
1.54054
-0.148462
-0.350579
0.0797702
-0.0672119
0.646518
0.492474
-0.556022
0.883961
-0.819291
-1.06932
0.00877662
0.568074
0.871539
-0.658762
0.504434
-0.255906
0.0154124
0.00430411
0.390463
-0.332315
-0.0754982
0.0193422
-0.233014
-0.226394
-0.0200169
1.04498
-0.587713
-0.344291
-0.203022
-0.0653293
0.647588
0.546696
-0.601123
0.870275
-0.815848
-1.13029
0.0289078
0.554686
1.00188
-0.767461
0.437478
-0.297699
0.0107692
0.00604336
0.267103
-0.21733
-0.0722584
0.0177072
-0.320156
0.144098
-0.0920553
0.693598
-1.00956
-0.338163
-0.191431
-0.0633914
0.64864
0.597374
-0.642986
0.85729
-0.811678
-1.19126
0.0563438
0.53762
1.04243
-0.972362
0.370522
-0.339491
0.00756724
0.00174057
0.238891
-0.21049
-0.0406349
0.0228751
-0.320654
0.185332
-0.0967309
0.218406
-1.1019
-0.336163
-0.188843
-0.062072
0.648921
0.69812
-0.73949
0.85269
-0.811083
-1.3101
0.0963304
0.515648
1.04471
-1.17726
0.34744
-0.381284
-0.0205291
0.00217045
0.378536
-0.423513
0.025786
0.00308923
-0.54641
0.284876
-0.203875
0.0174513
-1.10245
-0.102818
-0.186637
-0.0600963
0.649286
0.810111
-0.844795
0.845171
-0.810488
-1.44141
0.140795
0.490419
1.047
-1.38216
0.324357
-0.423077
0.0129344
0.000989944
0.627485
-0.589068
-0.0382355
-0.000182262
-0.73248
0.244767
-0.130554
0.0154835
-1.10416
-0.100758
-0.186201
12.3516
18.7922
33.118
14.3188
17.2191
14.7535
-0.738814
-0.503064
6.23667
1.55262
13.568
7.09964
39.1226
57.7472
42.0399
19.0678
-6.55961
-7.82454
20.8157
6.92982
13.031
-12.4193
26.953
4.68571
5.4029
1.64925
-1.5967
-3.66953
4.11545
-0.714711
-28.4756
-26.2057
31.7725
83.5555
46.8736
3.22475
15.2364
3.62256
22.4743
8.30247
7.46124
-56.0856
11.2579
-11.6217
-6.21484
-6.7623
6.17797
-1.08434
6.55753
0.21164
-11.2501
-13.5227
15.138
72.2281
23.5892
-30.6879
11.3133
0.800725
18.1038
5.83087
1.1954
-33.4989
2.64575
37.1287
14.5932
-12.3279
11.3221
1.44647
10.1348
2.03197
-3.83908
-4.34617
11.3912
70.9956
8.14414
-52.3249
13.2242
2.564
19.3955
6.34674
5.98881
-27.2966
7.72843
39.0485
12.5429
-12.2496
15.9216
3.85352
17.1524
5.89022
32.7602
-0.729562
35.668
42.6106
25.6123
14.9614
13.9889
2.82725
19.4717
6.4712
39.5083
221.463
16.6207
-9.28649e-14
-31.1625
165.425
-26.7364
0
0
0
0
0
1.0191
268.837
58.812
5.3546
-83.7921
354.776
-72.9922
90.9602
0
0
0
0
18.7135
212.535
77.7786
92.6065
-61.3098
81.3624
18.5589
40.7832
0
0
0
0
-43.1466
268.03
42.1849
0
12.3163
230.202
-77.3859
172.874
0
0
0
0
58.2561
183.508
103.17
277.709
-14.8739
0.949347
-6.04448
50.1863
0
0
-3.23216e-15
0
-2.68192
133.707
2.8288
12.9801
-79.8872
78.9618
26.5978
348.318
0
0
0
-8.62513e-15
40.4365
90.152
53.8491
179.236
-24.9941
85.7504
-28.411
178.832
0
0
0
0
-0.925517
93.0916
0.92754
0
-24.4786
2.97645e-16
-20.1188
473.098
0
0
0
0
42.2947
111.293
49.9674
152.314
-33.404
89.1543
-18.1665
182.076
0
0
0
0
24.1848
238.153
71.3879
34.6254
-64.4463
236.175
-34.0321
45.1925
0
0
0
0
