0.25
4.29536
0.71269
0.667363
-0.456003
0.222253
-0.433613
-1.00875
0.0018558
0.339534
0.27096
-0.588212
-0.702574
-0.771442
0.164248
0.0591189
0.637441
1.07471
-3
1.28785
1.08927
-2.9163
1.18959
0.278543
2.98169
1.81034
-3
4.30014
0.716064
0.637738
-0.403913
0.184973
-0.417072
-0.96985
0
0.3322
0.341363
-0.483214
-0.514851
-0.876478
0.185859
0.0290686
0.686999
1.06969
-2.99229
1.23505
1.02113
-2.81396
1.11484
0.361886
3
1.90704
-2.94432
4.28049
0.708973
0.553826
-0.356907
0.203725
-0.407822
-0.916989
0
0.360673
0.358694
-0.378878
-0.397261
-0.978874
0.165373
0.0592729
0.715186
0.96814
-2.91717
1.21088
0.919632
-2.73514
1.09622
0.45864
2.91909
2.02526
-2.87212
4.28564
0.711319
0.535811
-0.318112
0.178859
-0.408134
-0.884482
0
0.346164
0.379646
-0.278515
-0.320318
-1.08448
0.136865
0.0490462
0.671641
1.00265
-2.99001
1.31729
0.868572
-2.6318
1.09036
0.547368
2.85138
2.12867
-2.77051
4.29156
0.713416
0.464666
-0.218427
0.143979
-0.409185
-0.828904
0.0362865
0.328153
0.401658
-0.180129
-0.244642
-1.2255
0.0936231
0.0378913
0.657276
0.920871
-2.92
1.34223
0.768983
-2.55559
1.12423
0.567295
2.75397
2.22454
-2.71111
4.29462
0.715512
0.431543
-0.165519
0.109093
-0.381536
-0.801758
0.0457992
0.359006
0.423669
-0.0853302
-0.187992
-1.32177
0.0479268
0.0374965
0.666268
0.887774
-3
1.41979
0.710849
-2.56361
1.18649
0.516199
2.65553
2.29873
-2.63994
4.2959
0.716742
0.423311
-0.11166
0.0193702
-0.33102
-0.771491
0
0.399495
0.441252
-0.0943004
-0.128461
-1.53921
0.0137922
-0.0330564
0.624034
0.880313
-2.95663
1.39861
0.677832
-2.54714
1.18634
0.434421
2.68039
2.37946
-2.58232
4.2715
0.716615
0.362581
-0.0818857
0
-0.280503
-0.748804
0
0.439699
0.460167
0
-0.0418573
-1.63121
0.000896818
-0.0204554
0.646885
0.855925
-2.98943
1.46532
0.604837
-2.50373
1.25213
0.463717
2.63715
2.44748
-2.59969
46.125
19.4123
26.1943
-3.11537
2.54309
3.45579
18.1809
5.95602
4.9291
5.12951
-16.2251
-6.94063
7.68246
56.6006
33.6032
6.93299
12.3602
2.93799
-11.0015
-6.40824
52.8888
21.2094
28.3036
-4.12556
0.630665
-0.0761294
25.0151
7.06266
-34.3002
-9.16089
-12.8738
-7.54894
5.12774
34.7807
20.8591
3.68977
7.26838
1.05996
-18.843
0.395585
41.4321
18.9504
23.197
-9.05077
-5.10318
-4.36935
21.3534
5.4042
-16.6507
1.05894
-23.6099
-12.9837
4.86906
26.4242
14.1965
2.1393
3.75418
-0.429693
-12.2817
7.13419
30.5089
20.3637
16.9231
-14.3434
-7.15851
-4.65464
15.3133
4.92103
-5.2991
8.08797
-21.5703
-3.62181
17.1603
27.8872
18.9857
6.2192
12.9131
4.42352
1.25703
10.7142
76.9091
242.593
78.6771
201.693
-29.7565
112.904
-27.6153
51.8563
0
0
0.539574
16.1872
-4.43768
90.9984
4.74717
36.4385
0.689526
143.472
0.139492
114.141
0
0
-27.3434
17.7497
97.5437
284.325
97.2236
271.805
-40.2558
135.549
-39.9623
99.169
0
0
-111.546
38.0131
-2.37759
71.6204
2.37289
39.5144
0.666684
93.2663
1.87624
77.7604
0
0
-84.0917
24.1959
93.2973
249.685
86.6409
264.467
-48.6406
146.794
-48.5239
138.971
0
0
-87.3169
28.8108
-2.94634
94.9409
2.95311
69.7833
0.694531
70.3163
2.27322
61.7683
0
0
-82.6442
26.1776
72.5257
189.13
64.3752
202.153
-37.327
105.323
-34.1753
97.5418
0
0
-69.4288
20.9924
22.7113
250.369
30.2518
191.308
1.21465
84.3235
-0.35165
38.385
0
0
-46.5972
10.2917
