3.5
-0.0413
0.74672
-0.165135
0.0314649
0.182093
-0.0484229
-1.011
0.1492
0.2787
-0.6653
-0.6266
0.6984
-0.2922
0.89788
-0.000201371
-1.18213
1.91717
1.30158
-2.03661
-1.4993
1.9997
-1.3026
1.0007
-2.0003
-1.5692
-1.4993
-0.0454866
0.746671
-0.151505
0.017465
0.169941
-0.0359007
-1.1176
0.155929
0.280609
-0.638666
-0.591536
0.635738
-0.343698
0.798116
-0.000178998
-1.05078
1.70415
1.15696
-1.81032
-1.33271
1.77751
-1.15787
0.889511
-1.77804
-1.39484
-1.33271
-0.0496732
0.746623
-0.137876
0.00346524
0.157789
-0.0233786
-1.2242
0.162658
0.282518
-0.612032
-0.556473
0.573075
-0.395195
0.698351
-0.000156625
-0.919435
1.49113
1.01234
-1.58403
-1.16612
1.55532
-1.01313
0.778322
-1.55579
-1.22049
-1.16612
-0.0538599
0.746574
-0.124246
-0.0105346
0.145637
-0.0108564
-1.3308
0.169387
0.284427
-0.585398
-0.521409
0.510413
-0.446693
0.598587
-0.000134252
-0.788087
1.27811
0.867717
-1.35774
-0.999533
1.33313
-0.8684
0.667133
-1.33353
-1.04613
-0.999533
-0.0580465
0.746526
-0.110617
-0.0245344
0.133485
0.00166573
-1.4374
0.176117
0.286336
-0.558764
-0.486346
0.447751
-0.49819
0.498822
-0.000111879
-0.656739
1.06509
0.723097
-1.13145
-0.832945
1.11094
-0.723667
0.555944
-1.11128
-0.871778
-0.832945
-0.0622331
0.746477
-0.0969869
-0.0385342
0.121333
0.0141879
-1.544
0.182846
0.288245
-0.53213
-0.451282
0.385089
-0.549688
0.399058
-8.95064e-05
-0.525391
0.852075
0.578478
-0.905162
-0.666356
0.888756
-0.578933
0.444755
-0.889022
-0.697422
-0.666356
-0.0664197
0.746429
-0.0833572
-0.052534
0.109181
0.02671
-1.6506
0.189575
0.290154
-0.505496
-0.416219
0.322426
-0.601185
0.299293
-6.71335e-05
-0.394043
0.639056
0.433858
-0.678871
-0.499767
0.666567
-0.4342
0.333567
-0.666767
-0.523067
-0.499767
-0.0706063
0.746381
-0.0697276
-0.0665338
0.0970292
0.0392322
-1.7572
0.196304
0.292063
-0.478862
-0.381155
0.259764
-0.652683
0.199529
-4.47605e-05
-0.262695
0.426037
0.289239
-0.452581
-0.333178
0.444378
-0.289467
0.222378
-0.444511
-0.348711
-0.333178
-0.0747929
0.746332
-0.0560979
-0.0805336
0.0848772
0.0517543
-1.8638
0.203033
0.293972
-0.452228
-0.346092
0.197102
-0.70418
0.0997643
-2.23876e-05
-0.131348
0.213018
0.144619
-0.22629
-0.166589
0.222189
-0.144733
0.111189
-0.222256
-0.174356
-0.166589
-0.0789796
0.746284
-0.0424682
-0.0945335
0.0727252
0.0642765
-1.97039
0.209762
0.295881
-0.425594
-0.311028
0.13444
-0.755678
-1.45269e-07
-1.46798e-08
3.28374e-07
-5.53597e-07
8.89456e-10
2.24335e-07
-2.73015e-07
2.69956e-08
4.04545e-08
-2.33767e-07
-1.72628e-07
-1.50635e-07
-2.15865e-07
-53.0356
-38.38
-4.40871
36.7522
8.34252
-1.99494
30.9506
32.6988
-9.75029
-8.37416
-50.2087
-36.2435
-4.41305
37.8819
11.5396
-1.04593
29.2713
29.9921
-7.18207
-4.70337
-48.493
-34.7614
-4.5709
37.3391
13.817
-0.276639
28.1155
27.7708
-4.24713
-0.664617
-47.85
-33.8956
-4.87676
35.1201
15.1672
0.313568
27.4024
26.0239
-0.98174
3.61298
-48.126
-33.5379
-5.30725
31.3091
15.6285
0.737612
27.0068
24.7018
2.52488
7.94185
-49.0244
-33.4953
-5.81695
26.1051
15.2957
1.02218
26.7619
23.7099
6.11833
12.0764
-50.1062
-33.4946
-6.33867
19.8293
14.3215
1.20622
26.477
22.9128
9.58309
15.7342
-50.8338
-33.2122
-6.79061
12.8991
12.9013
1.33523
25.9729
22.1544
12.6699
18.6393
-50.658
-32.3292
-7.09015
5.76288
11.2401
1.45209
25.1255
21.2912
15.1432
20.5779
-49.927
-30.9357
-7.29743
0.865839
9.60264
1.38074
22.1025
18.9452
19.5649
23.0568
-42.4243
123.353
-42.4243
111.098
0
0
0
0
0
0
0
0
-40.8618
124.134
-40.8618
115.32
0
0
0
0
0
0
0
0
-40.1212
125.768
-40.1212
120.488
0
0
0
0
0
0
0
0
-40.1866
128.15
-40.1866
126.45
0
0
0
5.99968e-15
0
0
6.48238e-15
0
-40.9553
131.069
-40.9553
132.911
0
0
0
0
0
0
0
2.1456e-14
-42.2148
134.188
-42.2148
139.425
0
-4.84706e-15
0
0
0
0
0
0
-43.6399
137.067
-43.6399
145.42
0
0
0
0
0
0
0
0
-44.8234
139.216
-44.8234
150.284
0
0
0
0
0
0
0
0
-45.3413
140.194
-45.3413
153.486
9.81105e-15
0
0
-5.4609e-15
0
0
2.47183e-15
0
-45.2618
139.273
-45.2618
154.586
0
0
0
0
0
0
0
0
