0.25
4.29536
0.71269
0.667363
-0.456003
0.222253
-0.433613
-1.00875
0.0018558
0.339534
0.27096
-0.588212
-0.702574
-0.771442
0.164248
0.0591189
0.637441
1.07471
-3
1.28785
1.08927
-2.9163
1.18959
0.278543
2.98169
1.81034
-3
4.2955
0.71281
0.637251
-0.417847
0.206895
-0.428831
-0.992653
0.0306072
0.323767
0.277108
-0.485522
-0.774123
-0.63106
0.127178
0.059827
0.535248
1.06837
-2.89286
1.28924
1.08507
-2.81028
1.18997
0.17216
2.87527
1.74033
-2.89286
4.29786
0.71335
0.618142
-0.381625
0.178644
-0.415161
-0.98059
0.0519209
0.31058
0.279452
-0.387806
-0.811485
-0.550794
0.0888244
0.0552364
0.481317
1.01421
-2.78571
1.29019
1.0279
-2.70426
1.19504
0.0656196
2.76876
1.64715
-2.78603
4.29989
0.714129
0.61527
-0.347631
0.121536
-0.389176
-0.969653
0.0424651
0.311918
0.277984
-0.292739
-0.824322
-0.521341
0.0536888
0.0375596
0.447106
0.951837
-2.67857
1.27963
0.949817
-2.5999
1.20298
-0.0411099
2.66217
1.54088
-2.6792
4.30113
0.7147
0.617773
-0.315791
0.0559213
-0.357903
-0.953771
0.00989963
0.326099
0.272696
-0.201487
-0.813067
-0.5381
0.0298245
0.0144889
0.42876
0.893502
-2.57212
1.24986
0.86826
-2.49276
1.19574
-0.148064
2.55504
1.4393
-2.57426
4.30219
0.714582
0.59821
-0.284574
0.0357094
-0.348808
-0.928582
0.000902232
0.333101
0.263582
-0.114058
-0.809338
-0.53367
0.0215308
0.00773241
0.385749
0.875569
-2.46773
1.20641
0.842743
-2.38657
1.15801
-0.255178
2.44803
1.37528
-2.46715
4.30354
0.712662
0.589967
-0.273385
0.0235791
-0.307121
-0.920583
0
0.351788
0.250648
-0.081741
-0.762634
-0.600113
0.0140378
0.00482277
0.278744
0.924617
-2.3706
1.16724
0.887075
-2.28597
1.12015
-0.36216
2.34109
1.30772
-2.36004
4.30917
0.708909
0.572776
-0.240426
0
-0.265743
-0.900751
0
0.39147
0.235741
0
-0.715929
-0.672106
0.00853957
0.00187027
0.226182
0.922872
-2.28132
1.16334
0.903561
-2.23427
1.11178
-0.41739
2.28875
1.24489
-2.28364
45.0891
32.3784
36.2971
57.0829
36.5995
11.9875
6.99149
-2.5377
-53.3721
-26.3906
48.6425
34.9989
38.6152
50.1527
39.9539
28.3421
6.79528
-2.00794
-52.4268
-26.7886
34.7169
22.5773
25.9947
50.8526
32.4258
13.6049
7.49218
-0.668357
-56.6651
-29.881
47.2139
36.3946
37.4117
41.0079
33.2709
24.4104
6.13635
-1.10154
-56.0489
-30.0988
31.3493
23.6234
22.4837
55.2496
36.2887
13.673
6.90492
0.0227571
-54.6611
-31.1848
54.7934
47.1168
44.8978
36.2543
32.9326
25.4362
5.78764
-1.13741
-37.8533
-19.9739
5.97312
9.6473
16.5514
83.4384
52.8864
18.055
5.52824
-1.11592
-37.2793
-19.3639
49.8828
42.9932
39.4324
2.16744
7.54895
9.64397
12.804
4.38613
-60
-28.1455
-228.162
228.859
308.715
1.29099
-12.0492
217.325
-17.7277
121.88
0
0
-109.638
42.5241
-310.309
243.012
396.381
2.90904
0.0743795
285.021
-54.5304
16.1034
0
0
-104.368
40.4799
-298.713
190.338
388.327
65.704
78.594
193.56
-98.4871
85.646
0
0
-105.966
31.889
-237.195
242.142
327.638
16.2665
81.6845
235.602
-122.354
6.86912
0
0
-102.714
30.7979
-226.531
178.533
320.872
91.0094
70.4209
181.403
-77.1706
82.6623
0
0
-85.0277
3.53874
-252.088
284.541
352.974
3.70229
24.8013
263.417
-85.6238
10.909
0
0
-67.5157
24.0779
-340.998
158.139
376.003
33.1827
283.474
237.727
-283.474
119.591
0
0
-64.1265
24.872
-163.397
331.685
317.195
107.738
204.38
75.6117
-227.584
0.000672653
0
0
-129.607
50.2692
