1.21238
-0.0464
0.746369
-0.169224
0.0257757
0.185874
-0.0424256
-1.0044
0.1504
0.2794
-0.6654
-0.6273
0.6999
-0.2915
0.651078
-0.00744983
-1.3093
1.64513
1.3366
-1.67243
-1.32231
2.0655
-1.296
1.0569
-1.959
-1.39841
-1.3982
0.0802096
0.738273
-0.396178
0.509761
0.0730374
-0.218152
-1.23342
0.508138
0.03317
-0.482349
-0.750913
0.705181
-0.533664
0.731018
-0.102387
-1.50211
2.97904
-0.681235
-0.795691
-0.710506
3
-1.42098
1.34273
-0.713694
0.0305261
-2.03658
0.0448733
0.744375
-0.649041
0.733
0.0208164
-0.131714
-1.46312
1.02773
-0.21306
-0.427341
-0.754025
0.752802
-0.779564
0.419388
0.079458
-0.525622
1.18789
-0.301422
0.499078
-1.42391
1.96701
-0.522376
0.317059
0.017174
0.25601
-1.41225
0.0227862
0.744586
-0.739969
0.733
0.133387
-0.148755
-1.70971
1.46227
-0.303649
-0.413333
-0.653837
0.800423
-0.930262
0.0238517
-0.0155211
0.519637
-0.806434
0.649875
-0.363079
-2.99816
2.52704
-0.0348822
0.0802531
0.578743
-0.0892113
-0.862264
-0.00257855
0.745695
-0.649645
0.593273
0.152683
-0.114486
-2.22897
1.97176
-0.255335
-0.305247
-0.484209
0.784985
-1.0066
-0.14817
0.00928417
0.741182
-0.842498
-0.255082
0.356398
-2.99998
2.94191
0.330669
0.624623
0.979675
-0.304879
-0.377392
0.0158026
0.747269
-0.530722
0.522031
0.120043
-0.149935
-2.3562
2.48124
-0.190345
-0.0598391
-0.265207
0.826779
-1.0683
0.161338
-0.00676896
-0.506091
0.796953
-0.0836817
-0.208218
-0.605399
1.0685
0.688833
1.41716
1.26465
0.253717
0.0501822
0.0487719
0.745035
-0.618371
0.668361
0.101011
-0.177648
-2.26934
2.6056
-0.0773461
0.185569
-0.046225
0.870718
-1.05959
0.190392
-0.0133832
-0.856243
1.26806
-0.239208
-0.160102
0.502274
0.303013
0.391478
0.732042
1.17686
0.738921
0.402317
0.0823594
0.744036
-0.609506
0.733
0.0551916
-0.195696
-2.18247
2.60526
-0.0838018
0.19253
-0.0644755
0.873537
-1.06623
0.00663506
0.00139273
0.0511743
0.0908257
-0.264455
0.122455
-0.0319058
-0.00198866
-0.0372787
0.0402187
-0.105434
0.0163407
-0.038407
36.9604
36.6166
39.5766
-18.3136
-4.22702
-0.388658
1.00437
1.48345
-2.83712
-6.06451
-58.5652
6.28452
91.7368
-12.6224
-1.14462
0.282182
-14.7481
-3.0101
29.5812
13.7661
20.4925
46.984
64.0692
-40.2676
-18.1147
-2.69558
-13.7558
-5.61444
2.91295
0.0485815
-68.2639
-13.821
61.0441
-5.2001
4.4964
1.13148
0.816393
4.88814
17.0775
7.5439
22.8946
42.9475
66.2127
-21.7056
-11.5882
-1.62849
-13.2137
-6.78104
-4.19535
-4.9933
-18.3468
15.6974
62.5799
-7.78707
-3.41528
-0.810649
-9.58876
-3.81516
12.2047
3.75342
-1.4354
32.1656
69.8924
-15.6649
-5.34899
-0.798404
-26.3285
-13.9487
4.83167
0.170232
-65.6759
-45.8497
-15.4262
-8.84719
-2.2881
-0.626229
-7.53739
-2.81679
-1.3373
-4.37646
40.1924
295.43
42.7885
0.226095
0
0
0
0
0
0
0
0
-1418.19
751.667
1304.93
5.77316e-14
0
0
0
0
0
0
-1.18343e-15
0
-469.802
473.491
553.904
-1.38556e-13
-2.07923e-13
0
0
0
0
0
0
0
-1363.13
552.908
1218.33
0
0
-4.82815e-16
0
0
0
0
0
0
-736.803
495.903
809.293
-8.76521e-14
2.01315e-17
0
0
0
0
0
0
0
-569.349
513.235
493.932
-2.22045e-15
0
0
0
0
0
0
0
0
-478.345
541.536
528.6
-1.55431e-13
4.35593e-16
0
0
0
0
0
0
0
-1330.92
151.933
1330.94
402.365
0
0
0
0
0
0
0
0
