0.939379
-0.0464
0.746369
-0.169224
0.0257757
0.185874
-0.0424256
-1.0044
0.1504
0.2794
-0.6654
-0.6273
0.6999
-0.2915
0.651078
-0.00744983
-1.3093
1.64513
1.3366
-1.67243
-1.32231
2.0655
-1.296
1.0569
-1.959
-1.39841
-1.3982
0.0605698
0.744098
-0.318899
0.428366
0.0840445
-0.155937
-1.18185
0.32245
-0.000241861
-0.523568
-0.890192
0.679547
-0.479135
0.749699
-0.105613
-1.5144
3
-0.639754
-0.845846
-0.47404
1.28207
-2.08387
1.74209
-0.843698
-0.151666
-1.55544
0.0575478
0.746362
-0.58097
0.693509
0
-0.129641
-1.28429
0.4945
-0.348458
-0.38269
-0.908221
0.721361
-0.724371
0.585796
0.0419682
-0.973974
2.11485
-0.714336
0.356269
-0.763365
1.52532
-2.59478
1.04563
-0.133492
0.311584
-1.82739
0.00128669
0.748708
-0.711673
0.692759
0.0949071
-0.110575
-1.53876
0.699193
-0.696674
-0.326539
-0.880969
0.763091
-0.969608
0.296327
-0.0205893
-0.247201
0.330375
0.749235
-0.836778
-1.89623
2.78849
-1.47205
0.41838
0.203079
0.229593
-1.31118
0.00963413
0.745946
-0.744847
0.708278
0.154968
-0.15056
-1.79323
1.10178
-0.894235
-0.273604
-0.831825
0.793901
-1.07665
0.0725719
-0.012311
0.192404
-0.265019
0.370565
-0.29795
-2.46749
3
0.637539
0.27198
0.366219
-0.0245024
-0.797644
0.0179478
0.744293
-0.654193
0.659007
0.10113
-0.149771
-2.12436
1.50437
-0.808702
-0.240005
-0.774039
0.790611
-1.17861
-0.149524
-0.0230064
0.661591
-0.647085
-0.401215
0.106111
-2.68696
3
1.67737
0.250403
0.430629
-0.157889
-0.322763
-0.00211885
0.741206
-0.560952
0.545867
0.0852188
-0.135532
-2.3562
1.90697
-0.696483
-0.206406
-0.715102
0.76942
-1.18612
-0.228099
0.00684958
0.694796
-1.02574
-0.0409163
0.371856
-1.7276
2.12674
0.836154
0.0807797
0.439199
0.0286613
0.070258
0.0557118
0.742125
-0.465699
0.525689
0.101911
-0.185993
-2.3562
2.19237
-0.689686
-0.203963
-0.662429
0.77035
-1.19199
0.0416477
-0.00916829
0.0798253
-0.150375
0.271751
-0.201201
7.13396e-15
-0.0573829
0.0148283
0.0182107
-0.0800088
0.00694198
-0.0437366
36.2391
34.8614
34.8706
-29.645
-12.831
-2.14909
3.22116
2.70639
10.732
5.32329
-50.7429
9.6569
94.8707
-14.5198
-3.74775
-1.05438
-6.86834
1.81783
21.4722
6.49133
17.3048
45.1183
60.9924
-29.1637
-8.87857
-0.805322
-21.2054
-10.228
5.9112
2.15108
-65.3414
-7.41119
66.9793
-6.0465
2.83161
1.7321
-2.40308
2.81477
18.0836
7.57618
24.5079
42.7441
64.9106
-30.9498
-13.1039
-0.81834
-18.6801
-9.70329
-2.02053
-2.61242
-71.8077
-13.8206
63.2923
0.81367
4.03708
0.925155
0.0915526
3.66869
19.9085
8.40549
38.7418
58.6357
72.3098
-24.1342
-15.2898
-3.31518
-28.8548
-16.4599
-1.80948
-3.59874
-38.2407
-28.5999
-1.01649
-12.8355
-6.82341
-1.56895
-13.1272
-5.89709
-1.21504
-4.70679
-248.236
251.933
336.413
4.44089e-15
0
0
0
0
0
0
0
0
1611.59
776.523
-1720.04
-1.30268e-13
0
0
0
0
0
0
0
0
-950.469
443.794
1037.24
4.26326e-14
0
0
0
0
0
0
0
0
-1267.98
598.119
1118.39
2.97866e-13
0
0
0
0
0
0
0
0
-678.302
468.241
759.128
2.70006e-13
0
0
0
0
0
0
0
0
-776.03
581.106
620.007
0
0
0
0
0
0
0
0
0
-367.996
498.921
470.855
-3.45834e-14
0
0
0
0
0
0
0
0
-595.393
222.549
595.432
331.684
-2.83229e-15
0
0
0
0
0
0
0
