3.5
-0.0762434
0.736669
0.135852
-0.0127053
0.136227
-0.259374
-1.37114
0.173944
0.27423
-0.648669
-0.621609
0.736596
-0.268141
0.127072
-0.0710002
-0.461033
-0.355396
2.05923
-1.24281
-1.49861
1.99942
-1.29963
1.00062
-1.99839
-1.57571
-1.50282
-0.212418
0.749029
0.0252948
-0.0961375
0.101945
-0.0311019
-1.31264
0.199149
0.613553
-0.639956
-0.618139
0.778124
-0.239515
0.334996
-0.0268021
-0.451608
-0.043404
2.02028
-1.52526
-0.544203
1.67673
-0.981449
1.04983
-1.12323
-2.53026
-1.76684
-0.25469
0.747087
-0.00448934
-0.122276
0.0834219
0.0433434
-1.25632
0.2207
0.434504
-0.633852
-0.615431
0.810226
-0.221343
0.305048
-0.00148725
-0.979228
0.436251
2.02159
-1.47862
0.24182
0.850245
-1.56229
0.348893
-0.421657
-2.65573
-2.07405
-0.249573
0.747397
0.00292266
-0.125526
0.0908837
0.0317201
-1.2008
0.240753
0.178718
-0.629687
-0.613448
0.835728
-0.206233
0.234402
-0.0134252
-1.61422
0.907261
2.13058
-1.42361
0.769129
1.23949
-0.832565
0.742482
-0.227127
-2.69289
-1.66089
-0.249917
0.747435
0.00851415
-0.12941
0.0864221
0.0344735
-1.14474
0.260353
0.733
-0.625084
-0.611969
0.859397
-0.193375
0.137954
-0.0214261
-2.31661
1.38377
2.28415
-1.35131
1.43
1.34963
-0.919818
1.60809
0.174027
-2.45342
-1.48774
-0.23653
0.748281
0.025427
-0.127643
0.0903749
0.0118407
-1.08937
0.279086
0.733
-0.621535
-0.61012
0.879888
-0.18239
0.0365018
-0.0339813
-2.99341
1.82022
2.45267
-1.27947
2.24831
0.710923
-0.853476
2.44494
0.663869
-2.17942
-1.1073
-0.216619
0.749099
0.0519403
-0.123901
0.0912472
-0.0192864
-1.03589
0.297418
0.733
-0.61891
-0.609342
0.894147
-0.174914
-0.0456918
-0.0400073
-3.56625
2.18582
2.61694
-1.2365
2.69591
1.1747
-0.423928
2.37881
0.870519
-1.67038
-0.906714
-0.179976
0.748922
0.0965865
-0.115584
0.0982129
-0.0792151
-0.985907
0.315697
0.718813
-0.617864
-0.607211
0.902494
-0.170125
-0.11881
-0.0392454
-3.53096
2.00833
2.68306
-1.16043
2.79686
1.32112
-1.05992
2.2212
1.64698
-0.831047
-0.90454
-0.142777
0.746578
0.138127
-0.104313
0.107441
-0.141255
-0.936205
0.336872
0.599428
-0.615318
-0.606357
0.907837
-0.167398
-0.155839
-0.0331817
-2.97586
1.40379
2.67472
-1.10265
2.12784
1.95553
-1.52262
2.82298
1.45679
-1.30306
-0.285965
-0.122252
0.744557
0.162675
-0.093856
0.100978
-0.169797
-0.884824
0.358663
0.733
-0.611708
-0.606303
0.91689
-0.163724
-0.136634
-0.0264553
-2.418
0.917431
2.59288
-1.09231
1.32195
2.49453
-1.98943
1.97584
1.29051
-1.61217
-0.346827
-0.0724621
0.736407
0.216836
-0.0761768
0.112797
-0.253456
-0.834252
0.380637
0.180401
-0.610487
-0.606212
0.919487
-0.162942
0.0229474
-0.0531805
-1.65037
0.48777
2.41049
-1.20331
0.420983
2.99938
-2.45624
1.09063
1.09784
-0.786237
-0.412509
-0.00540692
0.719384
0.31641
-0.0656681
0.105918
-0.35666
-0.748568
0.36473
0.0674274
-0.611319
-0.606646
0.914601
-0.160104
0.193563
-0.102434
-0.823928
-0.00286314
2.31709
-1.4903
-0.170181
2.49581
-1.5017
0.205606
0.711631
0.168309
0.145499
10.3954
4.70546
20.8446
-18.6371
-5.19135
-0.589645
-10.4629
-5.52048
7.88101
1.74243
30.9141
15.0657
16.9939
-29.4984
-9.77139
-1.05876
-15.4918
-8.31127
11.6197
3.18232
27.1121
10.8014
6.79891
-26.1862
-8.55401
-1.0182
-13.1476
-7.35823
12.9359
3.71749
23.5007
8.76748
7.50392
-25.2242
-7.67829
-1.05798
-9.29779
-5.62993
12.7292
3.52474
21.0179
8.47278
7.1762
-24.6834
-7.56401
-0.515486
-6.96387
-4.31286
11.4952
3.24731
17.2204
5.83331
5.67752
-23.1327
-6.25306
-0.150598
-3.84347
-2.7763
9.08341
2.27408
11.9458
2.76087
3.37933
-19.8598
-5.02021
-0.00286188
-5.11492
-3.05885
6.7358
1.64775
5.56495
-0.935176
4.29976
-19.0635
-4.41376
0.138589
0.850877
-0.0595841
8.04521
2.53361
7.16064
-0.320281
6.43521
-16.6588
-3.42385
0.165995
-5.80505
-3.34776
5.70856
1.38751
7.31151
0.19251
9.88981
-17.1103
-3.21868
0.418051
-10.591
-5.69415
12.9875
4.50506
5.3916
1.25114
15.9604
-13.7416
-2.25829
-0.216368
-10.935
-5.74719
16.1562
6.18258
31.1405
17.5644
15.7411
-13.1256
-21.0698
-5.50305
-12.761
-7.28515
20.2363
8.07206
25.8693
281.748
46.3026
213.948
-4.30959e-14
-1.85646e-13
7.81922e-14
2.83462e-14
2.67489e-14
-4.20213e-14
1.01807e-13
0
23.6813
334.18
-12.0546
256.636
0
1.11927e-13
0
-1.79061e-14
0
0
8.01317e-14
0
-5.93605
271.211
-3.88177
259.729
0
-1.30722e-14
2.26023e-14
2.17208e-17
-1.78709e-13
1.86119e-15
-1.4138e-20
-1.98364e-13
-8.86176
285.727
-2.33284
268.288
-6.59374e-15
0
-4.15421e-14
-6.81175e-14
0
1.65999e-14
-1.33149e-13
0
-7.53773
252.314
-4.14576
230.467
-3.08377e-14
0
8.03401e-14
-2.15338e-13
0
-1.47951e-13
1.23112e-13
1.71437e-14
4.43045
237.675
-7.68817
234.411
-6.145e-14
1.21475e-13
-9.38154e-20
-1.00938e-13
-1.3529e-13
2.28785e-13
-1.78118e-14
0
-6.54507
187.392
11.5848
203.938
-1.74218e-13
-9.54502e-14
0
0
0
4.44663e-16
0
-7.7175e-14
-3.12033
193.488
17.6753
210.581
-9.84777e-24
-1.29954e-13
0
3.95958e-14
0
0
-2.3973e-13
0
13.5742
201.558
20.9511
220.412
3.25303e-17
-1.21634e-13
7.12363e-14
-1.87587e-13
0
-7.68256e-18
-1.055e-13
1.72262e-25
71.1247
247.463
-19.8932
258.624
-8.82435e-17
2.65782e-15
3.91745e-14
0
-1.09996e-14
1.23614e-13
-4.16014e-26
-1.8258e-24
-4.40686
257.609
73.8585
231.26
0
-1.37231e-13
-2.06028e-13
-3.6181e-14
0
0
-6.67195e-14
0
55.2446
155.603
56.1676
143.088
-45.7804
114.953
-28.5776
131.133
0
-2.47119e-14
8.12159e-16
1.33785e-13
