0.775612
-0.1969
0.718431
-0.0395842
-0.279784
0.0129848
0.306384
-1.1295
0.1257
0.2707
-0.765001
-0.6541
0.6592
-0.354
0.74671
0.239001
-1.05311
1.68199
1.15468
-1.78355
-1.4471
1.9715
-1.2846
0.8639
-1.8168
-1.4481
-1.4707
-0.143966
0.732078
-0.128201
-0.156634
0.112273
0.172561
-1.25214
0.287122
0.179697
-0.687029
-0.796242
0.549463
-0.47287
0.612078
0.102963
-0.929379
1.42718
1.10727
-1.52897
-1.21906
1.73241
-1.03998
0.904762
-1.63367
-1.20588
-1.26447
-0.0991391
0.738353
-0.208141
-0.0546158
0.207696
0.0550603
-1.33804
0.436419
0.10983
-0.607067
-0.91862
0.466802
-0.564344
0.52016
0.0458847
-0.818918
1.18379
0.928084
-1.28058
-0.996762
1.47631
-0.81072
0.927858
-1.42004
-0.956937
-1.06144
-0.0608464
0.740127
-0.277383
0.0342264
0.286986
-0.0438293
-1.41953
0.56153
0.0593517
-0.526466
-1.03981
0.406161
-0.639538
0.444338
7.26852e-05
-0.71675
1.0197
0.786198
-1.12293
-0.808957
1.22506
-0.561473
0.935271
-1.19033
-0.703665
-0.872536
-0.0267534
0.739239
-0.339152
0.116207
0.352357
-0.129412
-1.48119
0.667104
0.0160334
-0.445865
-1.1415
0.366278
-0.703108
0.381626
-0.0103101
-0.62018
0.898611
0.577258
-0.867875
-0.715583
0.970254
-0.502549
0.704706
-0.959371
-0.462044
-0.737647
0.000320815
0.736889
-0.392599
0.186997
0.402278
-0.196676
-1.52584
0.75072
-0.0228894
-0.385134
-1.20597
0.347901
-0.751303
0.314163
-0.0274477
-0.490303
0.717205
0.579272
-0.768472
-0.518055
0.722658
-0.451651
0.527363
-0.705831
-0.213237
-0.558471
0.0266355
0.733453
-0.434853
0.248767
0.446246
-0.260161
-1.56737
0.812998
-0.0437558
-0.339687
-1.26404
0.348886
-0.781838
0.251074
-0.0398809
-0.385761
0.467455
0.471514
-0.513999
-0.273662
0.465014
-0.24213
0.343751
-0.461274
0.012218
-0.354316
0.0422777
0.729994
-0.468097
0.289052
0.482105
-0.30306
-1.58923
0.853072
-0.0501035
-0.310063
-1.30379
0.365226
-0.794067
0.181508
-0.0401363
-0.291315
0.237978
0.345116
-0.356519
-0.0182381
0.305148
-0.073658
0.259084
-0.210803
0.189604
-0.141906
0.0520751
0.726924
-0.487651
0.309589
0.511847
-0.333785
-1.5908
0.87937
-0.0501776
-0.287735
-1.32196
0.381566
-0.794703
0.0782962
-0.0356152
-0.124901
0.0595409
0.121657
-0.13318
0.0545621
0.131402
-0.000860269
0.132223
-0.0505655
0.11857
-0.0073846
0.0542047
0.726587
-0.490305
0.314647
0.513877
-0.338219
-1.59017
0.890694
-0.0502518
-0.27634
-1.32624
0.390301
-0.794548
-9.83093e-05
0.000545927
-2.83473e-05
-0.00657498
0.0221345
-0.0514499
0.000453497
0.00433492
-0.011142
0.00283762
-0.00227717
-0.000914822
0.00180662
7.746
5.65607
5.10909
-5.40298
-0.19281
0.503203
0.0767991
1.50729
18.2143
7.49745
18.7144
-8.9096
-22.8626
-22.7998
-7.49106
-0.994467
-13.2142
-5.7443
10.0925
2.91709
-5.39623
-22.9981
-7.04901
-15.8492
-3.59321
-0.233371
-4.61673
-0.00707223
11.1668
3.81974
6.23288
-24.2694
-12.5387
-26.7651
-9.24533
-1.35101
-14.779
-6.08382
3.70366
0.115939
-10.8322
-34.2957
5.35623
-24.5365
-7.80664
-1.30027
-12.6237
-4.14348
4.36408
0.485913
-18.0219
-43.5554
-11.2451
-19.3741
-6.58904
-0.843757
-12.1442
-4.19604
1.65664
0.0195731
-21.458
-39.7343
21.0728
-23.0826
-7.76732
-1.05536
-13.4129
-4.62399
1.20915
-0.730222
-27.5584
-47.3945
5.11895
-17.9613
-5.98396
-0.716417
-9.85704
-2.79115
-0.810682
-1.22161
-20.128
-36.0555
45.0752
-29.2526
-10.5262
-1.7565
-14.7393
-5.61307
-6.00299
-5.15027
-22.826
-50.9629
5.84544
-26.5333
-9.83516
-1.54824
-13.3427
-5.26128
-5.89715
-4.73412
-69.8696
272.869
-69.1505
159.167
0
0
0
0
0
0
0
0
-124.175
135.029
95.4047
360.973
0
-2.77756e-18
0
0
0
0
0
0
-51.9038
237.8
-26.7607
289.292
0
6.53388e-18
0
-6.09663e-18
0
0
0
0
-14.4714
175.634
6.45954
331.187
0
-7.32942e-15
0
0
0
0
0
0
-139.741
307.002
85.5257
277.522
-4.1335e-20
3.98706e-15
3.74877e-19
0
0
6.35949e-15
0
0
-53.2857
171.176
48.3747
318.7
0
0
0
2.77353e-14
0
0
0
0
-113.466
375.207
72.0266
213.357
0
0
-2.0186e-24
0
0
0
0
0
-14.1942
254.204
0.677435
247.573
1.18214e-13
-1.8553e-14
0
0
0
0
0
0
-86.1426
503.116
21.5877
115.86
0
1.09343e-13
0
0
-4.20639e-15
0
0
0
-78.4957
273.192
78.4957
281.074
0
0
0
0
0
-8.36469e-15
0
0
