0.816945
-0.014634
0.747198
-0.13734
0.0291276
0.182805
-0.0745933
-1.00056
0.148738
0.274332
-0.659732
-0.625802
0.693512
-0.293324
0.497151
-0.0389603
-1.05819
1.02766
1.59491
-1.56439
-1.49344
1.99975
-1.30334
1.00023
-2.00032
-1.56961
-1.49943
0.0170398
0.742668
-0.214598
0.100066
0.293752
-0.17922
-1.0954
0.293925
0.192389
-0.585939
-0.784986
0.592969
-0.389799
0.426091
-0.0831369
-0.870223
0.808051
1.45733
-1.39516
-1.27698
1.80873
-1.09526
0.967039
-2.15791
-1.35156
-1.29902
0.0460371
0.734502
-0.276835
0.150607
0.409081
-0.282853
-1.17423
0.421796
0.122719
-0.519489
-0.945118
0.508398
-0.471351
0.388808
-0.133381
-0.743252
0.591888
1.55358
-1.40221
-1.06135
1.60869
-0.900999
0.789664
-2.1389
-1.13659
-1.09786
0.0730258
0.722548
-0.331326
0.188757
0.530564
-0.387995
-1.23678
0.536036
0.0609721
-0.464176
-1.10726
0.439307
-0.538058
0.363055
-0.186977
-0.605662
0.388426
1.65633
-1.4391
-0.842258
1.40621
-0.801853
0.65409
-2.18916
-0.927967
-0.896272
0.0978883
0.706701
-0.372653
0.209722
0.657848
-0.494916
-1.28297
0.632974
0.00787797
-0.420717
-1.2716
0.386317
-0.590049
0.334213
-0.238766
-0.427463
0.168882
1.7171
-1.45852
-0.621918
1.20712
-0.71278
0.544364
-2.2125
-0.710893
-0.698087
0.1206
0.687
-0.394619
0.208685
0.789392
-0.603459
-1.31266
0.721552
-0.0309644
-0.385264
-1.43436
0.349305
-0.626347
0.307402
-0.29246
-0.240824
-0.046793
1.77967
-1.49205
-0.399843
1.18243
-0.513868
0.473546
-2.02399
-0.491264
-0.478005
0.142317
0.663475
-0.397136
0.189618
0.92234
-0.714823
-1.32586
0.810902
-0.0593634
-0.3513
-1.58202
0.327793
-0.646923
0.275826
-0.339026
-0.0283459
-0.262122
1.79064
-1.50017
-0.177738
1.30385
-0.297279
0.452827
-1.80398
-0.275815
-0.259849
0.161143
0.637727
-0.387001
0.159487
1.05014
-0.822626
-1.32258
0.909273
-0.0719783
-0.3147
-1.71321
0.317718
-0.652391
0.24927
-0.361444
0.189713
-0.413866
1.6726
-1.44845
0.0442375
1.43108
-0.0893784
0.56671
-1.58418
-0.12412
-0.0473316
0.178593
0.609455
-0.359893
0.116356
1.17452
-0.930987
-1.30287
1.01613
-0.0760913
-0.270757
-1.82774
0.317874
-0.645775
0.238837
-0.406127
0.411049
-0.580764
1.6765
-1.50678
0.265408
1.46143
0.0175677
0.64583
-1.36807
0.0160083
0.106094
0.195707
0.57768
-0.316095
0.0621414
1.29903
-1.04508
-1.26669
1.12599
-0.0648286
-0.219257
-1.92795
0.321596
-0.628688
0.228557
-0.46175
0.625111
-0.733814
1.7198
-1.6111
0.487179
1.53435
0.0636544
0.718823
-1.15052
0.0619548
0.254708
0.212289
0.541474
-0.256489
-0.00178536
1.42679
-1.16852
-1.21426
1.24277
-0.0518997
-0.159047
-2.01085
0.327277
-0.602594
0.219092
-0.527258
0.84583
-0.860846
1.77407
-1.75905
0.70586
1.66545
0.222606
0.848799
-0.93057
0.0993635
0.389952
0.226263
0.501139
-0.18109
-0.0775852
1.55867
-1.3
-1.15281
1.36371
-0.0298151
-0.0966434
-2.06748
0.334173
-0.56928
0.182438
-0.81655
1.0362
-0.94525
1.85931
-1.86582
0.825434
1.57258
0.361261
0.741876
-0.71512
0.0553127
0.49813
-12.1591
-13.8741
13.8491
-11.3381
-2.4418
0.129486
-9.09027
-3.89452
16.4141
6.84439
-11.6525
-20.2096
18.7993
-15.8931
-3.96421
-0.277906
-14.9486
-6.73512
12.3045
4.70785
-13.5819
-27.2166
19.704
-18.1301
-5.03772
-0.533326
-12.5659
-4.95733
8.00485
2.841
-23.2088
-42.4917
20.4666
-16.9176
-4.53462
-0.612694
-14.5526
-6.56115
6.3215
2.29745
-29.4617
-52.2806
22.0525
-16.5204
-4.44625
-0.472583
-10.1352
-2.83402
4.5128
1.80607
-40.8487
-68.604
19.7293
-11.7868
-1.20419
0.236843
-8.97323
-1.42717
3.74616
1.71413
-41.7389
-72.3699
31.2535
-12.2492
-1.25457
0.175233
-7.40463
-0.266032
2.95305
1.40691
-45.8215
-85.4301
35.2255
-13.4795
-0.86551
0.206121
-5.34088
1.35073
0.333825
-0.065011
-39.7984
-81.1548
34.4651
-13.3642
-1.43211
-0.200275
-6.9764
0.0645022
1.39852
0.438195
-38.0355
-79.4588
60.2311
-11.6159
2.39746
0.550025
-3.95714
1.37429
-1.67899
-1.51488
-34.8609
-75.8472
56.0707
-9.71519
3.93916
0.791683
-3.60345
0.916296
2.87265
0.908647
-21.0329
-31.7225
0.61419
15.603
-3.03632
3.38138
-2.76212
-1.00537
-0.715241
-0.848521
-18.3693
312.503
-29.098
202.263
0
7.87816e-15
0
0
0
0
0
0
-14.3459
334.113
-15.1642
198.598
-4.40025e-15
7.87329e-15
0
2.86725e-13
0
0
0
0
-8.25128
317.988
-3.49512
186.322
0
-1.01136e-24
0
0
0
0
0
0
-2.58272
327.318
-5.6086
194.735
0
0
0
-5.54233e-22
0
0
0
0
-3.64539
323.355
2.34263
179.982
0
5.84607e-14
0
0
0
0
0
0
-2.38727
314.892
2.38465
194.777
0
-1.50079e-13
0
0
0
0
0
0
1.3042
366.802
-1.2921
143.578
0
0
0
6.0423e-25
0
0
0
0
4.51564
395.433
3.37698
148.395
0
-1.96746e-13
0
1.37019e-14
0
0
0
0
15.1601
359.375
9.55335
126.865
0
1.83328e-13
0
0
0
0
0
0
2.72532
502.482
1.36538
28.3654
0
-1.88608e-15
0
0
0
0
0
0
40.2912
452.428
-21.7587
20.8921
0
0
0
0
0
0
0
0
6.06419
52.1263
-5.25119
62.191
-18.07
64.3458
-13.66
26.3113
0
0
0
0
