0.5
0.5
0.275404
0.345217
0.301254
-0.410732
0.101123
0.0063452
-0.68123
3.34423
-0.539187
0.209647
-0.0440675
0.057824
-0.0112272
0.746377
1.0784
1.90173
-2.81951
-0.0225501
-0.0570601
0.30792
0.0517827
-0.0287185
-0.171795
2.08046
0.841395
0.103023
0.149219
-0.14333
-0.219282
-0.0901496
17.1827
0.839327
-17.8824
-0.438272
0.913219
-1.76489
0.655486
0.149521
-2.36065
1.63819
1.50051
1.3096
-0.944193
1.59846
-0.48791
-0.0893816
1.57578
-6.50859
1.26388
-0.974351
-1.58501
2.23356
-0.749957
-0.929551
4.37657
-7.10808
2.50902
-1.49851
1.70449
-3.03413
0.999997
0.0542227
-3.64454
4.59
-1.50005
1.99862
-1.0253
1.60823
-0.649948
0.0225851
2.67353
-1.15447
-1.50497
-1.29851
1.37861
-0.944559
0.288608
-0.695529
-2.25991
0.710816
1.5
0.585818
-2.01671
3.3911
-1.4936
0.0560653
4.64298
-4.93472
1.50015
-2.99723
-2.34947
0.668628
-1.27894
0.484835
7.03095
-1.77206
-1.50024
-2.56803
-0.882132
2.05379
-1.24353
0.0214039
6.05676
-3.01647
-2.70836
-2.49723
-0.939168
-0.296468
1.1086
-0.00183402
-0.109835
-1.59205
-0.595718
2.33336
-0.117284
0.0484547
0.0674242
0.748933
1.32897
0.800309
-2.25568
0.14023
0.0859794
-1.70315
1.3871
0.273512
-1.23362
-5.07982
3.16283
2.85466
0.573859
-0.181266
-0.202081
-0.302501
-0.467896
-0.197827
0.161041
-0.299598
0.718903
-1.75443
1.04771
-0.0469445
-1.22732
0.97095
0.492725
2.08387
1.17471
1.17242
-2.23255
0.0759327
2.82947
1.06268
-0.470906
-4.63893
-1.14912
2.50945
-0.871945
-1.03319
5.04249
-5.28762
-0.913327
-1.7147
1.95474
-2.45341
0.716383
-0.276141
-6.75519
7.01343
1.50231
1.4366
-0.862324
1.6232
-0.643741
-0.0444478
3.55236
-3.01029
-0.741527
-1.28012
0.885843
-0.649844
0.214802
-0.31244
-1.25461
0.35038
-0.836944
0.533925
-2.00124
2.90973
-0.86748
-0.0637215
8.24237
-7.15728
-1.50408
-1.78038
-1.79292
0.539841
0.56025
0.136144
1.54206
-2.12739
-1.51333
1.19468
-0.345355
2.39567
-1.08972
-0.0504208
4.06165
-2.93142
-0.912728
-2.16072
0.212961
-0.258739
-0.00358253
-0.112798
-1.21903
-0.284401
-0.0409971
0.0352069
-0.00181443
-0.0123134
0.00308041
0.747554
0.922641
0.406733
-1.68062
0.0158313
0.0675391
-0.0841014
-0.129269
0.0438426
-2.80114
1.31717
0.656165
-0.297757
0.330116
-0.165117
-0.186048
-0.111921
-1.68973
-1.21422
2.3417
-0.805066
-0.0239128
-0.508055
0.621106
-0.0349392
-0.782638
-0.346555
-0.939602
2.31785
-0.442085
0.824936
-0.305374
0.103018
2.29253
0.0124727
1.15985
-1.21503
-0.842427
1.64732
-0.820577
-0.545048
2.93329
-2.5842
0.472873
-2.86859
0.32521
-1.24765
0.927721
-0.0587122
-3.24868
0.827675
-0.873311
3.19195
-0.141209
0.463813
-0.307538
0.0723802
1.40222
-1.07998
0.771946
-1.47665
0.13368
-0.603204
-0.367683
0.138315
1.06888
3.77418
-0.996295
-1.20912
-0.54185
1.78125
-1.47018
-0.022692
4.79316
-2.78766
0.826271
-2.19301
0.166146
0.55355
-0.220117
-0.55764
1.45393
-0.401078
1.00587
-0.901221
-0.347016
0.906343
-0.530159
-0.149934
2.47202
-1.06685
0.977369
-1.93994
0.128692
-0.205703
-0.478023
-0.16232
-4.54426
6.40885
-0.445818
-1.50988
0.0134429
0.0973391
-0.112753
0.736404
-2.41889
4.58631
-1.83459
-0.333943
0.777575
0.1885
-0.325882
-0.10221
11.2364
-11.4652
1.3057
-1.12988
0.266878
0.0738693
-0.453913
-0.132791
-4.83598
12.1002
-5.56815
-1.37199
0.0735867
-0.359036
0.050583
0.053643
3.7618
-5.88093
1.04969
0.250362
-0.456812
-0.564497
0.729148
0.181358
3.47038
-6.27267
1.09881
2.25151
-0.762676
0.153758
-0.750404
-0.559989
-2.13659
2.43292
0.244019
-2.04338
-0.324462
-1.22414
-0.010783
-0.0532453
-0.457297
0.581563
-1.12742
-0.105476
-1.48043
-1.36506
-0.0969478
0.087291
-3.25467
3.84735
1.03575
-0.381284
-0.0512202
-0.233
0.911719
-0.698182
-0.652146
1.05102
1.03554
2.63971
-1.33733
1.29663
0.196013
-0.25316
0.763397
-1.43168
1.60482
0.643227
0.0343632
-0.391806
0.38171
-0.0576977
-0.359709
0.13465
-0.234719
1.1584
-0.197205
-0.34206
0.174985
-0.121373
-1.08332
0.562702
0.644919
0.444078
0.0729411
-2.47586e-13
-0.0174318
0
-0.0225744
0
-0.156064
1.33728e-14
-0.0453485
0
-0.0019121
0
-0.0366889
-8.50161e-17
-0.0812444
1.42588e-13
0.159506
2.95604e-13
0.184074
5.45487e-15
-0.00711633
-4.77438e-14
-0.0843781
-2.70784e-13
-0.0398424
0
-0.204958
0
-0.0783444
0
-0.0175342
1.29247e-26
0.0510448
-1.29247e-26
-0.0152163
0
0.245976
0
0.24058
0
-0.106597
-1.41794e-22
-0.18663
-1.20657e-13
-0.0689296
0
-0.2766
-1.30627e-15
-0.12803
0
-0.0408322
0
0.188673
-6.1178e-15
0.0974132
0
0.369064
-2.63872e-15
0.298518
0
-3.12957e-14
-9.38533e-16
-1.9251e-17
-5.67885e-14
-2.48497e-25
-2.79195e-13
2.41323e-22
-1.98817e-14
0
6.46235e-27
0
0
1.96534e-14
1.71489e-14
6.53863e-21
6.46235e-27
-2.19955e-14
6.46235e-27
-1.75688e-13
1.29247e-26
-3.1894
-13.2883
16.4996
87.3129
-91.4121
73.8009
-42.4747
149.681
0.233013
7.4235e-26
-0.193036
1.14587e-13
0.193366
3.49288e-27
-0.156745
7.31151e-14
0.352503
0
-0.146534
-2.67301e-13
0.0653624
-6.70469e-26
0.127196
-4.73487e-14
-4.029
-16.4841
10.2033
103.827
-3.90491
-16.0998
6.51836
106.755
0.284867
1.81406e-26
-0.270553
0
0.18839
0
-0.173121
0
0.523322
-2.71949e-25
-0.173101
3.26184e-14
0.0866198
-4.06927e-14
0.133513
2.9847e-13
11.7483
-20.5115
21.7214
114.038
-3.29008
-20.0018
14.6336
113.277
0.325641
-3.47923e-15
-0.357852
2.5123e-14
0.144542
-4.77919e-14
-0.177083
0
0.615661
-1.66327e-23
-0.0987534
-2.63982e-13
0.255099
1.42981e-13
-0.00536707
-2.11545e-13
-4.22553
-8.75879
29.8481
135.764
-25.5178
-23.2834
82.1294
127.902
-1.14185e-13
2.38715e-13
2.44989e-25
6.62186e-14
-4.27214e-14
-3.68707e-25
-2.62886e-25
-1.61872e-13
2.99691e-13
-1.05713e-13
-2.11353e-14
-1.5208e-25
5.76685e-14
-5.9135e-14
0
-2.93634e-14
