0.827353
-0.0096522
0.747305
-0.132527
0.0327736
0.181282
-0.0815292
-1.00666
0.148261
0.273572
-0.659011
-0.625493
0.691763
-0.294503
0.497997
-0.0423692
-1.05749
1.02895
1.59444
-1.5659
-1.49755
1.99854
-1.29956
1.00257
-1.99934
-1.56836
-1.49928
0.0225228
0.74257
-0.211759
0.106868
0.291521
-0.186631
-1.10278
0.297656
0.184111
-0.570409
-0.772577
0.590329
-0.390987
0.425474
-0.0848273
-0.852086
0.804897
1.42724
-1.38005
-1.27787
1.89906
-1.10378
1.178
-1.78844
-1.34818
-1.2828
0.0515543
0.734593
-0.275234
0.161821
0.400696
-0.287284
-1.18248
0.43845
0.111891
-0.468263
-0.903018
0.505324
-0.47236
0.38051
-0.127401
-0.697201
0.583895
1.45153
-1.33822
-1.05961
1.79796
-0.921369
1.35807
-1.57817
-1.13018
-1.0799
0.078386
0.722875
-0.327147
0.198946
0.518632
-0.390432
-1.24551
0.571407
0.0463604
-0.352462
-1.01711
0.436368
-0.539903
0.356646
-0.179922
-0.566033
0.375797
1.58094
-1.39071
-0.838048
1.63666
-0.792826
1.53962
-1.36871
-0.916595
-0.897919
0.10348
0.707413
-0.369347
0.223125
0.641927
-0.495705
-1.29174
0.692296
-0.00577639
-0.225147
-1.1146
0.383909
-0.593765
0.333313
-0.234571
-0.4052
0.159577
1.68779
-1.44217
-0.614667
1.42341
-0.676981
1.69269
-1.152
-0.697211
-0.715968
0.127296
0.688131
-0.399324
0.23412
0.768892
-0.603688
-1.3211
0.797797
-0.0464467
-0.0871563
-1.19519
0.347253
-0.632346
0.303064
-0.278332
-0.200668
-0.0519691
1.68805
-1.43542
-0.390256
1.25825
-0.47571
1.83464
-0.939735
-0.485962
-0.510954
0.14805
0.665919
-0.405965
0.22029
0.895497
-0.709823
-1.3335
0.89141
-0.0711846
0.061701
-1.25496
0.326376
-0.655191
0.273026
-0.312055
0.0194315
-0.251054
1.63934
-1.40772
-0.164905
1.1148
-0.256876
1.9791
-0.725764
-0.276677
-0.301297
0.167221
0.641033
-0.390573
0.187039
1.01924
-0.815703
-1.32909
0.9749
-0.0819529
0.222004
-1.29419
0.321021
-0.664864
0.2492
-0.352305
0.235561
-0.452267
1.64517
-1.42846
0.0586394
1.08263
-0.0418702
2.13128
-0.519179
-0.0710565
-0.126198
0.184474
0.612933
-0.359388
0.138655
1.14488
-0.924147
-1.30782
1.05795
-0.0794522
0.391342
-1.32
0.330439
-0.665423
0.234398
-0.40348
0.454612
-0.643922
1.69292
-1.5036
0.28285
1.14708
0.129882
2.25139
-0.341349
0.125361
-0.00715876
0.201524
0.58089
-0.311716
0.0790657
1.27221
-1.03956
-1.26969
1.14519
-0.0597444
0.564207
-1.33323
0.344205
-0.65685
0.226621
-0.45842
0.674722
-0.793347
1.72292
-1.60429
0.506885
1.24491
0.196696
2.29844
-0.174136
0.183019
0.114362
0.218537
0.544069
-0.247446
0.0102464
1.40262
-1.16542
-1.21503
1.24427
-0.0403261
0.739724
-1.33516
0.363036
-0.635533
0.223476
-0.53395
0.898733
-0.914979
1.79994
-1.78369
0.726696
1.43111
0.315682
2.33361
0.0379562
0.250369
0.284261
0.232709
0.502761
-0.168621
-0.0696026
1.53822
-1.3
-1.16038
1.34939
-0.0203961
0.909572
-1.3283
0.390265
-0.613286
0.170035
-0.800446
1.07969
-0.997389
1.88496
-1.90032
0.669195
1.35076
0.188978
2.16322
0.138588
0.364693
0.32724
-18.5165
-19.6507
8.06218
-9.86371
-1.59387
0.306372
-4.51895
-0.190076
16.4925
6.93591
-20.3988
-25.7407
15.8654
-14.3442
-2.97114
-0.0945518
-5.19665
-0.292973
12.7579
5.00795
-20.85
-31.7329
17.1074
-16.1395
-3.7996
-0.281493
-6.89926
-1.44741
8.20676
2.91441
-25.9479
-42.6553
18.6077
-18.1896
-5.08069
-0.692227
-5.82321
-0.831319
5.58408
1.8012
-32.4504
-52.6734
21.8883
-16.1183
-4.16475
-0.445146
-6.8287
-1.72343
4.42454
1.71303
-41.1306
-65.9588
27.2155
-15.1866
-3.21152
-0.218599
-4.95181
-1.14014
3.13519
1.33932
-40.7926
-69.1684
36.2183
-15.4491
-3.39788
-0.310703
-5.03339
-2.26934
2.49546
1.17689
-45.0181
-75.8972
40.918
-12.3682
-0.638189
0.219367
-1.84815
-1.73481
1.5725
0.48825
-43.6277
-79.3114
45.5396
-12.3556
-0.220647
0.135776
-2.31015
-3.58232
1.55484
0.31283
-44.0728
-84.2258
53.0531
-11.215
2.06795
0.423477
0.867402
-3.11066
-1.78808
-1.73301
-45.4003
-82.577
55.052
-7.87122
5.31273
1.10808
4.13129
-2.20242
5.12717
2.20367
-19.5071
-31.6615
5.95555
12.1244
-11.8169
1.84133
-0.819619
-4.79551
2.59659
-0.20896
-16.7489
282.181
-28.7812
224.887
0
0
0
-1.56526e-23
0
0
1.11589e-15
0
-20.6777
320.709
-13.3223
205.966
-4.9532e-15
0
0
0
0
0
0
0
-10.0699
307.879
-6.3408
195.707
0
5.0485e-15
0
2.10697e-13
0
5.71688e-15
0
0
-14.0894
313.34
8.65522
197.903
0
0
0
9.47909e-15
0
0
0
0
1.84818
323.036
-5.0827
179.994
0
-1.29316e-23
0
3.17591e-15
0
0
0
0
4.88887
358.497
-7.76861
170.842
0
0
0
0
0
0
0
0
-2.67636
393.806
2.21997
127.917
0
1.634e-16
0
0
0
0
0
0
-6.46615
415.383
6.46616
107.838
0
0
0
-7.77099e-15
0
0
0
0
-1.39441
427.814
9.39791
85.6177
0
0
0
0
0
0
0
0
4.71055
465.52
8.16281
62.0691
0
0
0
0
0
0
0
0
7.56504
459.45
1.42884
30.9863
0
2.98108e-13
0
0
0
0
0
0
31.8713
83.1077
-27.7961
49.9646
-30.7214
85.3487
-14.1839
42.9522
0
0
0
0
0.739795
0.00177403
0.747504
-0.118107
0.0394015
0.174485
-0.0957793
-1.00877
0.147952
0.273641
-0.660695
-0.625027
0.68954
-0.295588
0.500883
-0.0493559
-1.05379
1.03201
1.59187
-1.57009
-1.49957
1.99887
-1.29824
0.999766
-1.99954
-1.57094
-1.50013
0.0354578
0.742478
-0.175898
0.0972233
0.279262
-0.200587
-1.09636
0.269275
0.193109
-0.592386
-0.759474
0.583899
-0.396464
0.479415
-0.0998599
-0.859299
0.833216
1.55792
-1.53184
-1.30244
1.80295
-1.13319
1.11688
-2.00706
-1.38554
-1.36632
0.067395
0.734093
-0.221015
0.140884
0.38374
-0.303608
-1.17061
0.380251
0.130341
-0.517026
-0.89052
0.490718
-0.488347
0.458862
-0.148368
-0.67084
0.634688
1.55347
-1.51731
-1.104
1.62024
-0.933292
1.18125
-1.94845
-1.20147
-1.21282
0.0976206
0.722516
-0.253553
0.170787
0.48839
-0.405624
-1.23145
0.484056
0.0749406
-0.437582
-1.01851
0.409914
-0.569911
0.435826
-0.195057
-0.483803
0.436223
1.55861
-1.51103
-0.904533
1.44716
-0.82375
1.18417
-1.90027
-1.00126
-1.06266
0.126462
0.707898
-0.272877
0.187666
0.592458
-0.507247
-1.27874
0.581461
0.0272517
-0.360279
-1.13693
0.342576
-0.641379
0.409307
-0.237811
-0.287326
0.237531
1.54739
-1.49759
-0.703204
1.44831
-0.717177
1.13474
-1.73317
-0.802929
-0.924178
0.153392
0.690399
-0.279073
0.190839
0.696744
-0.608509
-1.31257
0.683315
-0.0087111
-0.282619
-1.25353
0.288577
-0.703534
0.384823
-0.281374
-0.0921375
0.0399441
1.55866
-1.50647
-0.503064
1.53656
-0.534729
1.17468
-1.73513
-0.617524
-0.764868
0.179269
0.669819
-0.272346
0.182348
0.801571
-0.711572
-1.33292
0.786613
-0.0323916
-0.199412
-1.37022
0.247048
-0.754971
0.363664
-0.331362
0.100025
-0.157716
1.61106
-1.55337
-0.30251
1.47175
-0.352101
1.30397
-1.74289
-0.434263
-0.575233
0.203287
0.64594
-0.252557
0.160075
0.909922
-0.817441
-1.33971
0.885594
-0.0426967
-0.108781
-1.47588
0.217846
-0.793657
0.348846
-0.396197
0.293387
-0.358036
1.7278
-1.66315
-0.100908
1.39007
-0.153223
1.42081
-1.56121
-0.242957
-0.375751
0.226748
0.617557
-0.221987
0.12872
1.02452
-0.931252
-1.333
0.980943
-0.0417095
-0.00260291
-1.56775
0.201606
-0.818921
0.343197
-0.450005
0.490679
-0.466215
1.70406
-1.72852
0.0996732
1.41775
0.0146772
1.58218
-1.36578
-0.0442972
-0.176461
0.251909
0.586385
-0.176973
0.0973653
1.12711
-1.0475
-1.31274
1.07629
-0.0305515
0.112764
-1.64619
0.200838
-0.830087
0.374118
-0.492429
0.67378
-0.408159
1.50802
-1.77364
0.301272
1.41519
0.152942
1.71536
-1.16596
0.144539
-0.110751
0.279025
0.551042
-0.121032
0.0699152
1.22223
-1.17111
-1.27942
1.17508
-0.00911984
0.237096
-1.71117
0.222103
-0.834235
0.405348
-0.565415
0.855011
-0.352873
1.4143
-1.91644
0.495433
1.4689
0.318666
1.84868
-0.966171
0.333327
-0.0451917
0.305445
0.511913
-0.0536333
0.0414556
1.31218
-1.3
-1.2461
1.27387
0.0258617
0.361472
-1.77545
0.251769
-0.833876
0.388176
-0.941345
1.015
-0.432098
1.33746
-1.99747
0.49002
1.40589
0.520139
1.85462
-0.780432
0.448077
0.00534101
-18.7896
-29.8895
-13.9162
-12.8795
-3.25044
-0.0885607
-8.88667
-3.49419
14.5544
5.84279
-23.2554
-34.8044
-3.09407
-13.808
-3.31134
-0.13855
-6.51295
-0.936726
11.3442
4.28798
-20.0112
-31.7055
15.5905
-14.7722
-3.45387
-0.194694
-10.4516
-3.93658
9.17488
3.38281
-22.1312
-34.2706
28.5138
-15.3878
-3.88423
-0.474132
-9.19906
-2.67804
6.88592
2.35207
-28.5175
-41.3746
35.0977
-10.2492
-0.192181
0.452709
-9.5531
-2.88204
4.84942
1.53797
-23.7234
-37.1432
51.8791
-13.1901
-2.01279
-0.000476432
-8.83889
-4.04291
3.44338
1.15395
-25.1514
-40.2884
58.6852
-14.2212
-2.57619
-0.1471
-5.56841
-1.39228
3.01482
1.1957
-26.9315
-43.7815
60.9167
-12.0799
-1.03608
0.112021
-4.05875
-0.895124
2.59472
1.16209
-28.1399
-47.7532
77.2023
-11.9999
0.537145
0.339589
-2.66033
-0.90481
2.41166
0.958353
-26.436
-59.4235
65.3819
-14.8221
-0.918501
-0.0268657
-4.01267
-2.30887
-1.94243
-2.14055
-22.9622
-33.3224
99.9042
-7.33546
5.02767
1.11493
1.01327
-1.01817
4.4176
1.66941
-3.65744
-1.96824
4.33331
0.869088
5.08616
6.09156
0.0920371
-0.01327
1.39451
0.478137
-7.75631
166.588
5.66435
343.728
0
-5.10829e-15
0
0
0
0
0
0
10.9636
214.818
-12.3591
295.726
0
0
0
0
0
0
0
0
22.1152
297.277
-22.6223
213.606
0
-2.59471e-16
0
-2.41933e-14
0
-5.71688e-15
0
0
-92.7679
356.696
90.9705
156.592
0
0
0
-2.30995e-13
0
0
0
0
-49.7639
383.396
49.7639
126.689
0
0
0
-5.24472e-14
0
0
0
0
354.955
457.255
-354.645
50.7551
0
4.90932e-21
0
-1.70432e-13
-5.11598e-15
0
0
0
-1.4722
481.246
7.66475
19.308
0
0
0
0
0
0
0
0
-8.82123
480.744
20.812
1.39137
0
0
0
-3.25794e-14
0
0
0
0
-7.86148
567.523
20.3668
-51.7034
0
0
0
0
0
0
0
0
37.3682
490.296
22.5853
16.6537
0
0
0
1.20855e-15
0
0
0
0
-110.424
651.881
116.391
-179.83
0
-3.8661e-17
0
4.77921e-17
0
0
0
0
127.055
26.79
-125.696
-12.445
-4.56032
28.8504
4.90004
-27.121
0
0
0
0
0.752614
0.000622355
0.74748
-0.119276
0.0382133
0.175642
-0.0945798
-1.00468
0.1476
0.273974
-0.659959
-0.625038
0.689969
-0.295172
0.500442
-0.0487723
-1.05377
1.031
1.5923
-1.56953
-1.49755
1.99969
-1.29977
1.00043
-1.99962
-1.57073
-1.49991
0.0345188
0.742277
-0.179999
0.0970691
0.284897
-0.201967
-1.09344
0.277802
0.198622
-0.580963
-0.76238
0.58353
-0.397171
0.482241
-0.103812
-0.887493
0.833133
1.62426
-1.5699
-1.29731
1.80234
-1.09807
1.1813
-2.16073
-1.36601
-1.30747
0.0668451
0.733329
-0.228245
0.140879
0.396761
-0.309395
-1.16838
0.401059
0.13738
-0.493313
-0.908907
0.491715
-0.4853
0.462426
-0.157512
-0.704933
0.63142
1.64418
-1.57066
-1.09536
1.66778
-0.894476
1.28499
-2.13441
-1.16256
-1.17434
0.0972038
0.721056
-0.26276
0.170298
0.507223
-0.41476
-1.22941
0.514952
0.085581
-0.399682
-1.04819
0.414513
-0.56425
0.434108
-0.203814
-0.503311
0.429826
1.61289
-1.53941
-0.891918
1.6308
-0.757075
1.36853
-1.99755
-0.960548
-1.09099
0.12598
0.705475
-0.28374
0.185831
0.617971
-0.520062
-1.27652
0.625983
0.0337798
-0.298934
-1.18271
0.359486
-0.636793
0.407275
-0.250966
-0.3065
0.224732
1.61962
-1.53785
-0.688578
1.59938
-0.783439
1.4725
-1.91832
-0.757949
-0.977043
0.152843
0.686763
-0.291206
0.187527
0.728968
-0.625288
-1.30966
0.735321
-0.0171011
-0.191318
-1.31358
0.32127
-0.694569
0.381044
-0.297649
-0.109062
0.0245516
1.63423
-1.54972
-0.484371
1.52943
-0.743652
1.57287
-1.79771
-0.558546
-0.808656
0.177861
0.664875
-0.284861
0.175354
0.841167
-0.731659
-1.32879
0.838736
-0.0541837
-0.0836615
-1.43603
0.295172
-0.73642
0.348908
-0.341029
0.0927373
-0.177939
1.64185
-1.55665
-0.279624
1.43575
-0.541855
1.56523
-1.59886
-0.381443
-0.611684
0.200453
0.64021
-0.265603
0.150261
0.953507
-0.838165
-1.33396
0.937272
-0.0776884
0.0235055
-1.54472
0.278775
-0.764284
0.318114
-0.382328
0.294227
-0.366752
1.64371
-1.57119
-0.0754564
1.45594
-0.342774
1.56632
-1.3966
-0.239656
-0.40726
0.22145
0.612548
-0.232332
0.113334
1.06597
-0.946974
-1.32511
1.04461
-0.101141
0.141241
-1.63968
0.267332
-0.778204
0.294394
-0.430152
0.496415
-0.539741
1.66767
-1.62434
0.129237
1.62477
-0.348738
1.72082
-1.19405
-0.167248
-0.203455
0.240687
0.581743
-0.187527
0.067358
1.17945
-1.05928
-1.30227
1.16294
-0.125002
0.261953
-1.72022
0.260444
-0.787372
0.275323
-0.475684
0.696063
-0.671975
1.6577
-1.68179
0.333852
1.81648
-0.359166
1.7643
-0.990191
-0.0674968
0.000532634
0.259524
0.547389
-0.130191
0.0163077
1.29157
-1.17769
-1.26555
1.30002
-0.136049
0.383099
-1.78797
0.26689
-0.773825
0.265974
-0.524508
0.889433
-0.746136
1.62147
-1.76477
0.536746
2.01308
-0.155159
1.77063
-0.785468
0.131521
0.203433
0.276144
0.510231
-0.0661312
-0.0363824
1.40251
-1.3
-1.22882
1.43731
-0.142352
0.50376
-1.83174
0.27588
-0.758977
0.219041
-0.794043
1.00669
-0.763653
1.62991
-1.81201
0.504246
1.94296
0.046682
1.64707
-0.588967
0.125036
0.217021
-15.9509
-24.8916
-7.09897
-13.4062
-3.52964
-0.0954464
-8.616
-3.46394
15.115
6.28702
-19.4187
-31.0573
0.698824
-14.8329
-3.65346
-0.192779
-8.16812
-2.89095
11.821
4.68228
-24.729
-36.2324
12.4379
-12.4406
-2.14374
0.0669226
-7.81886
-1.86731
8.3644
2.76252
-27.1762
-39.6419
25.7739
-12.8044
-1.90684
-0.000641473
-6.6406
-1.44345
6.36481
1.92244
-24.801
-38.9312
38.1923
-14.2219
-3.0241
-0.434189
-8.11136
-2.84628
4.92125
1.57963
-29.3621
-44.9194
48.0768
-13.8487
-2.24872
-0.0439861
-5.19942
-1.1169
4.49272
1.66409
-24.3964
-40.0559
66.0248
-13.9091
-2.16355
-0.107521
-8.68597
-3.83153
3.20237
1.03904
-31.0297
-48.7728
69.3075
-10.9819
0.771366
0.454366
-2.97653
-1.19301
2.43829
0.684449
-26.7056
-44.5024
80.008
-10.577
1.51169
0.135523
-1.60039
-1.43022
0.438934
-0.452131
-25.7555
-45.8429
94.8747
-10.3282
3.67874
0.746112
-3.48939
-3.72196
3.95909
1.3343
-22.9433
-41.6867
99.9991
-8.92014
5.86113
1.00198
0.500564
-2.38235
5.17782
1.87369
4.57103
1.34928
16.7192
7.6299
-17.084
1.48178
-1.63205
-3.16486
-3.35504
-3.71527
-12.2552
199.049
2.25708
308.843
0
0
0
0
0
0
0
0
7.31627
230.648
-7.92439
277.749
0
0
0
0
0
0
0
0
-3.65897
281.681
-1.72148
221.382
0
0
1.10078e-17
0
0
0
0
0
-2.37551
346.653
-2.35166
167.873
0
-1.37171e-23
2.88027e-13
3.60734e-14
0
0
0
0
0.467407
394.073
-1.83646
108.356
0
0
0
0
0
0
0
0
-0.26242
444.557
-0.376017
71.3029
0
0
0
-2.31724e-16
0
0
0
0
0.583017
522.419
-3.99362
-11.5771
0
0
0
-2.32458e-13
0
0
0
0
-0.282846
539.243
0.282846
-22.0013
0
-6.98741e-26
0
0
0
0
0
0
1.02281
577.412
-0.983152
-79.2358
0
1.05219e-13
0
-1.21345e-23
0
0
0
0
-1.29721
656.396
3.38043
-129.135
0
-1.0035e-13
0
-1.48371e-13
0
0
0
0
-43.0712
665.057
46.1759
-166.527
0
-1.5771e-13
0
0
0
0
0
0
59.7746
99.0813
-59.7746
-42.4016
-19.1044
83.5214
-26.3414
46.3238
0
0
0
0
0.816945
-0.014634
0.747198
-0.13734
0.0291276
0.182805
-0.0745933
-1.00056
0.148738
0.274332
-0.659732
-0.625802
0.693512
-0.293324
0.497151
-0.0389603
-1.05819
1.02766
1.59491
-1.56439
-1.49344
1.99975
-1.30334
1.00023
-2.00032
-1.56961
-1.49943
0.0170398
0.742668
-0.214598
0.100066
0.293752
-0.17922
-1.0954
0.293925
0.192389
-0.585939
-0.784986
0.592969
-0.389799
0.426091
-0.0831369
-0.870223
0.808051
1.45733
-1.39516
-1.27698
1.80873
-1.09526
0.967039
-2.15791
-1.35156
-1.29902
0.0460371
0.734502
-0.276835
0.150607
0.409081
-0.282853
-1.17423
0.421796
0.122719
-0.519489
-0.945118
0.508398
-0.471351
0.388808
-0.133381
-0.743252
0.591888
1.55358
-1.40221
-1.06135
1.60869
-0.900999
0.789664
-2.1389
-1.13659
-1.09786
0.0730258
0.722548
-0.331326
0.188757
0.530564
-0.387995
-1.23678
0.536036
0.0609721
-0.464176
-1.10726
0.439307
-0.538058
0.363055
-0.186977
-0.605662
0.388426
1.65633
-1.4391
-0.842258
1.40621
-0.801853
0.65409
-2.18916
-0.927967
-0.896272
0.0978883
0.706701
-0.372653
0.209722
0.657848
-0.494916
-1.28297
0.632974
0.00787797
-0.420717
-1.2716
0.386317
-0.590049
0.334213
-0.238766
-0.427463
0.168882
1.7171
-1.45852
-0.621918
1.20712
-0.71278
0.544364
-2.2125
-0.710893
-0.698087
0.1206
0.687
-0.394619
0.208685
0.789392
-0.603459
-1.31266
0.721552
-0.0309644
-0.385264
-1.43436
0.349305
-0.626347
0.307402
-0.29246
-0.240824
-0.046793
1.77967
-1.49205
-0.399843
1.18243
-0.513868
0.473546
-2.02399
-0.491264
-0.478005
0.142317
0.663475
-0.397136
0.189618
0.92234
-0.714823
-1.32586
0.810902
-0.0593634
-0.3513
-1.58202
0.327793
-0.646923
0.275826
-0.339026
-0.0283459
-0.262122
1.79064
-1.50017
-0.177738
1.30385
-0.297279
0.452827
-1.80398
-0.275815
-0.259849
0.161143
0.637727
-0.387001
0.159487
1.05014
-0.822626
-1.32258
0.909273
-0.0719783
-0.3147
-1.71321
0.317718
-0.652391
0.24927
-0.361444
0.189713
-0.413866
1.6726
-1.44845
0.0442375
1.43108
-0.0893784
0.56671
-1.58418
-0.12412
-0.0473316
0.178593
0.609455
-0.359893
0.116356
1.17452
-0.930987
-1.30287
1.01613
-0.0760913
-0.270757
-1.82774
0.317874
-0.645775
0.238837
-0.406127
0.411049
-0.580764
1.6765
-1.50678
0.265408
1.46143
0.0175677
0.64583
-1.36807
0.0160083
0.106094
0.195707
0.57768
-0.316095
0.0621414
1.29903
-1.04508
-1.26669
1.12599
-0.0648286
-0.219257
-1.92795
0.321596
-0.628688
0.228557
-0.46175
0.625111
-0.733814
1.7198
-1.6111
0.487179
1.53435
0.0636544
0.718823
-1.15052
0.0619548
0.254708
0.212289
0.541474
-0.256489
-0.00178536
1.42679
-1.16852
-1.21426
1.24277
-0.0518997
-0.159047
-2.01085
0.327277
-0.602594
0.219092
-0.527258
0.84583
-0.860846
1.77407
-1.75905
0.70586
1.66545
0.222606
0.848799
-0.93057
0.0993635
0.389952
0.226263
0.501139
-0.18109
-0.0775852
1.55867
-1.3
-1.15281
1.36371
-0.0298151
-0.0966434
-2.06748
0.334173
-0.56928
0.182438
-0.81655
1.0362
-0.94525
1.85931
-1.86582
0.825434
1.57258
0.361261
0.741876
-0.71512
0.0553127
0.49813
-12.1591
-13.8741
13.8491
-11.3381
-2.4418
0.129486
-9.09027
-3.89452
16.4141
6.84439
-11.6525
-20.2096
18.7993
-15.8931
-3.96421
-0.277906
-14.9486
-6.73512
12.3045
4.70785
-13.5819
-27.2166
19.704
-18.1301
-5.03772
-0.533326
-12.5659
-4.95733
8.00485
2.841
-23.2088
-42.4917
20.4666
-16.9176
-4.53462
-0.612694
-14.5526
-6.56115
6.3215
2.29745
-29.4617
-52.2806
22.0525
-16.5204
-4.44625
-0.472583
-10.1352
-2.83402
4.5128
1.80607
-40.8487
-68.604
19.7293
-11.7868
-1.20419
0.236843
-8.97323
-1.42717
3.74616
1.71413
-41.7389
-72.3699
31.2535
-12.2492
-1.25457
0.175233
-7.40463
-0.266032
2.95305
1.40691
-45.8215
-85.4301
35.2255
-13.4795
-0.86551
0.206121
-5.34088
1.35073
0.333825
-0.065011
-39.7984
-81.1548
34.4651
-13.3642
-1.43211
-0.200275
-6.9764
0.0645022
1.39852
0.438195
-38.0355
-79.4588
60.2311
-11.6159
2.39746
0.550025
-3.95714
1.37429
-1.67899
-1.51488
-34.8609
-75.8472
56.0707
-9.71519
3.93916
0.791683
-3.60345
0.916296
2.87265
0.908647
-21.0329
-31.7225
0.61419
15.603
-3.03632
3.38138
-2.76212
-1.00537
-0.715241
-0.848521
-18.3693
312.503
-29.098
202.263
0
7.87816e-15
0
0
0
0
0
0
-14.3459
334.113
-15.1642
198.598
-4.40025e-15
7.87329e-15
0
2.86725e-13
0
0
0
0
-8.25128
317.988
-3.49512
186.322
0
-1.01136e-24
0
0
0
0
0
0
-2.58272
327.318
-5.6086
194.735
0
0
0
-5.54233e-22
0
0
0
0
-3.64539
323.355
2.34263
179.982
0
5.84607e-14
0
0
0
0
0
0
-2.38727
314.892
2.38465
194.777
0
-1.50079e-13
0
0
0
0
0
0
1.3042
366.802
-1.2921
143.578
0
0
0
6.0423e-25
0
0
0
0
4.51564
395.433
3.37698
148.395
0
-1.96746e-13
0
1.37019e-14
0
0
0
0
15.1601
359.375
9.55335
126.865
0
1.83328e-13
0
0
0
0
0
0
2.72532
502.482
1.36538
28.3654
0
-1.88608e-15
0
0
0
0
0
0
40.2912
452.428
-21.7587
20.8921
0
0
0
0
0
0
0
0
6.06419
52.1263
-5.25119
62.191
-18.07
64.3458
-13.66
26.3113
0
0
0
0
