0.752614
0.000622355
0.74748
-0.119276
0.0382133
0.175642
-0.0945798
-1.00468
0.1476
0.273974
-0.659959
-0.625038
0.689969
-0.295172
0.500442
-0.0487723
-1.05377
1.031
1.5923
-1.56953
-1.49755
1.99969
-1.29977
1.00043
-1.99962
-1.57073
-1.49991
0.0345188
0.742277
-0.179999
0.0970691
0.284897
-0.201967
-1.09344
0.277802
0.198622
-0.580963
-0.76238
0.58353
-0.397171
0.482241
-0.103812
-0.887493
0.833133
1.62426
-1.5699
-1.29731
1.80234
-1.09807
1.1813
-2.16073
-1.36601
-1.30747
0.0668451
0.733329
-0.228245
0.140879
0.396761
-0.309395
-1.16838
0.401059
0.13738
-0.493313
-0.908907
0.491715
-0.4853
0.462426
-0.157512
-0.704933
0.63142
1.64418
-1.57066
-1.09536
1.66778
-0.894476
1.28499
-2.13441
-1.16256
-1.17434
0.0972038
0.721056
-0.26276
0.170298
0.507223
-0.41476
-1.22941
0.514952
0.085581
-0.399682
-1.04819
0.414513
-0.56425
0.434108
-0.203814
-0.503311
0.429826
1.61289
-1.53941
-0.891918
1.6308
-0.757075
1.36853
-1.99755
-0.960548
-1.09099
0.12598
0.705475
-0.28374
0.185831
0.617971
-0.520062
-1.27652
0.625983
0.0337798
-0.298934
-1.18271
0.359486
-0.636793
0.407275
-0.250966
-0.3065
0.224732
1.61962
-1.53785
-0.688578
1.59938
-0.783439
1.4725
-1.91832
-0.757949
-0.977043
0.152843
0.686763
-0.291206
0.187527
0.728968
-0.625288
-1.30966
0.735321
-0.0171011
-0.191318
-1.31358
0.32127
-0.694569
0.381044
-0.297649
-0.109062
0.0245516
1.63423
-1.54972
-0.484371
1.52943
-0.743652
1.57287
-1.79771
-0.558546
-0.808656
0.177861
0.664875
-0.284861
0.175354
0.841167
-0.731659
-1.32879
0.838736
-0.0541837
-0.0836615
-1.43603
0.295172
-0.73642
0.348908
-0.341029
0.0927373
-0.177939
1.64185
-1.55665
-0.279624
1.43575
-0.541855
1.56523
-1.59886
-0.381443
-0.611684
0.200453
0.64021
-0.265603
0.150261
0.953507
-0.838165
-1.33396
0.937272
-0.0776884
0.0235055
-1.54472
0.278775
-0.764284
0.318114
-0.382328
0.294227
-0.366752
1.64371
-1.57119
-0.0754564
1.45594
-0.342774
1.56632
-1.3966
-0.239656
-0.40726
0.22145
0.612548
-0.232332
0.113334
1.06597
-0.946974
-1.32511
1.04461
-0.101141
0.141241
-1.63968
0.267332
-0.778204
0.294394
-0.430152
0.496415
-0.539741
1.66767
-1.62434
0.129237
1.62477
-0.348738
1.72082
-1.19405
-0.167248
-0.203455
0.240687
0.581743
-0.187527
0.067358
1.17945
-1.05928
-1.30227
1.16294
-0.125002
0.261953
-1.72022
0.260444
-0.787372
0.275323
-0.475684
0.696063
-0.671975
1.6577
-1.68179
0.333852
1.81648
-0.359166
1.7643
-0.990191
-0.0674968
0.000532634
0.259524
0.547389
-0.130191
0.0163077
1.29157
-1.17769
-1.26555
1.30002
-0.136049
0.383099
-1.78797
0.26689
-0.773825
0.265974
-0.524508
0.889433
-0.746136
1.62147
-1.76477
0.536746
2.01308
-0.155159
1.77063
-0.785468
0.131521
0.203433
0.276144
0.510231
-0.0661312
-0.0363824
1.40251
-1.3
-1.22882
1.43731
-0.142352
0.50376
-1.83174
0.27588
-0.758977
0.219041
-0.794043
1.00669
-0.763653
1.62991
-1.81201
0.504246
1.94296
0.046682
1.64707
-0.588967
0.125036
0.217021
-15.9509
-24.8916
-7.09897
-13.4062
-3.52964
-0.0954464
-8.616
-3.46394
15.115
6.28702
-19.4187
-31.0573
0.698824
-14.8329
-3.65346
-0.192779
-8.16812
-2.89095
11.821
4.68228
-24.729
-36.2324
12.4379
-12.4406
-2.14374
0.0669226
-7.81886
-1.86731
8.3644
2.76252
-27.1762
-39.6419
25.7739
-12.8044
-1.90684
-0.000641473
-6.6406
-1.44345
6.36481
1.92244
-24.801
-38.9312
38.1923
-14.2219
-3.0241
-0.434189
-8.11136
-2.84628
4.92125
1.57963
-29.3621
-44.9194
48.0768
-13.8487
-2.24872
-0.0439861
-5.19942
-1.1169
4.49272
1.66409
-24.3964
-40.0559
66.0248
-13.9091
-2.16355
-0.107521
-8.68597
-3.83153
3.20237
1.03904
-31.0297
-48.7728
69.3075
-10.9819
0.771366
0.454366
-2.97653
-1.19301
2.43829
0.684449
-26.7056
-44.5024
80.008
-10.577
1.51169
0.135523
-1.60039
-1.43022
0.438934
-0.452131
-25.7555
-45.8429
94.8747
-10.3282
3.67874
0.746112
-3.48939
-3.72196
3.95909
1.3343
-22.9433
-41.6867
99.9991
-8.92014
5.86113
1.00198
0.500564
-2.38235
5.17782
1.87369
4.57103
1.34928
16.7192
7.6299
-17.084
1.48178
-1.63205
-3.16486
-3.35504
-3.71527
-12.2552
199.049
2.25708
308.843
0
0
0
0
0
0
0
0
7.31627
230.648
-7.92439
277.749
0
0
0
0
0
0
0
0
-3.65897
281.681
-1.72148
221.382
0
0
1.10078e-17
0
0
0
0
0
-2.37551
346.653
-2.35166
167.873
0
-1.37171e-23
2.88027e-13
3.60734e-14
0
0
0
0
0.467407
394.073
-1.83646
108.356
0
0
0
0
0
0
0
0
-0.26242
444.557
-0.376017
71.3029
0
0
0
-2.31724e-16
0
0
0
0
0.583017
522.419
-3.99362
-11.5771
0
0
0
-2.32458e-13
0
0
0
0
-0.282846
539.243
0.282846
-22.0013
0
-6.98741e-26
0
0
0
0
0
0
1.02281
577.412
-0.983152
-79.2358
0
1.05219e-13
0
-1.21345e-23
0
0
0
0
-1.29721
656.396
3.38043
-129.135
0
-1.0035e-13
0
-1.48371e-13
0
0
0
0
-43.0712
665.057
46.1759
-166.527
0
-1.5771e-13
0
0
0
0
0
0
59.7746
99.0813
-59.7746
-42.4016
-19.1044
83.5214
-26.3414
46.3238
0
0
0
0
