0.820934
-0.1969
0.718431
-0.0395842
-0.279784
0.0129848
0.306384
-1.1295
0.1257
0.2707
-0.765001
-0.6541
0.6592
-0.354
0.74671
0.239001
-1.05311
1.68199
1.15468
-1.78355
-1.4471
1.9715
-1.2846
0.8639
-1.8168
-1.4481
-1.4707
-0.134372
0.734426
-0.124882
-0.139378
0.101555
0.162705
-1.25245
0.284132
0.153962
-0.6862
-0.795709
0.527111
-0.48815
0.594907
0.0728485
-0.935129
1.41034
0.971003
-1.53412
-1.17734
1.73691
-1.18305
1.12595
-1.55247
-1.28839
-1.31446
-0.0843083
0.74107
-0.202243
-0.0293109
0.191891
0.0396628
-1.33516
0.419202
0.0659545
-0.583496
-0.913193
0.40959
-0.605813
0.481526
0.00196242
-0.848124
1.16031
0.990373
-1.26047
-0.906779
1.48078
-0.964836
1.37374
-1.28799
-1.09464
-1.04821
-0.0504841
0.741249
-0.278708
0.0535887
0.283306
-0.0581868
-1.39394
0.545885
-0.0168206
-0.459408
-1.00928
0.332264
-0.683101
0.370819
-0.02083
-0.70308
0.908838
1.00219
-1.06188
-0.644451
1.23542
-0.907473
1.36039
-1.05344
-0.825977
-0.847316
-0.0198524
0.739205
-0.328682
0.113732
0.357918
-0.142968
-1.43111
0.658574
-0.0995956
-0.359853
-1.08729
0.281383
-0.745544
0.261288
-0.0363349
-0.51236
0.659359
0.817982
-0.868181
-0.407516
0.965905
-0.985349
1.09143
-0.855189
-0.557814
-0.684573
0.0031272
0.735933
-0.374609
0.166132
0.416841
-0.208364
-1.44559
0.734119
-0.176323
-0.281356
-1.1451
0.254797
-0.786873
0.225663
-0.0357818
-0.503502
0.574467
0.645978
-0.673078
-0.158715
0.725388
-0.841172
0.860579
-0.633834
-0.29146
-0.453094
0.021868
0.732373
-0.420536
0.218532
0.463148
-0.261144
-1.43529
0.800286
-0.228231
-0.224287
-1.17875
0.25149
-0.807705
0.205457
-0.0461749
-0.526804
0.542448
0.507671
-0.504682
0.11297
0.487849
-0.569071
0.625651
-0.368889
-0.0362607
-0.228388
0.0361411
0.728161
-0.454644
0.252367
0.509455
-0.307179
-1.42499
0.828398
-0.260256
-0.192167
-1.19417
0.263916
-0.826938
0.13688
-0.0534613
-0.354641
0.370938
0.292762
-0.281358
0.112872
0.220113
-0.3511
0.352138
-0.16899
0.13623
-0.210852
0.0409578
0.726189
-0.474793
0.270187
0.529778
-0.325173
-1.4147
0.848475
-0.272361
-0.179434
-1.19902
0.276342
-0.839744
0.052806
-0.0216128
-0.125438
0.128885
0.0987791
-0.0944456
-0.0102696
0.0414048
-0.132707
0.108226
-0.0532571
0.093647
-0.14039
0.0409578
0.726189
-0.486115
0.281508
0.529781
-0.325174
-1.41563
0.848476
-0.284466
-0.170662
-1.19902
0.282824
-0.839744
-2.61445e-08
-1.61267e-07
4.19286e-07
-1.43485e-06
5.37625e-06
-1.56217e-05
-3.48143e-06
3.58767e-06
2.45495e-06
1.57244e-06
-2.02929e-06
-1.33197e-07
7.95919e-07
12.4321
5.40643
-0.50214
-8.6977
-1.86999
0.0188902
-0.801882
0.94122
13.6914
4.71499
14.0733
1.75067
2.5525
-17.5869
-5.19089
-0.630431
-4.48673
-0.695472
10.4127
3.06198
5.24189
-9.81982
3.98771
-19.7094
-5.43561
-0.5997
-6.5234
-1.43678
8.66939
2.41423
-1.94005
-21.4791
4.98178
-20.2815
-6.11064
-1.04932
-12.9994
-5.15195
5.05741
0.790308
-8.92242
-30.7542
6.70738
-20.9298
-6.38097
-1.0089
-13.1997
-5.39757
3.09551
0.357083
-2.03381
-32.1126
5.36802
-27.6456
-9.74351
-1.44509
-14.9289
-6.81604
-1.59359
-1.96842
-20.382
-43.5497
6.75718
-19.7856
-6.10338
-0.821157
-12.3934
-4.95657
-0.274109
-0.868436
-18.318
-50.3609
7.34553
-31.7833
-11.353
-1.94201
-14.065
-5.83018
-5.44135
-4.2202
-29.3552
-56.6389
10.417
-23.2693
-6.77805
-0.964195
-13.3942
-5.53613
-5.6651
-3.56986
-20.1045
-52.8182
1.8786
-27.422
-9.33054
-1.57248
-12.9378
-5.82508
-7.59597
-5.24404
-48.1108
230.469
-56.4877
185.922
0
0
0
0
0
0
0
0
-36.5559
256.001
-36.89
218.32
0
0
0
0
0
0
0
0
-32.7563
279.767
-33.3331
246.647
0
0
0
0
0
0
0
0
-8.60708
283.775
-41.3204
252.321
0
0
0
0
0
0
0
0
-22.3087
290.888
-18.0033
253.911
0
0
0
0
0
0
0
0
0.136757
270.856
-0.524447
278.925
0
0
0
0
0
0
0
0
-13.8778
275.158
-12.6354
248.751
0
0
0
0
0
0
0
0
-4.31907
296.107
-3.64044
286.261
0
0
0
0
0
0
0
0
-14.7804
320.843
-13.5527
267.039
0
0
0
0
0
0
0
0
-0.936838
255.561
0.936838
298.704
0
0
0
0
0
0
0
0
