3.33742
8.21614e-06
0.656364
0.0997447
-0.071773
0.750084
-0.778056
-0.877798
0.750027
0.028027
-0.660068
-0.625079
0.690018
-0.295101
0.149296
0.0600491
0.434199
0.231837
-0.955814
0.289778
-0.182137
0.02788
-0.279943
0.957606
0.533996
0.0389053
-0.749693
0.0343737
0.667956
0.178299
0.0161732
0.503096
-0.697568
-0.903564
0.764431
-0.039166
-0.17748
-0.344257
0.721116
-0.204465
0.056426
0.0158474
0.134261
0.174561
-0.47764
0.168817
-0.0540418
0.0334559
-0.113676
1.2113
0.863328
0.0885188
0.239857
0.0368221
0.675384
0.187933
0.0585374
0.395973
-0.642444
-0.878907
0.711618
-0.0206447
0.0121398
-0.0749619
0.625412
-0.0832047
0.000581587
0.0135702
0.000698794
0.088753
-0.195566
0.106115
0.0632806
-0.111504
0.0475249
0.320543
-0.257034
-0.211558
0.501201
0.0306915
0.683652
0.198042
0.0771344
0.310253
-0.585429
-0.847649
0.618968
0.0306387
0.100226
-0.260432
0.610254
-0.0673322
-0.0198935
0.0190573
0.0338759
0.0154217
-0.17966
0.130362
0.070374
-0.248545
0.144295
-0.0295476
-0.447726
0.055125
-0.310735
0.0211129
0.692005
0.2167
0.082432
0.224595
-0.523727
-0.81406
0.494662
0.102699
0.129591
-0.338826
0.624173
-0.213437
-0.0200906
0.0155984
0.0421007
0.00570273
-0.17194
0.124137
0.0718146
-0.270746
0.156831
0.0626042
0.106979
-0.0405573
-0.304761
0.0130114
0.697207
0.22091
0.0881724
0.175331
-0.484413
-0.773233
0.386319
0.166003
0.161524
-0.282005
0.532388
-0.499947
-0.0125903
0.00580085
-0.0249118
0.0120402
-0.0170484
0.02992
0.0886218
-0.157982
0.0942722
0.0916005
0.42734
-0.524585
-1.07231
0.00822368
0.699048
0.201866
0.097002
0.17992
-0.478788
-0.730531
0.327043
0.201622
0.217129
-0.134047
0.119979
-0.827588
-0.00448711
0.00123252
-0.0753641
0.058629
0.0191989
-0.0024638
0.0955369
-0.0520438
0.031871
0.199649
0.287214
-1.10568
-0.115599
0.00658366
0.699548
0.184384
0.109208
0.185196
-0.478788
-0.704868
0.306469
0.214015
0.292996
-0.0329266
-0.0115992
-0.854242
-7.84484e-09
-1.02794e-08
-3.16671e-08
-1.81194e-07
4.1523e-07
-2.02369e-07
-5.37852e-08
1.36618e-07
-5.11659e-08
-5.35756e-08
7.34256e-08
-2.5474e-08
4.76976e-08
-25.3036
-25.8979
8.8461
49.6928
-7.70074
3.72372
-7.58048
-3.44905
13.9905
4.53234
-36.6102
-27.7389
8.39532
58.5791
-2.88399
5.87451
-3.93002
-3.89372
12.9878
4.17334
-40.973
-29.3439
7.41475
54.6625
0.670804
4.57171
-1.41326
-2.20739
11.9592
3.3799
-38.9342
-27.1413
7.66688
50.5353
1.8477
3.48946
6.30123
1.95323
12.2083
3.85214
-38.7141
-24.271
6.66811
53.7284
9.94301
2.99613
3.2218
-0.285355
12.1327
3.57152
-32.321
-19.664
7.43854
52.4093
13.0097
2.23348
6.64229
1.57162
5.32968
-1.484
-34.9704
-21.4764
6.85806
54.4189
16.6057
1.97554
4.78911
0.661101
5.39274
0.161563
-29.626
-18.7501
7.46932
50.1934
14.9314
1.71422
7.96221
2.60986
-1.82077
-3.82361
3.89433
120.498
4.08249
68.1749
-18.8181
194.684
-23.1843
162.147
0
0
0
0
1.80632
128.028
1.32143
77.2227
-6.11832
191.526
-5.61871
166.969
0
0
0
0
3.12322
130.741
2.77943
93.2372
-2.22244
166.701
-1.83278
156.636
0
0
0
0
6.24946
135.539
5.91099
102.936
-6.5691
166.09
-6.92543
157.266
0
0
0
0
4.71242
130.804
3.81357
103.389
-4.14898
156.419
-4.27228
155.179
0
0
0
0
9.49214
133.656
8.83772
109.052
-7.99994
158.405
-7.62311
158.086
0
0
0
0
6.43159
132.539
5.50301
107.066
-6.72854
154.837
-6.55734
158.543
0
0
0
0
11.0233
132.478
9.31089
109.277
-8.16178
156.421
-12.1725
156.088
0
0
0
-7.71178e-15
