0.25
0.620341
0.285798
0.807545
0.451279
0.045918
-1.29999
-2.10279
2.55669
-1.25936
1.00896
-0.369284
-0.280107
-0.516729
-0.384294
0.104311
0.53542
-0.204244
-0.56657
0.0229948
-0.715807
0.525753
-0.523774
-0.329752
1.88835
1.87678
-2.72684
0.620532
0.283613
0.82143
0.446858
0.0324922
-1.3
-2.12037
2.56922
-1.27167
0.999131
-0.31914
-0.235233
-0.590159
-0.355915
0.116818
0.499217
-0.152068
-0.483328
-0.00036765
-0.632909
0.45114
-0.443078
-0.353733
1.80521
1.79378
-2.64351
0.621386
0.280507
0.835544
0.44314
0.0213714
-1.3
-2.13548
2.57945
-1.28167
0.988662
-0.271307
-0.190971
-0.661454
-0.321262
0.117293
0.463495
-0.133847
-0.400349
0.000917066
-0.550338
0.36827
-0.35984
-0.376891
1.72198
1.71402
-2.56661
0.622381
0.277287
0.848724
0.439422
0.0125624
-1.29999
-2.14845
2.58909
-1.28936
0.977252
-0.225783
-0.147036
-0.730443
-0.26185
0.0990837
0.384305
-0.157029
-0.317125
-0.000183413
-0.467138
0.286101
-0.27689
-0.410734
1.63885
1.63208
-2.48358
0.622963
0.275257
0.859399
0.435247
0.00606081
-1.29999
-2.15912
2.59558
-1.29587
0.965843
-0.182571
-0.103951
-0.796628
-0.209915
0.0926215
0.305136
-0.149356
-0.234058
-0.000183413
-0.383862
0.20322
-0.194482
-0.402517
1.55566
1.55106
-2.40067
0.623271
0.274106
0.867603
0.431012
0.0018737
-1.3
-2.16747
2.59921
-1.29917
0.954213
-0.141672
-0.0608395
-0.861001
-0.148512
0.0715529
0.222614
-0.152444
-0.150736
-0.013234
-0.300802
0.120875
-0.112092
-0.418688
1.47234
1.47306
-2.32262
0.623365
0.273702
0.87346
0.426778
0
-1.3
-2.17352
2.60043
-1.3
0.940867
-0.103084
-0.0199213
-0.920509
-0.0943267
0.0478678
0.163257
-0.150728
-0.0674532
0.00159149
-0.217646
0.0440421
-0.029766
-0.480454
1.38919
1.39198
-2.23939
0.623288
0.27392
0.877275
0.422595
0.000112916
-1.29998
-2.17725
2.59987
-1.29994
0.925258
-0.0667742
0.0187449
-0.975339
-0.0563655
0.0321841
0.125978
-0.110213
0.0137844
0.000715437
-0.134528
-0.0201808
0.0360753
-0.561846
1.30621
1.30924
-2.15652
0.623246
0.274066
0.879896
0.419534
0.00052736
-1.29996
-2.1799
2.59939
-1.29939
0.909652
-0.0328006
0.0551128
-1.02801
-0.0113479
0.00354231
0.0943576
-0.0543876
0.0171936
-0.00124585
-0.0801899
-0.00951071
0.0195524
-0.644293
1.22305
1.22755
-2.07763
0.623394
0.273704
0.882094
0.418246
0
-1.29999
-2.1817
2.60021
-1.3
0.891755
0
0.0892114
-1.08437
0.015021
-0.0153242
0.0817801
-0.026432
-0.018985
0.00897513
-0.0671027
0.0295866
-0.0220941
-0.685474
1.18082
1.18397
-2.02905
-2.40573
-1.6432
6.71227
21.4089
-48.3671
17.3716
9.40575
0.434866
-29.009
-2.07887
17.5158
5.90007
6.205
5.32161
-79.6366
13.2336
18.6858
5.8118
-25.8587
1.78373
-9.50141
-4.91325
5.1644
17.6609
-50.4964
16.3668
8.09651
0.0384264
6.04651
22.1422
1.2033
-0.42859
5.36197
21.3601
-54.3093
18.2538
13.5549
2.92104
-31.7124
1.12518
1.3462
-0.474312
5.24781
20.0455
-54.194
17.9013
13.5771
2.90286
-30.4549
4.37979
-6.14542
-3.38136
5.14802
17.851
-53.3256
16.5266
9.43915
0.888181
3.34088
23.8825
4.09577
0.548615
5.40072
18.6157
-52.9722
16.6822
9.8973
1.16307
-29.9375
5.54472
3.49007
0.191854
5.50068
17.4887
-49.8422
15.7508
9.31237
0.91575
-29.3719
7.25366
-4.26887
-3.84588
5.38418
17.1451
-52.8756
15.3413
8.64336
0.788491
0.248053
22.5128
18.335
4.81073
1.11802
2.77919
-72.8756
12.4859
17.3505
5.9436
-27.298
12.2107
4.04406
53.1716
3.97668
0
40.1503
159.291
40.2939
100.311
0
0
5.64931
244.217
0.771603
44.3696
0.926873
-4.33681e-19
-0.201116
203.7
0.201116
123.958
0
0
4.41761
248.587
0.129641
48.0397
0.151871
0
33.0751
157.831
33.9668
95.2985
0
0
54.4422
198.527
1.92566
42.8128
2.06463
0
40.7879
170.622
39.5758
106.301
0
0
3.34693
236.118
2.02057
43.2543
2.05731
0
38.0908
168.741
40.0117
104.811
0
0
7.56247
241.775
0.765089
45.0292
0.934276
0
35.1219
160.414
35.7293
100.157
0
0
51.7105
187.259
0.00181399
44.0711
-0.00181399
0
32.4677
162.808
33.4774
100.479
0
0
2.85021
223.692
-0.935563
46.5364
-0.766033
0
31.1834
154.077
31.6652
95.4201
0
0
3.94057
223.337
-1.56295
49.7513
-1.38152
0
28.5701
158.162
35.488
103.729
0
0
40.2883
168.254
-1.21174
13.0835
0.360532
2.35811
-0.0697458
189.507
0.913896
110.733
0
0
2.09451
239.825
