3.5
4.39994
0.656292
0.0996594
-0.0714693
0.750171
-0.778361
-0.878015
0.750046
0.0283096
-0.485104
-0.880396
-0.620029
-0.5595
0.149074
0.0474814
-0.108975
0.733944
-0.85814
0.233171
0.304163
0.12464
-0.319828
0.468311
-0.313512
0.513495
-0.396551
4.4065
0.658275
0.0862526
-0.0252105
0.700986
-0.762028
-0.855254
0.754013
0.0149891
-0.480024
-0.864525
-0.623835
-0.530074
0.127777
0.0406984
-0.093407
0.629095
-0.735549
0.199861
0.260711
0.106834
-0.274139
0.40141
-0.268724
0.440139
-0.339901
4.41306
0.660258
0.0728459
0.0210483
0.651801
-0.745695
-0.832493
0.757979
0.00166856
-0.474944
-0.848654
-0.627641
-0.500648
0.106481
0.0339153
-0.0778392
0.524246
-0.612957
0.166551
0.21726
0.0890284
-0.228449
0.334508
-0.223937
0.366782
-0.283251
4.41962
0.662241
0.0594392
0.067307
0.602616
-0.729362
-0.809732
0.761945
-0.0116519
-0.469864
-0.832783
-0.631447
-0.471221
0.0851849
0.0271323
-0.0622713
0.419396
-0.490366
0.13324
0.173808
0.0712228
-0.182759
0.267607
-0.17915
0.293426
-0.226601
4.42618
0.664224
0.0460324
0.113566
0.553431
-0.713029
-0.786971
0.765911
-0.0249725
-0.464784
-0.816912
-0.635253
-0.441795
0.0638887
0.0203492
-0.0467035
0.314547
-0.367774
0.0999304
0.130356
0.0534171
-0.137069
0.200705
-0.134362
0.220069
-0.16995
4.43274
0.666207
0.0326257
0.159825
0.504246
-0.696696
-0.764209
0.769877
-0.038293
-0.459704
-0.80104
-0.639058
-0.412369
0.0425924
0.0135661
-0.0311357
0.209698
-0.245183
0.0666202
0.0869038
0.0356114
-0.0913795
0.133803
-0.0895748
0.146713
-0.1133
4.4393
0.66819
0.019219
0.206083
0.455061
-0.680363
-0.741448
0.773843
-0.0516135
-0.454624
-0.785169
-0.642864
-0.382942
0.0212962
0.00678306
-0.0155678
0.104849
-0.122591
0.0333101
0.0434519
0.0178057
-0.0456898
0.0669016
-0.0447874
0.0733564
-0.0566501
4.44586
0.670173
0.00581223
0.252342
0.405876
-0.66403
-0.718687
0.777809
-0.064934
-0.449544
-0.769298
-0.64667
-0.353516
-7.35782e-09
-1.39305e-09
5.11363e-09
-4.89986e-08
6.90169e-08
-2.51319e-08
-1.33024e-08
-8.29079e-09
1.64795e-08
-2.67573e-08
2.3811e-08
-4.02697e-08
4.53483e-08
-33.9381
-33.9765
4.03707
4.16179
-16.8589
-2.99086
21.5928
21.3338
19.6132
19.6362
-34.5511
-33.7537
4.15498
3.90216
-17.1503
-2.95021
22.1779
21.2828
20.1928
19.6292
-35.2144
-33.4887
4.26936
3.62623
-17.4544
-2.91158
22.7761
21.2488
20.7839
19.6482
-35.9263
-33.1815
4.38029
3.33421
-17.7713
-2.87495
23.388
21.232
21.3874
19.694
-36.6852
-32.8324
4.48786
3.02628
-18.1008
-2.84031
24.0142
21.2325
22.0042
19.767
-37.4893
-32.4415
4.59212
2.70258
-18.4428
-2.80764
24.6552
21.2506
22.6351
19.8679
-38.3367
-32.0091
4.69314
2.36321
-18.7973
-2.77697
25.3115
21.2864
23.281
19.9976
-39.2008
-30.921
4.69207
1.61986
-19.1933
-2.69825
25.3148
21.0117
23.3534
19.6078
5.41571
105.921
5.41571
100.866
-22.9838
95.2128
-22.9838
101.001
-3.86367
64.7024
-8.22199
67.2295
6.13587
107.453
6.13587
103.08
-22.4885
95.4102
-22.4885
101.826
-1.1987
63.8242
-5.83731
66.3614
6.84427
109.023
6.84427
105.343
-22.0024
95.6241
-22.0024
102.676
1.48274
62.9328
-3.44039
65.4817
7.54332
110.629
7.54332
107.658
-21.5246
95.854
-21.5246
103.551
4.18348
62.0273
-1.0283
64.5903
8.23536
112.272
8.23536
110.024
-21.0544
96.0997
-21.0544
104.452
2.03689
61.1067
1.40192
63.6868
8.92266
113.951
8.92266
112.443
-20.5909
96.3604
-20.5909
105.38
2.00566
60.1699
2.09236
62.7707
9.60745
115.667
9.60745
114.917
-20.1334
96.6357
-20.1334
106.335
12.4309
59.2156
6.32898
61.8415
9.76672
115.45
9.76672
114.969
-19.7132
96.3417
-19.7132
106.021
12.9043
58.6352
6.76141
61.3111
