0.25
0.620028
0.287044
0.810491
0.446462
0.0458284
-1.29761
-2.10633
2.5557
-1.25879
1.02963
-0.367849
-0.283493
-0.521267
-0.341149
0.293474
0.542988
-0.183202
-0.566059
0.0237017
-0.703424
0.531243
-0.524385
-0.329749
1.88085
1.86988
-2.71808
0.620662
0.28388
0.825574
0.442629
0.032415
-1.29832
-2.12356
2.56819
-1.27105
1.01908
-0.317913
-0.233854
-0.594503
-0.287263
0.247511
0.465239
-0.119255
-0.482882
-0.0525494
-0.620187
0.449705
-0.441087
-0.37993
1.79771
1.78702
-2.63649
0.621336
0.280668
0.838497
0.439964
0.0213157
-1.29978
-2.13785
2.57877
-1.28108
1.00656
-0.270286
-0.189577
-0.665424
-0.250264
0.208094
0.39125
-0.0959177
-0.399576
-0.0683733
-0.537165
0.368155
-0.361234
-0.450524
1.71456
1.704
-2.55316
0.622325
0.277428
0.850671
0.4373
0.012529
-1.3
-2.15048
2.58863
-1.28882
0.992025
-0.22497
-0.145197
-0.734118
-0.228827
0.163417
0.340274
-0.125235
-0.31632
-0.00381701
-0.454878
0.285474
-0.278714
-0.523344
1.6314
1.62468
-2.47297
0.622954
0.275278
0.861
0.433625
0.00604791
-1.3
-2.16081
2.59545
-1.29545
0.97674
-0.181958
-0.102365
-0.799844
-0.186021
0.142047
0.283411
-0.154003
-0.233319
0.000296114
-0.371837
0.202843
-0.196402
-0.550275
1.54841
1.54195
-2.38968
0.623216
0.27425
0.868873
0.429543
0.00187658
-1.3
-2.16883
2.59884
-1.29878
0.961773
-0.14125
-0.059515
-0.863709
-0.138848
0.094101
0.204723
-0.146981
-0.150168
-0.0373963
-0.288715
0.12196
-0.120019
-0.538805
1.46552
1.46113
-2.30896
0.6233
0.273874
0.87454
0.42546
0
-1.3
-2.17454
2.6
-1.3
0.946806
-0.102803
-0.018928
-0.922637
-0.0907497
0.0541802
0.126056
-0.11268
-0.0675568
-3.05154e-15
-0.205514
0.0388953
-0.0438972
-0.541797
1.38408
1.37918
-2.22603
0.623282
0.273811
0.877758
0.42233
0
-1.3
-2.17796
2.6002
-1.3
0.931756
-0.0665667
0.0193825
-0.976483
-0.0470361
0.00448109
0.0774339
-0.089148
0.00217954
0.0128756
-0.123162
-0.0159655
0.0208091
-0.58382
1.301
1.30271
-2.14687
0.623283
0.273935
0.879909
0.419964
6.05429e-05
-1.29993
-2.17997
2.59976
-1.29956
0.915539
-0.0326997
0.0555688
-1.02615
-0.0161516
-0.0343879
0.0859855
-0.0744385
0.00865636
-0.00662393
-0.0722649
-0.00671489
0.00747701
-0.656691
1.21921
1.22079
-2.0659
0.623377
0.273734
0.882334
0.417947
0
-1.3
-2.1817
2.60019
-1.3
0.897298
0
0.0894795
-1.08206
0.00998137
-0.0155345
0.104079
-0.0726272
-0.0125365
-0.00142142
-0.0628707
0.0153444
-0.0339493
-0.697781
1.17719
1.17156
-2.01276
-17.5508
-12.8818
-2.23117
17.7248
-40.519
15.0472
7.75986
0.207806
10.6194
20.2984
4.59749
0.117105
3.31674
17.5357
-48.8972
15.5932
8.6185
0.540425
-30.8678
-2.70083
5.06943
0.978433
2.57787
6.79117
-53.6571
15.3498
6.50214
-0.34427
5.30719
21.7547
13.3786
4.2484
1.88956
7.49976
-53.7415
14.025
8.59306
1.03653
-22.7564
5.06299
-4.91414
-3.69768
4.35734
20.5056
-67.12
17.1325
14.1516
3.03938
-1.08542
20.7921
8.18255
2.51506
2.09746
5.28277
-34.7383
11.0695
7.9462
1.16007
-23.4323
7.02795
-3.22187
-2.48298
6.54398
27.7904
-69.5539
23.8172
13.9259
2.68937
-3.87226
20.5227
5.56823
1.17904
2.17106
0.56594
-29.5094
3.86732
4.33109
-0.362691
-19.1239
9.17296
-1.52948
-3.57152
5.90504
12.1757
-78.1757
10.7946
15.0814
3.64672
-2.87974
25.7679
-11.8309
-9.61684
2.4286
1.13306
-20.8031
10.9588
17.326
5.9352
-46.9591
17.5802
1.66117
17.4172
-1.32775
38.3023
23.1898
136.552
41.1728
78.8401
0
0
54.6962
178.364
-12.4518
33.0723
12.635
4.37475
19.9633
152.421
43.1803
93.8865
0
0
0.108798
225.369
-22.7349
22.8471
22.9704
3.38813e-21
1.85607
175.214
0.45252
64.7242
0
0
51.412
200.376
-9.18972
14.4943
9.18972
0
20.5607
166.467
-16.1756
71.9535
3.25899e-14
0
8.70835
212.222
-3.0305
43.2931
5.57487
3.25748
42.6638
179.595
47.0629
136.192
0
0
47.0167
203.641
-6.8908
17.4328
6.8908
-4.33681e-19
26.2655
118.533
-17.9406
43.4025
0
0
10.4813
200.382
-1.70884
55.2545
1.63205
0
47.6144
220.118
50.2988
127.865
0
0
41.654
198.182
-7.98156
19.9815
7.98156
2.15538
-15.5511
69.26
20.2209
54.4003
0
0
9.19881
172.618
-3.76326
53.8263
9.49758
9.06318
37.5174
168.602
31.8929
168.068
0
0
42.4036
212.791
-8.26054
40.7932
8.83223
25.295
-21.2563
106.883
21.3495
22.0137
0
0
1.3873
360.474
