2.17135
4.3
0.666247
0.0999014
-0.116083
0.750287
-0.734105
-0.834011
0.75009
-0.0159796
-0.148501
-0.669999
0.0175997
-0.2978
0.25
0.118442
1.7478
-0.595208
-1.66875
0.516159
-1.19524
-0.193519
-0.359041
1.69925
1.13449
-0.207544
-0.82276
4.33244
0.679539
0.418423
-0.272475
0.507771
-0.653719
-1.08602
0.732631
-0.0650318
0.201098
-0.409737
0.139451
-0.271979
0.0925057
0.0277855
0.967604
-0.472024
-0.754678
0.259097
-0.812391
0.00787438
-0.163087
1.07206
0.667504
0.576632
0.0833411
4.33519
0.679784
0.504696
-0.346821
0.491623
-0.649498
-1.17031
0.73754
-0.0719239
0.325701
-0.273437
0.288779
-0.216619
0.00873004
0.000709266
0.277651
-0.239558
-0.0516031
0.0135094
-0.271548
0.0160144
-0.0221181
0.350679
0.439516
0.47646
0.536579
4.33266
0.680064
0.462812
-0.313387
0.500789
-0.650214
-1.12794
0.728859
-0.0637365
0.383894
-0.237934
0.363492
-0.182545
-0.0083947
0.000901023
-0.135837
0.107854
0.0302942
-0.00231142
0.13751
-0.0288742
0.0272014
-0.20734
-0.148333
-0.0516581
-0.0219905
4.32885
0.680802
0.322365
-0.18384
0.510527
-0.649052
-0.985071
0.712805
-0.0500994
0.340587
-0.285176
0.347515
-0.189417
-0.0201342
0.00554956
-0.487237
0.438428
0.0317221
0.0170865
0.508555
-0.100173
0.0788555
-0.139457
-0.217769
-0.104978
-0.0553573
4.32247
0.682406
0.170342
-0.047817
0.521793
-0.644318
-0.826522
0.681462
-0.0252817
0.346143
-0.301425
0.311295
-0.186351
-0.0262046
0.00322387
-0.556579
0.47532
0.0812827
-2.43753e-05
0.569067
-0.103042
0.0905534
0.101173
-0.0501597
-0.20984
0.0358882
4.32399
0.681018
0.111669
0.00969798
0.530265
-0.651632
-0.774346
0.697779
-0.0351027
0.377537
-0.316519
0.246945
-0.192369
0.00811129
-0.00518292
-0.180418
0.185264
0.0204925
-0.0253385
0.156962
0.066932
-0.0434751
0.105291
-0.0338518
-0.207085
-0.19019
4.3265
0.679493
0.101813
0.0214893
0.535645
-0.658948
-0.771211
0.717518
-0.0481199
0.393854
-0.326244
0.21532
-0.219597
0.00432384
-0.00249927
0.00164431
0.0023871
0.00773342
-0.0117648
-0.0123525
0.0324341
-0.021726
0.0375379
-0.0134443
0.0430777
-0.0604518
-10.8201
-10.6331
1.24492
60.2559
1.89121
33.4798
-7.72021
-8.87177
7.07308
2.39305
-10.3619
-8.08212
5.87476
66.9114
-6.75312
12.7151
6.43461
-0.347249
12.0374
3.90941
-8.05067
-4.08879
16.0183
74.8594
11.8295
32.4747
6.27903
-0.805243
8.29755
0.818349
-20.5168
-19.9255
4.90293
64.5495
-1.61502
6.03334
9.91223
1.83774
8.09431
0.708968
30.921
14.164
32.227
8.34044
-17.1488
26.3192
11.4994
3.15507
13.0884
4.56877
14.582
-11.0989
15.9783
-14.1476
-27.9914
-1.04572
7.39123
1.89256
3.44002
-0.356846
-45.3224
-37.8006
19.6999
41.9135
9.1715
11.6227
6.44128
1.25106
7.97295
3.05457
15.2022
-6.54634
19.7453
-11.1863
-29.8867
4.81798
6.56641
1.02309
4.22417
0.590488
9.40204
42.673
-7.64182
40.6193
-17.1861
381.335
-71.3113
51.4189
0
0
0
0
-14.0466
71.97
15.2929
30.472
-61.1827
277.929
31.7706
188.89
0
0
0
0
22.5207
130.115
-19.9329
3.08302
-37.3317
345.271
3.1583
70.7027
0
0
0
0
4.90599
92.8406
7.84569
77.8112
32.7149
201.482
-33.634
188.641
0
0
0
0
35.5503
207.814
41.636
12.7187
-81.5153
318.957
-35.7223
16.3023
0
0
0
0
66.4495
162.219
42.9812
150.459
16.1355
135.543
-95.721
98.3377
0
0
0
0
42.6315
231.526
-32.6856
100.392
-31.9425
151.972
31.3889
71.2223
0
0
0
0
5.14603
171.876
89.9935
110.569
-35.8175
185.38
-59.3211
86.4445
0
0
0
0
