2.27622
8.21614e-06
0.656364
0.0997447
-0.071773
0.750084
-0.778056
-0.877798
0.750027
0.028027
-0.660068
-0.625079
0.690018
-0.295101
0.149296
0.0600491
0.434199
0.231837
-0.955814
0.289778
-0.182137
0.02788
-0.279943
0.957606
0.533996
0.0389053
-0.749693
0.00597245
0.667363
0.174702
-0.0896419
0.639907
-0.724967
-0.903137
0.682847
0.0447178
-0.220847
-0.451437
0.702669
-0.538882
0.0103729
0.0251729
0.206868
-0.0682303
-0.279305
0.140667
-0.0839594
-0.18181
0.0549109
1.33474
0.533996
0.0447354
-0.726029
0.00728245
0.672868
0.247228
-0.133921
0.580112
-0.693419
-0.947704
0.637506
0.06297
0.218374
-0.338691
0.459504
-0.782663
-0.0039416
0.012066
0.206671
-0.168941
-0.102582
0.0648516
-0.143491
-0.123429
0.0602484
1.16137
0.163539
-0.888627
-0.77335
-0.00138025
0.67228
0.335003
-0.255447
0.622706
-0.702263
-1.03519
0.610385
0.0898033
0.391382
-0.225946
0.21634
-1.02644
-0.0327116
-0.00592184
0.243392
-0.383649
0.190709
-0.0504518
-0.260859
-0.0694242
0.0868914
0.450466
0.313922
-0.868211
-0.450362
-0.00329222
0.675515
0.42278
-0.336853
0.600358
-0.686284
-1.10429
0.571379
0.110126
0.377958
-0.1132
-0.0268248
-1.1531
-0.00505161
0.00932535
0.251607
-0.230642
-0.0683082
0.0473432
-0.196184
-0.114201
0.0587775
-0.0157459
0.680894
0.0295634
-0.950412
-0.00497765
0.67863
0.510556
-0.41776
0.577894
-0.67069
-1.17285
0.531844
0.13045
0.364533
0
-0.03147
-1.4789
-0.012761
0.00260758
0.224113
-0.256061
0.0226447
0.00930256
-0.198075
-0.0864745
0.0604366
0.300629
0.418256
0.990461
-0.948602
-0.00948301
0.678285
0.523196
-0.446671
0.597331
-0.673855
-1.18345
0.514055
0.146195
0.485718
-4.86078e-12
0.209154
-1.40317
-0.0183083
-0.00642505
0.0134099
-0.108571
0.143637
-0.0484762
-0.0381631
-0.0118119
0.036565
0.880127
-0.173426
0.635182
0.0591805
-0.0138894
0.677302
0.459718
-0.404241
0.627607
-0.683084
-1.12254
0.505192
0.157628
0.781076
6.76781e-12
0.449778
-1.32745
0.0142005
0.0196508
-0.212273
0.328101
-0.210529
0.0947015
0.318261
-0.145262
0.0392737
0.833587
-0.512238
-0.186397
0.3163
20.768
4.26518
23.357
16.7341
-23.6351
16.7437
-10.1193
-5.46719
15.9667
5.44889
-30.563
-25.1145
49.4322
47.636
22.876
21.3884
-2.09465
-2.58327
6.6763
-0.527631
14.4048
-7.46496
19.6401
13.4301
-8.00306
17.7417
0.850715
-2.67835
4.77506
-2.09298
-37.5486
-33.408
8.42458
65.6917
10.133
2.18122
12.9258
4.7853
7.63518
-0.0729064
-30.8674
-30.0555
-11.2333
83.0273
3.75228
-11.6907
9.56167
2.14283
-1.06735
-6.62953
37.435
14.7109
37.8919
17.5811
-1.5525
20.464
17.2559
6.36809
2.90033
-3.29651
-18.1503
-18.2342
-7.66711
83.1469
-3.33476
-25.3852
13.3463
3.21035
-2.05266
-8.92863
32.2904
4.63983
31.4863
13.7349
-5.0435
13.3321
17.4095
6.00586
1.10822
-8.69725
21.515
153.139
37.2121
14.6523
-0.545237
301.283
-131.225
75.1974
0
0
0
0
0.161085
388.18
10.9511
1.727e-22
-97.2187
172.336
97.2213
0
0
0
0
0
21.3722
166.974
74.1481
105.915
-66.3277
245.122
-30.1562
30.5455
0
0
0
0
-16.6662
139.958
16.6605
88.7223
45.1405
155.426
-45.1314
170.511
0
0
0
0
-13.0091
2.6644
14.2954
114.988
-6.08252
145.207
6.08132
296.454
0
0
0
0
44.6279
243.861
45.7236
14.2858
-51.0494
266.252
-50.6983
24.4559
0
0
0
0
31.1751
1.46929
-31.1751
76.5443
-0.683489
105.02
0.683489
383.168
0
0
0
0
40.859
221.012
56.3062
56.6025
-54.3612
226.216
-42.5252
50.6028
0
0
0
0
