1.39949
-0.000647827
0.746138
-0.106133
0.0547602
0.196856
-0.145484
-1.01015
0.148179
0.273669
-0.659932
-0.625165
0.689734
-0.294875
0.238791
-0.0586141
-0.72697
0.359208
1.48155
-1.11379
-1.49987
1.99982
-1.29987
1.00083
-0.999457
-1.57076
-1.4999
0.0257679
0.73303
-0.19011
0.0686055
0.422118
-0.300613
-1.18154
0.414074
0.123642
-0.492152
-0.709629
0.394087
-0.531747
0.147009
-0.0849857
-0.314853
0.032132
1.05011
-0.767385
-1.09549
1.56131
-0.963597
1.07922
-0.54318
-2.02176
-1.92251
0.0399515
0.719207
-0.181037
0.00744694
0.575593
-0.402002
-1.35207
0.608852
0.00913019
-0.324348
-0.724731
0.0185415
-0.852461
0.0891228
-0.101274
0.0660122
-0.39575
0.980635
-0.650897
-1.12371
1.09663
-0.736442
0.651511
-0.0971228
-2.4151
-2.06265
0.0497021
0.705881
-0.128999
-0.0855389
0.694156
-0.479618
-1.51248
0.758423
-0.105382
-0.223039
-0.676298
-0.422059
-1.17234
0.0598452
-0.0830489
0.401977
-0.623562
0.67319
-0.451605
-1.02477
0.646825
-0.826318
0.245032
0.311465
-2.83346
-1.7528
0.0669478
0.692863
-0.0448572
-0.182426
0.78228
-0.554997
-1.65306
0.812467
-0.234166
-0.185032
-0.575467
-0.887938
-1.4449
0.123793
-0.086284
0.582477
-0.617893
0.524199
-0.488783
-0.90319
0.191655
-1.27602
-0.19379
0.648433
-2.99603
-1.65118
0.0935346
0.679446
0.0667419
-0.278001
0.846174
-0.634914
-1.76642
0.773538
-0.445246
-0.218108
-0.445009
-1.35382
-1.68324
0.189541
-0.0872941
0.736857
-0.563798
0.341153
-0.514213
-0.729042
-0.250537
-1.45272
-0.573587
0.838964
-2.95729
-1.32634
0.146758
0.665129
0.240636
-0.359788
0.848058
-0.728905
-1.87979
0.665629
-0.671816
-0.378669
-0.31455
-1.81896
-1.85738
0.344768
-0.107874
1.1183
-0.50652
-0.00397077
-0.607809
-0.752791
-0.694134
-1.55115
-1.03256
0.646113
-2.99128
-1.11986
0.227798
0.636697
0.476418
-0.438072
0.822183
-0.860529
-1.99605
0.54769
-0.915657
-0.547487
-0.208553
-2.28409
-1.97126
0.610636
-0.270461
1.51661
-0.313161
-0.166394
-1.03706
-0.747696
-0.758457
-1.57645
-1.14992
0.470404
-2.98665
-0.732339
0.353688
0.568005
0.774565
-0.457204
0.741488
-1.05885
-2.08888
0.429755
-1.12279
-0.726297
-0.135792
-2.70904
-2.01585
0.86885
-0.619595
1.91736
0.150224
-0.620694
-1.4469
-0.596945
-0.723293
-1.16218
-0.944565
0.304371
-2.64824
-0.286788
0.488952
0.437655
1.083
-0.393143
0.610144
-1.3
-2.1817
0.305713
-1.3
-0.9018
-0.135204
-3.11177
-2.0021
1.39903
-0.838251
2.01352
0.411942
-0.985268
-1.82949
-0.991061
-0.83116
-1.07053
-1.14248
0.00378222
-2.57725
0.0884494
-14.2108
-19.4689
5.97604
-10.9267
-2.29471
0.151359
-3.77882
0.559577
4.6214
-0.710387
-4.06264
-26.5414
27.7133
-21.3783
-6.09037
-0.808331
-12.8103
-4.54041
-2.52585
-4.92106
13.0881
-16.887
46.2984
-27.388
-8.98382
-1.4309
-11.2026
-4.74815
-6.31883
-5.69441
18.0761
-21.1459
63.1571
-21.7212
-6.18417
-1.18353
-9.9521
-4.61735
-11.6589
-6.34196
37.6697
-10.9266
56.9759
-31.5375
-11.9017
-2.32842
-10.3894
-5.58485
-11.102
-4.38708
33.7335
-5.24452
97.1162
-20.6298
-5.69875
-0.975959
-6.44343
-3.58865
-6.26658
2.60536
27.047
-39.9106
15.9179
-30.7054
-12.0725
-2.08743
-13.0202
-6.66366
-4.15819
3.73345
32.3316
13.854
99.9387
-10.4408
-0.994096
0.265975
1.59034
1.63898
3.46101
8.33171
42.0166
36.9028
98.1566
-18.4409
-6.41575
-0.67437
-0.883256
-0.616827
3.9551
6.06562
-22.8329
6.00684
76.6777
-42.6117
-14.356
-1.58496
60
46.1059
-4.45198
5.82875
55.3674
252.904
-62.2506
245.603
0
-2.00229e-15
0
0
0
0
0
0
26.8693
387.657
-26.8693
207.426
0
-3.7234e-21
4.19803e-15
0
0
0
0
0
-142.93
441.64
154.834
97.025
0
1.33124e-24
-2.28547e-15
0
0
0
0
0
-58.3057
545.312
58.3057
50.0842
0
2.35495e-13
-1.21346e-13
0
0
0
0
0
9.45431
454.758
43.4231
47.6343
0
4.35373e-22
2.05705e-24
0
0
0
-7.70289e-15
0
-30.0767
684.126
35.1678
-110.899
1.71397e-13
0
2.89586e-13
0
0
0
0
0
74.1869
205.831
87.3625
255.739
0
0
0
0
0
1.07284e-14
0
-1.54233e-14
16.2534
610.83
44.2738
-175.288
-8.70179e-15
-1.83768e-15
-1.07049e-13
2.68798e-13
0
1.46738e-14
0
2.07619e-14
99.2762
523.76
4.66494
-226.785
0
-6.80673e-14
0
0
0
0
0
0
217.91
428.615
-121.32
-152.641
-2.81533e-13
0
0
0
116.034
331.525
0
6.6325e-15
