0.959693
-0.0138727
0.746361
-0.121045
0.0450256
0.205266
-0.129277
-1.00656
0.145738
0.273998
-0.665049
-0.621403
0.710514
-0.26408
0.252812
-0.0555556
-0.71057
0.36629
1.47417
-1.12764
-1.50281
1.9982
-1.29767
0.98329
-1.00258
-1.55707
-1.48951
0.0124622
0.73786
-0.197177
0.0839322
0.362796
-0.249568
-1.14733
0.359086
0.143065
-0.574305
-0.728321
0.578515
-0.389262
0.181312
-0.110532
-0.805217
0.264877
1.6701
-1.12976
-1.31934
2.00287
-1.20254
0.670987
-1.00924
-1.24032
-1.17397
0.0273494
0.723581
-0.283576
0.106166
0.541647
-0.364206
-1.25869
0.551523
0.0392366
-0.514196
-0.804521
0.479885
-0.480564
0.0599912
-0.170143
-0.866162
0.0448462
1.88405
-1.06274
-1.04252
1.73326
-0.93893
0.36057
-0.710015
-0.924488
-0.856235
0.0214981
0.703078
-0.382199
0.0963865
0.745533
-0.459721
-1.34701
0.708095
-0.0632624
-0.487326
-0.875323
0.415065
-0.537991
-0.0730362
-0.220949
-0.941789
-0.103082
1.91285
-0.868329
-0.828167
1.4232
-0.998067
0.0444325
-0.663614
-0.607873
-0.538548
0.00889869
0.676735
-0.491002
0.0854468
0.949517
-0.54399
-1.41454
0.845894
-0.170817
-0.508852
-0.946145
0.384062
-0.561485
-0.124538
-0.276561
-1.04257
-0.0968039
1.9151
-0.77572
-0.632446
1.2056
-1.02704
-0.258575
-0.684207
-0.290715
-0.220305
-0.00589745
0.644231
-0.605896
0.0752461
1.15376
-0.623105
-1.48199
0.961827
-0.261281
-0.566208
-1.01925
0.386527
-0.551638
-0.164822
-0.3439
-1.24163
-0.0218944
1.98099
-0.717498
-0.72197
1.03318
-0.785338
-0.570392
-0.752945
0.0231517
0.0923782
-0.0232536
0.604183
-0.740047
0.072638
1.36577
-0.698187
-1.55898
1.04445
-0.331524
-0.64822
-1.09974
0.422825
-0.507782
-0.206278
-0.445689
-1.46439
-0.025213
2.18848
-0.69887
-0.99431
0.724457
-0.575977
-0.864386
-1.04742
0.340451
0.411327
-0.0438243
0.552161
-0.899628
0.0703564
1.6022
-0.773031
-1.66505
1.10015
-0.386138
-0.760785
-1.22033
0.491821
-0.430067
-0.191665
-0.578443
-1.71175
0.0250074
2.45436
-0.767607
-1.27706
0.426606
-0.467499
-1.169
-1.33673
0.647104
0.728871
-0.0689427
0.484425
-1.09864
0.0660604
1.86883
-0.836334
-1.80139
1.14222
-0.444014
-0.885904
-1.36287
0.594596
-0.319192
-0.237635
-0.735698
-2.03098
-0.122585
2.7103
-0.558026
-1.55269
0.151991
-0.602559
-1.46197
-1.639
0.963897
1.03986
-0.0952341
0.395057
-1.33417
0.0324436
2.17533
-0.87374
-1.96695
1.15839
-0.508275
-1.04179
-1.53764
0.727853
-0.182092
-0.333384
-1.16447
-2.33738
-0.318131
2.89017
-0.246829
-1.69932
-0.102096
-0.911639
-1.69152
-1.76159
1.24979
1.28584
23.9238
23.8041
55.96
-25.0905
-7.86654
-1.07408
-19.7949
-10.3805
13.5147
4.85986
11.0249
18.2777
83.0608
-19.1135
-5.00422
-0.505634
-13.6283
-5.99066
12.3704
4.3781
16.6026
15.9506
95.9601
-25.366
-7.74177
-1.2066
-14.2358
-6.48424
8.07146
2.32172
8.68893
-7.94903
91.5103
-25.7682
-8.00558
-1.60062
-18.0556
-9.2799
5.92609
1.62551
-15.2665
-71.724
7.15515
-25.4723
-8.57072
-1.33751
-16.7881
-6.97027
-0.208834
-0.518692
9.76428
-36.7256
82.3118
-36.3487
-13.1355
-2.42848
-20.284
-10.3291
0.531008
-0.402261
-21.3181
-98.6721
-8.91561
-30.1301
-12.2256
-2.2731
-17.0457
-7.84454
-2.94325
-0.857897
-21.4873
-100
5.26402
-30.3692
-12.4838
-2.45632
-15.8102
-7.642
-3.92534
-1.26261
-25.8244
-99.9218
-6.84869
-25.7877
-10.7368
-2.53776
-10.6913
-6.17182
-4.37445
-1.05264
-0.0670031
-11.5104
5.59614
-11.1355
-2.15288
-1.39027
0.703558
-3.0756
5.19933
5.51183
525.74
504.468
-558.307
37.3922
0
0
5.99155e-14
0
0
0
0
0
-42.0819
640.787
-34.3579
-109
0
-1.53881e-15
0
0
0
0
0
0
493.94
689.8
-569.77
-174.164
1.94792e-13
2.82025e-13
2.27847e-14
0
0
0
0
0
-1095.24
684.843
1006.64
-150.666
5.00801e-15
0
1.1146e-23
0
0
0
0
0
-235.409
253.063
235.409
243.938
2.30234e-13
0
5.45635e-15
0
0
0
0
0
-632.506
639.537
535.273
-124.005
-2.42435e-16
0
2.46429e-14
0
0
0
0
0
-523.415
164.536
512.494
282.887
5.65771e-15
0
0
0
0
0
0
0
-433.33
241.247
387.268
199.795
5.41458e-14
0
0
0
0
0
-1.39647e-15
1.03552e-14
1879.88
155.108
-1940.95
200.229
0
9.0772e-14
0
0
0
0
0
0
2919.43
62.8132
-2941.43
2.73264
0
-2.02858e-13
0
9.37629e-14
0
0
-4.54799
22.8936
