0.969407
-0.0159413
0.747151
-0.143016
0.0323913
0.18359
-0.0729648
-1.0098
0.149147
0.27376
-0.65945
-0.625679
0.693307
-0.293822
0.495547
-0.0381672
-1.06187
1.02914
1.59417
-1.56144
-1.49845
1.99976
-1.29864
1.00042
-1.99968
-1.57035
-1.49978
0.0227703
0.739849
-0.257386
0.126689
0.344253
-0.213557
-1.16062
0.364309
0.160459
-0.519465
-0.828004
0.546403
-0.424391
0.359069
-0.0953562
-0.907085
0.751299
1.44434
-1.28855
-1.19517
1.98964
-0.987507
1.30139
-1.6802
-1.29951
-1.19318
0.0519052
0.728787
-0.353658
0.201117
0.481656
-0.329115
-1.28246
0.574792
0.0660009
-0.379357
-0.996924
0.436974
-0.523504
0.268961
-0.122072
-0.687069
0.497205
1.26267
-1.0728
-1.03497
1.71974
-0.870723
1.289
-1.4038
-0.992336
-0.89245
0.0732073
0.715617
-0.424903
0.246339
0.605863
-0.427299
-1.38448
0.75635
-0.0172123
-0.240811
-1.13401
0.359618
-0.591061
0.197002
-0.130953
-0.445736
0.242942
1.08812
-0.885322
-0.846734
1.57761
-0.756693
1.26016
-1.12365
-0.679224
-0.583206
0.0882683
0.701758
-0.469083
0.262635
0.716383
-0.509935
-1.46441
0.92414
-0.0898561
-0.105432
-1.23411
0.307948
-0.639537
0.12894
-0.118801
-0.22378
0.0328861
0.85954
-0.668646
-0.611976
1.4335
-0.632746
1.23746
-0.814351
-0.44991
-0.42261
0.0987015
0.690142
-0.492078
0.265048
0.797847
-0.570817
-1.52276
1.07463
-0.147548
0.0273222
-1.29967
0.276937
-0.6745
0.0940323
-0.103929
-0.150391
-0.0070915
0.683678
-0.526195
-0.425783
1.1171
-0.517784
0.956484
-0.504179
-0.250328
-0.317201
0.105967
0.67972
-0.507361
0.261369
0.866077
-0.620085
-1.56204
1.19165
-0.192294
0.129628
-1.34521
0.262967
-0.69629
0.0554464
-0.0762724
-0.0755562
-0.0449966
0.473859
-0.353306
-0.228989
0.802082
-0.387427
0.678021
-0.347781
-0.114475
-0.1744
0.109256
0.673892
-0.513004
0.256061
0.902738
-0.645795
-1.5833
1.27468
-0.225754
0.202067
-1.37528
0.254482
-0.708996
0.0269115
-0.0419918
-0.0103481
-0.0575888
0.253907
-0.185971
-0.129786
0.494582
-0.290236
0.421032
-0.226013
-0.0698712
-0.105737
0.110616
0.670981
-0.513879
0.251141
0.920841
-0.658103
-1.59454
1.32252
-0.242697
0.246365
-1.38725
0.251093
-0.71575
0.0070975
-0.0133917
-0.00579946
-0.0183548
0.0812498
-0.0570956
-0.0648764
0.18676
-0.109738
0.1687
-0.0687054
-0.0109535
-0.0474498
0.110429
0.670402
-0.513724
0.248777
0.925018
-0.660071
-1.59989
1.33872
-0.249524
0.262738
-1.39161
0.250774
-0.718699
-0.00508952
-0.00209532
0.00829364
-0.0266891
0.0210498
-0.00265434
-0.0228006
0.0333055
-0.0434105
0.016687
-0.0283975
0.00133191
-0.00998255
-1.11024
9.30795
47.2137
-11.1285
-1.55447
0.332329
-4.071
-0.530238
14.4767
5.41326
-15.3798
-18.1355
35.5266
-17.3482
-4.08861
-0.284887
-5.69196
-0.779169
11.5391
4.30127
-18.2423
-38.8709
19.2051
-24.8135
-8.0013
-1.33045
-13.6713
-5.21404
5.71931
1.95737
-39.127
-58.0422
22.188
-15.3374
-2.79751
-0.0757511
-6.50408
-1.14268
4.06652
1.6142
-28.5391
-61.8783
24.4895
-24.7064
-8.50721
-1.45419
-13.1025
-5.53901
-3.63097
-2.80105
-25.8695
-56.9689
42.0075
-24.2482
-8.2633
-1.27329
-11.8854
-5.94356
-2.28519
-1.7952
-34.5982
-75.5698
29.2416
-23.378
-8.03925
-1.43827
-12.9727
-7.37447
-6.33273
-3.85135
-27.3435
-67.8197
41.0298
-26.747
-9.46632
-1.66042
-10.503
-6.22204
-6.70967
-4.33466
-29.7547
-71.4956
37.4738
-24.8513
-8.6193
-1.56763
-11.6049
-7.39767
-7.028
-4.3798
-30.4885
-72.6495
32.3343
-24.0749
-7.69252
-1.44392
-8.951
-6.0563
-8.07589
-5.04764
-43.8535
467.529
-36.8624
29.5457
0
0
0
1.33135e-14
0
0
0
0
3.14871
422.55
-60.5584
113.552
0
5.24533e-14
0
0
0
0
0
0
-11.1575
331.877
0.302152
209.927
0
0
0
0
0
7.24796e-15
0
3.08923e-14
-21.7693
357.863
-10.4082
191.324
5.28297e-16
-7.8535e-14
-2.96485e-13
0
0
0
0
0
-19.3644
361.358
16.917
202.375
6.6484e-14
0
0
0
0
0
0
0
-8.72824
444.739
-10.4897
114.676
3.21384e-15
-2.08841e-14
0
0
0
0
0
0
3.80921
388.138
-5.59534
189.004
-2.79667e-13
0
0
0
0
0
0
0
4.80903
440.734
-12.6048
130.862
-3.25695e-14
-7.60484e-16
0
0
0
0
0
0
26.2627
422.013
-31.023
146.057
0
0
-3.67315e-15
0
0
0
0
-2.31924e-14
41.1596
390.92
-41.1599
163.345
0
0
-1.41364e-26
0
0
0
0
0
