1.05405
-0.00431902
0.746359
-0.107989
0.0518267
0.195067
-0.138904
-1.01004
0.14784
0.271325
-0.659611
-0.625852
0.694091
-0.290464
0.235867
-0.0568091
-0.728854
0.354131
1.48529
-1.11057
-1.50118
1.99981
-1.30016
0.999472
-1.00014
-1.56727
-1.49645
0.0159641
0.737234
-0.193393
0.0825554
0.369041
-0.258204
-1.1669
0.382233
0.119612
-0.542245
-0.731214
0.551092
-0.425014
0.169227
-0.101309
-0.729203
0.262299
1.4854
-1.0185
-1.3347
2.00147
-1.29151
1.00213
-0.80145
-1.2216
-1.14885
0.0330662
0.72232
-0.280957
0.108874
0.549574
-0.377489
-1.28871
0.601228
-0.0189429
-0.425296
-0.790788
0.448836
-0.518851
0.111184
-0.156231
-0.768933
0.154848
1.63294
-1.01887
-1.01093
1.86262
-1.1474
0.974962
-0.503503
-0.873099
-0.80121
0.045373
0.701097
-0.374029
0.130201
0.740657
-0.49683
-1.37393
0.790958
-0.139361
-0.315125
-0.82434
0.387572
-0.571706
0.0987001
-0.206221
-0.803437
0.191321
1.63328
-1.02116
-0.687004
1.61538
-0.986612
0.629845
-0.228177
-0.523081
-0.451274
0.0548393
0.674573
-0.469629
0.152963
0.930184
-0.613519
-1.41841
0.956398
-0.261831
-0.266618
-0.819391
0.366728
-0.58406
0.0729795
-0.248977
-0.817133
0.19716
1.61518
-0.995194
-0.359175
1.3948
-1.09076
0.292112
0.0714986
-0.1776
-0.105448
0.0633883
0.642669
-0.573449
0.186114
1.11936
-0.732023
-1.42727
1.11978
-0.389021
-0.264918
-0.788614
0.385643
-0.556145
0.0865108
-0.298061
-0.896026
0.335672
1.61577
-1.05541
-0.0695375
1.39632
-1.07846
-0.0206862
0.32043
0.164903
0.238401
0.0735219
0.605034
-0.687106
0.237004
1.30865
-0.858543
-1.43543
1.28371
-0.499055
-0.301662
-0.733513
0.445966
-0.487538
0.100109
-0.347729
-0.97552
0.492962
1.61874
-1.13617
-0.0919889
1.64991
-0.781152
-0.334775
0.482445
0.515128
0.585856
0.0847461
0.561676
-0.822268
0.318929
1.49827
-0.994935
-1.44626
1.47696
-0.584676
-0.356411
-0.649143
0.547125
-0.378698
0.0958216
-0.424241
-1.16649
0.701751
1.75381
-1.28907
-0.100023
1.65918
-0.659593
-0.666601
0.732295
0.863805
0.929403
0.0893323
0.506826
-0.990959
0.419087
1.71926
-1.14739
-1.45793
1.65537
-0.668736
-0.434168
-0.562326
0.687812
-0.229522
0.0138416
-0.489124
-1.44333
0.857433
1.88885
-1.30301
-0.0995288
1.36847
-0.919037
-0.660962
0.74361
1.20134
1.27382
0.081643
0.442775
-1.1832
0.51862
1.96458
-1.3
-1.46958
1.81634
-0.77638
-0.463293
-0.463407
0.858842
-0.0801768
-0.120939
-0.833263
-1.64241
0.842948
2.09463
-1.34972
-0.0997197
1.39429
-0.972556
-0.329893
0.842565
1.46043
1.27525
12.4203
4.47019
29.0775
-25.7492
-8.54312
-1.15804
-16.0878
-7.22635
13.1646
4.80598
3.97706
13.8652
82.5695
-17.2803
-3.72915
-0.417305
-6.34523
-1.82577
12.6731
4.5252
1.43553
-22.4474
36.1058
-24.9635
-7.79032
-1.17868
-15.5174
-6.97288
4.59509
0.90114
-16.6508
-44.9235
42.4773
-20.2492
-5.53381
-0.902995
-13.7815
-5.89578
4.61671
1.49911
-18.413
-63.5029
27.8768
-24.2687
-8.12622
-1.58337
-15.1909
-6.5401
0.0486603
-0.486059
-38.0402
-94.0745
12.9115
-18.7783
-4.79029
-0.674153
-16.0583
-6.71906
-0.207569
-0.0324452
-34.999
-99.4651
21.7374
-27.8718
-8.72539
-1.60347
-18.0346
-7.47815
-1.53596
-0.46992
-41.9124
-99.9927
28.6653
-20.7262
-7.41655
-1.61971
-17.1411
-6.75963
-1.03479
-0.181004
-41.2062
-100
50.7088
-30.6375
-11.8558
-2.93749
-15.4779
-6.48483
-1.10474
-0.043787
-0.893195
-16.6082
5.0539
-1.37839
2.19445
0.371439
0.393282
2.33327
2.21793
4.12237
1.96814
373.264
-2.21694
171.997
1.20551e-14
-3.71319e-14
0
1.90203e-14
0
0
0
0
-40.8884
641.794
-45.1888
-109.905
-6.99165e-17
0
-1.33588e-15
0
4.69931e-15
0
0
0
-0.132777
390.656
0.0651508
123.658
9.32535e-14
0
-2.13405e-13
0
0
0
0
0
-19.306
439.665
-13.8466
91.2509
2.50732e-13
0
-2.60557e-17
0
0
0
0
0
-2.41256
353.848
2.26408
159.876
-1.12057e-14
0
-2.87528e-13
0
0
0
0
0
-3.43057
289.159
-2.33684
226.153
-1.15986e-13
0
-2.84594e-14
0
0
0
0
0
-0.0572281
329.012
-0.0797342
190.224
1.08754e-13
0
0
0
0
0
0
0
-16.6293
354.118
-15.5751
123.344
3.18135e-21
0
0
2.78255e-18
0
0
0
0
-33.5339
480.628
-32.5286
24.1148
2.22323e-13
0
-3.75918e-14
0
0
0
0
0
0.508262
58.0604
-0.548769
22.2354
0
0
0
0
0
1.40578e-14
-39.3203
112.343
