0.772088
-0.00673898
0.690921
0.248037
0.109021
0.134648
-0.490904
-0.750809
0.159664
0.343722
-0.636792
-0.583322
0.777634
-0.250459
0.0387614
-0.0481937
-0.442202
-0.156634
1.38672
-0.834084
-0.67234
2.29172
-1.21836
1.0198
-1.01648
-1.54606
-1.48954
-0.00251292
0.684979
0.208972
0.0993497
0.251916
-0.560078
-0.79797
0.336775
0.252234
-0.529764
-0.658504
0.650517
-0.361791
0.0697193
-0.0909548
-0.462129
-0.0298684
1.2986
-0.806575
-0.520708
2.04911
-1.06622
1.27217
-0.844636
-1.46083
-1.27885
0.00348247
0.676154
0.170596
0.0975836
0.360916
-0.629266
-0.834965
0.493515
0.170714
-0.412888
-0.721036
0.546607
-0.454442
0.0826259
-0.119155
-0.440416
0.0233692
1.22875
-0.811559
-0.416333
1.7989
-0.940812
1.37617
-0.683589
-1.21069
-1.04302
0.010308
0.665493
0.134123
0.101379
0.460303
-0.695818
-0.864901
0.63222
0.0991362
-0.295757
-0.767742
0.462497
-0.530009
0.0838605
-0.135144
-0.407427
0.0612628
1.12089
-0.774722
-0.336028
1.55918
-0.816202
1.29479
-0.508956
-0.958723
-0.819231
0.0174911
0.654245
0.100517
0.11182
0.543281
-0.755818
-0.887251
0.751601
0.0343095
-0.18648
-0.801411
0.397204
-0.5871
0.0868622
-0.136244
-0.385011
0.14947
0.919146
-0.683764
-0.242615
1.33875
-0.711977
1.13119
-0.352702
-0.711904
-0.594791
0.0247594
0.643143
0.0691875
0.12762
0.611707
-0.808591
-0.904098
0.855033
-0.0202372
-0.092117
-0.832466
0.353517
-0.628526
0.0878389
-0.12741
-0.34386
0.212907
0.708326
-0.577404
-0.169094
1.12774
-0.615206
0.921764
-0.389382
-0.471924
-0.411849
0.031846
0.633622
0.0432141
0.1472
0.659672
-0.850097
-0.914302
0.936811
-0.065744
-0.016219
-0.866921
0.327783
-0.656086
0.0816436
-0.107969
-0.283733
0.235672
0.502302
-0.45424
-0.106507
0.897359
-0.505473
0.694265
-0.444968
-0.27021
-0.271696
0.0385014
0.62585
0.0207835
0.169574
0.691306
-0.881519
-0.918563
1.00108
-0.103118
0.0349769
-0.901121
0.311728
-0.674326
0.0750523
-0.0824738
-0.24365
0.270253
0.295595
-0.322357
-0.0277403
0.673592
-0.402288
0.453385
-0.328095
-0.153184
-0.149238
0.0442099
0.620724
0.00245995
0.193952
0.703845
-0.900338
-0.916344
1.04481
-0.131031
0.0654325
-0.924243
0.304669
-0.683233
0.0648948
-0.0514117
-0.19637
0.286076
0.0899819
-0.179676
0.0448363
0.446442
-0.295589
0.219507
-0.1795
-0.0625231
-0.0475878
0.0487312
0.617901
-0.00832245
0.213267
0.704246
-0.90919
-0.91317
1.07116
-0.149657
0.0794997
-0.933138
0.306179
-0.683966
0.0446243
-0.0240061
-0.0791649
0.175406
-0.0267557
-0.0685681
0.0196231
0.234475
-0.173846
0.0798781
-0.014785
0.0606461
0.0432152
4.09693
0.30062
12.0357
12.1143
-0.71345
-4.05875
-3.25041
-0.978168
14.5294
4.76664
1.77912
-4.06174
12.7827
15.7807
-4.96069
-2.49906
-4.61263
-2.36836
15.8852
5.53363
-20.0178
-20.3088
9.17142
32.4141
-4.14119
-1.88598
-5.5645
-3.13323
16.485
6.03682
-7.65739
-15.7479
10.4346
24.7102
-15.0707
-2.60305
-7.78218
-5.08635
11.6632
3.33837
-14.9288
-23.7604
11.0001
23.4933
-21.2014
-1.9255
-6.6803
-4.78771
11.9679
3.78742
-8.01261
-21.0553
13.171
19.1399
-26.2495
-1.24243
-10.3093
-8.11533
7.48826
1.26762
-14.8905
-27.6248
12.3878
16.7664
-33.5082
-1.90016
-5.67137
-4.95508
7.90654
1.64539
-12.7328
-25.4575
11.7329
19.4277
-34.5393
-1.91416
-7.09146
-6.14765
2.65789
-1.3897
-19.15
-31.0512
11.8465
15.7525
-39.8274
-2.03573
-4.35592
-4.38321
5.66819
0.460224
-31.7999
-35.7782
10.2395
26.8892
-28.8654
-0.391597
-3.07469
-3.57975
3.72169
-0.430389
40.6496
135.054
41.1588
132.617
-36.9692
134.698
-39.1616
132.853
0
0
0
0
42.8932
133.704
45.5269
122.122
-36.1998
145.234
-33.608
133.447
-1.89453e-15
0
0
0
23.1399
131.789
21.8125
119.665
-27.921
151.517
-28.1675
151.6
0
0
0
0
36.974
119.705
36.1523
112.808
-31.9362
157.976
-31.9171
156.131
0
0
0
0
29.3665
133.884
29.5377
117.971
-35.7232
163.748
-35.3339
152.562
0
0
0
0
41.959
133.013
41.8842
112.806
-34.0749
163.935
-34.0823
145.877
0
0
0
0
33.9119
137.753
33.6997
117.624
-39.8177
170.184
-40.0881
151.357
0
0
0
0
39.9393
123.46
39.7295
110.979
-33.3265
167.403
-33.3123
158.164
0
0
0
0
32.9221
134.85
32.8598
117.629
-39.4903
172.93
-39.8118
156.85
0
0
0
0
29.773
131.366
29.7533
115.694
-21.1885
155.731
-21.3593
152.539
0
0
0
0
