1.30635
-0.0129775
0.747197
-0.139994
0.033941
0.183604
-0.0775514
-1.00889
0.149028
0.273443
-0.659594
-0.625589
0.692976
-0.294111
0.495748
-0.0404189
-1.06141
1.02956
1.5936
-1.56174
-1.49929
2.00029
-1.29982
1.00024
-2.00004
-1.57054
-1.49953
0.0392041
0.73461
-0.294058
0.15419
0.414915
-0.275046
-1.16755
0.49624
0.145711
-0.45433
-0.915895
0.525966
-0.451812
0.359501
-0.119416
-0.774984
0.643009
1.41712
-1.28515
-1.09311
2.39209
-0.880003
1.41415
-1.58357
-1.15072
-1.08647
0.0755657
0.715186
-0.406547
0.231201
0.60715
-0.431804
-1.27917
0.869161
0.0779083
-0.217025
-1.09284
0.418899
-0.547011
0.25051
-0.158986
-0.463303
0.249993
1.29328
-1.07997
-0.768982
2.56921
-0.467117
1.63489
-1.17527
-0.737623
-0.655865
0.0965264
0.692109
-0.473796
0.248941
0.785248
-0.560393
-1.33426
1.24208
0.0639273
0.0612699
-1.20797
0.371359
-0.581245
0.144406
-0.166502
-0.149283
-0.130467
1.12626
-0.846513
-0.379523
2.34992
-0.0963154
1.91729
-0.793174
-0.327524
-0.235852
0.104814
0.67129
-0.495464
0.220089
0.926351
-0.650975
-1.3456
1.58317
0.0499464
0.342719
-1.25997
0.382622
-0.556539
0.0570957
-0.143426
0.183627
-0.4896
0.896958
-0.590985
-0.0781309
1.95987
-0.181478
1.93902
-0.358253
0.0775917
0.170215
0.104571
0.655837
-0.468811
0.148171
1.02622
-0.705585
-1.34036
1.86765
0.0221267
0.624169
-1.25959
0.4478
-0.469941
-0.0016765
-0.106467
0.406532
-0.701987
0.657024
-0.361569
0.0361183
1.5464
-0.35041
1.51651
0.00260059
0.449045
0.596611
0.0972314
0.647278
-0.406772
0.0462779
1.08593
-0.725434
-1.30642
2.09211
-0.0287367
0.844291
-1.21556
0.512979
-0.379559
-0.0505625
-0.0589606
0.463794
-0.733883
0.399934
-0.129845
0.233814
1.1116
-0.489836
1.09332
0.303311
0.408501
0.622684
0.0878348
0.645432
-0.353301
-0.0334822
1.1063
-0.719518
-1.27248
2.25346
-0.101296
1.00299
-1.16495
0.563784
-0.331767
-0.0647367
-0.0127237
0.36839
-0.548152
0.136276
0.0434865
0.215332
0.688856
-0.641613
0.683369
0.348683
-0.0137236
0.329258
0.0830712
0.64575
-0.300619
-0.0960901
1.10896
-0.712251
-1.27225
2.33685
-0.1827
1.04218
-1.11519
0.548563
-0.31508
-0.0324649
0.00219139
0.142968
-0.21019
0.0171619
0.0500603
0.0016072
0.266007
-0.326452
0.270003
0.0712798
-0.104865
0.114968
0.0794041
0.645889
-0.279868
-0.124686
1.11145
-0.706899
-1.27326
2.34244
-0.230084
1.047
-1.12179
0.533342
-0.318027
-0.00317447
-0.00426795
0.0116105
-0.0298282
0.0273969
-0.00917913
-0.00694621
0.0384946
-0.0934788
0.0332202
-0.0454782
0.00448865
-0.0202989
-14.5376
-11.8828
18.5689
-8.1957
-0.0507101
0.640578
-3.63636
0.106119
15.0735
5.90862
-27.0731
-35.8965
21.5749
-13.1909
-0.961227
0.345997
-6.24855
-0.944886
10.2023
3.94391
-32.9384
-52.3158
24.3921
-17.1363
-2.84178
-0.130838
-8.59178
-2.74365
4.36652
1.57493
-43.0258
-68.9389
33.5495
-17.6797
-2.42529
-0.185115
-4.19297
-1.72457
3.14358
1.35905
-49.0522
-94.6525
15.0222
-20.2439
-2.63701
-0.683297
-8.15565
-5.71506
1.30908
0.6525
-45.0034
-94.0122
27.5704
-19.3526
-0.0205366
-0.161911
-5.06363
-6.6375
3.61992
1.31986
-40.5826
-100
18.3284
-15.4838
2.94051
0.0129802
-0.566829
-5.0731
-6.16789
-5.6179
-27.8098
-92.1142
22.5156
-19.2704
2.92554
-0.0867999
-0.653602
-6.56906
-3.33529
-4.00898
-26.0903
-89.2935
16.9125
-15.3412
4.24911
0.273898
-0.711609
-6.13506
1.54865
-1.38249
-36.6252
-100
11.1962
-12.1235
7.00352
0.666388
5.97729
-2.10816
2.52968
-0.391579
-22.9321
329.106
-32.7505
168.06
0
0
0
0
0
-5.79079e-15
0
0
-22.8415
349.922
-17.5696
179.242
0
0
0
-1.02164e-14
0
0
0
0
-21.8342
357.313
-2.16924
176.738
2.98048e-15
0
0
8.58648e-15
0
0
0
0
-17.2349
415.336
-17.4499
146.995
0
-8.09537e-14
0
0
0
0
0
0
-6.0049
325.523
3.96559
252.663
0
7.66394e-14
0
0
-3.4046e-15
0
0
0
-10.8141
389.434
-5.37398
192.916
0
3.66888e-14
0
0
0
0
0
0
7.63915
337.236
-7.63915
236.301
4.05386e-15
0
0
9.4272e-14
0
0
0
0
-0.349751
350.651
5.10991
215.956
0
-3.23981e-24
0
0
0
0
0
0
5.70522
311.739
3.21986
227.512
0
0
0
0
0
0
9.45173e-16
0
8.28782
296.972
-8.28447
257.295
0
0
0
0
0
0
0
0
