0.942045
-0.0412647
0.745823
-0.17612
0.0205314
0.195144
-0.0395551
-1.011
0.149247
0.278695
-0.665309
-0.626617
0.698381
-0.29224
0.486964
-0.0223941
-1.07442
1.02488
1.59805
-1.54851
-1.49928
1.99968
-1.30261
1.00068
-2.00032
-1.56921
-1.49926
-0.00249948
0.740125
-0.288583
0.115976
0.349132
-0.176526
-1.15759
0.374744
0.172447
-0.528246
-0.827
0.53341
-0.421138
0.369813
-0.0817699
-0.89309
0.753159
1.4358
-1.29587
-1.20315
2.15653
-1.01434
1.30954
-1.69156
-1.5881
-1.22305
0.0263319
0.730324
-0.381708
0.187241
0.484321
-0.289854
-1.27834
0.599815
0.0901644
-0.388039
-0.998394
0.397115
-0.521777
0.274649
-0.11128
-0.658891
0.472935
1.2582
-1.07224
-1.03678
2.01135
-0.78329
1.33981
-1.44211
-1.29335
-0.956153
0.0465934
0.718582
-0.450378
0.229771
0.603635
-0.383027
-1.38125
0.809974
0.0284388
-0.248153
-1.14391
0.289997
-0.598855
0.193396
-0.122579
-0.409055
0.184533
1.10226
-0.877742
-0.845841
1.71487
-0.585549
1.21827
-1.17947
-0.996569
-0.72913
0.059854
0.706034
-0.491489
0.240528
0.711066
-0.460104
-1.46063
0.988674
-0.0163948
-0.121683
-1.25928
0.214638
-0.654931
0.116946
-0.115417
-0.164138
-0.0785868
0.906741
-0.664016
-0.645318
1.42675
-0.442268
1.07665
-0.878418
-0.705306
-0.525487
0.0662954
0.69561
-0.508201
0.229277
0.791984
-0.513059
-1.52208
1.13757
-0.0604915
-0.0114735
-1.34352
0.164871
-0.699211
0.0609924
-0.095343
-0.000663971
-0.229006
0.698522
-0.468852
-0.483494
1.1214
-0.548161
0.772598
-0.580438
-0.46476
-0.41282
0.0670727
0.68751
-0.507708
0.201083
0.853194
-0.546568
-1.56991
1.25444
-0.117885
0.0672358
-1.39755
0.133989
-0.738473
0.00646054
-0.0685803
0.13299
-0.358513
0.500499
-0.274976
-0.366423
0.818875
-0.600859
0.475199
-0.308975
-0.287885
-0.364988
0.0646041
0.682136
-0.493474
0.1633
0.894125
-0.563951
-1.60551
1.33961
-0.159545
0.116913
-1.42373
0.117105
-0.764593
-0.026481
-0.040248
0.17888
-0.368918
0.306376
-0.116337
-0.248457
0.515452
-0.386979
0.228954
-0.0444477
-0.143896
-0.233562
0.0618795
0.679823
-0.483952
0.140401
0.912531
-0.56898
-1.6298
1.39289
-0.178616
0.140801
-1.42766
0.109512
-0.774314
-0.0160129
-0.013388
0.0751728
-0.152563
0.105419
-0.0280288
-0.0723653
0.213046
-0.171229
0.0640177
0.0450317
-0.0465262
-0.0822496
0.0609272
0.679341
-0.47967
0.13255
0.916609
-0.569489
-1.63375
1.40348
-0.192227
0.146806
-1.42559
0.106287
-0.781001
-0.00376358
-0.00153181
0.00827687
-0.0211344
0.0134758
-0.000618217
-0.012063
0.0598752
-0.0673719
-0.000696237
-0.00621219
0.00186937
-0.0142264
-11.0068
-15.1853
9.84054
-9.51857
-0.597685
0.547973
-4.24408
-0.205431
7.409
1.64334
-21.7117
-32.526
12.86
-15.4389
-2.88039
-0.0284944
-5.64483
-0.561526
9.93195
3.41656
-22.5099
-46.2065
9.93414
-22.9064
-6.87476
-0.950812
-13.2449
-4.82579
5.55983
1.98084
-35.1163
-62.5904
9.35562
-18.3526
-4.87522
-0.557393
-9.4016
-2.6258
0.914371
-0.0879114
-33.8536
-71.1762
10.9497
-23.2962
-7.51173
-1.16976
-12.8526
-5.02421
-1.00818
-0.392305
-30.0005
-72.4364
17.9839
-23.3148
-7.95526
-1.49949
-12.6296
-5.71902
-6.40193
-3.7363
-31.3721
-78.3181
18.0299
-24.5519
-8.07459
-1.34538
-11.5937
-5.62083
-5.63333
-2.88151
-23.6638
-75.0087
20.3343
-23.9809
-8.13031
-1.37125
-11.0777
-6.05638
-7.96535
-4.35462
-18.0333
-73.4469
20.5574
-26.0611
-9.23315
-1.64684
-12.7163
-8.1064
-8.69606
-4.85712
-24.0907
-78.8652
13.4544
-23.5643
-7.17539
-1.35388
-9.77228
-5.9646
-9.8031
-5.55286
-26.2733
290.705
-30.5414
206.17
6.30364e-15
0
0
0
0
-5.79079e-15
0
0
-27.0533
316.027
-23.7517
213.656
0
5.40057e-14
0
0
0
0
0
0
-12.0443
298.555
-11.2855
248.527
0
0
-1.016e-14
-8.29169e-15
0
7.24796e-15
0
0
-12.7046
299.044
-12.9885
252.587
0
1.04264e-21
-8.03428e-14
-2.49641e-13
0
0
0
0
-5.15592
306.901
-8.07737
258.925
0
2.55801e-15
2.43807e-13
-2.9638e-15
0
0
0
0
-5.87013
339.291
-6.31935
230.112
0
0
-1.31837e-14
0
0
0
0
0
-6.49293
341.631
-6.18657
232.096
0
-1.10364e-13
0
0
0
0
0
0
-4.57403
344.581
-2.98882
217.858
0
1.00598e-13
-2.66414e-13
0
0
0
0
0
-1.50209
342.448
0.63386
219.656
-4.90552e-15
-2.65041e-14
7.32857e-15
0
0
0
0
0
0.203587
307.01
-0.204381
247.256
0
0
1.45263e-14
0
0
0
0
0
