0.733387
-0.00654078
0.747402
-0.128919
0.0352752
0.178678
-0.0850343
-1.00984
0.152357
0.273791
-0.659632
-0.625826
0.691433
-0.294496
0.498565
-0.0440397
-1.05712
1.03052
1.5928
-1.56619
-1.49987
1.99971
-1.29958
1.00038
-1.99973
-1.57047
-1.49837
0.0264162
0.741875
-0.214109
0.109873
0.302409
-0.198173
-1.12075
0.313518
0.185512
-0.562309
-0.784549
0.563503
-0.398577
0.40443
-0.0898635
-0.884126
0.796506
1.44575
-1.35813
-1.26637
1.832
-1.06118
1.21055
-1.75854
-1.57661
-1.26407
0.0519053
0.734049
-0.285541
0.168835
0.408529
-0.291824
-1.2243
0.462423
0.117086
-0.463711
-0.921779
0.452786
-0.484189
0.312027
-0.111952
-0.718226
0.583084
1.27775
-1.14261
-1.27497
1.59805
-0.834297
1.17477
-1.52702
-1.34648
-1.03033
0.0727406
0.724858
-0.343926
0.214061
0.503354
-0.37349
-1.32726
0.590317
0.0669757
-0.367983
-1.03911
0.36192
-0.550453
0.255684
-0.12161
-0.523289
0.396127
1.10756
-0.9804
-1.24837
1.36212
-0.610153
1.10021
-1.2883
-1.11317
-0.799905
0.0887074
0.71534
-0.38656
0.242435
0.586539
-0.442414
-1.42176
0.700943
0.0241805
-0.278349
-1.13747
0.289651
-0.598945
0.195729
-0.116682
-0.35388
0.233514
0.918578
-0.798213
-1.00637
1.12603
-0.534277
1.02879
-1.0522
-0.885089
-0.590335
0.099882
0.707198
-0.415339
0.259413
0.649953
-0.494026
-1.4962
0.792056
-0.0163395
-0.19453
-1.21836
0.230354
-0.641106
0.137085
-0.0988139
-0.211572
0.099731
0.716413
-0.604572
-0.803259
0.881838
-0.496135
0.786586
-0.818415
-0.724677
-0.511385
0.107367
0.700893
-0.432343
0.267399
0.695608
-0.530664
-1.55807
0.863526
-0.0532039
-0.130433
-1.28035
0.183041
-0.679423
0.0917311
-0.0770216
-0.11747
0.0214307
0.533139
-0.4371
-0.612702
0.642306
-0.449554
0.542658
-0.603773
-0.577838
-0.464774
0.111887
0.69638
-0.441095
0.26895
0.727345
-0.5552
-1.60376
0.913562
-0.0832081
-0.0862137
-1.32522
0.154349
-0.70352
0.0554292
-0.0502258
-0.0554082
-0.00689961
0.335242
-0.272935
-0.376627
0.400596
-0.348994
0.321934
-0.374286
-0.347602
-0.28673
0.113618
0.694113
-0.445056
0.268331
0.743542
-0.566817
-1.6305
0.944117
-0.0958567
-0.0600223
-1.35085
0.143596
-0.712833
0.0197141
-0.0211318
0.00716724
-0.0400845
0.143232
-0.110315
-0.145145
0.162035
-0.13203
0.113333
-0.136057
-0.120563
-0.096318
0.113486
0.693513
-0.444256
0.264914
0.748732
-0.56939
-1.63827
0.95405
-0.0992139
-0.0511754
-1.35658
0.140084
-0.715522
-0.00465535
-0.00485585
0.0126882
-0.0425188
0.047674
-0.0178433
-0.0331189
0.0414662
-0.0254775
0.000568024
-0.0190152
-0.00966269
-0.00622135
-14.3206
-16.6191
9.05848
-10.1517
-1.60984
0.311571
-3.16161
0.568381
8.61395
2.47269
-5.88649
-1.80545
51.2734
-17.9499
-4.82366
-0.448387
-6.10165
-1.25863
12.2858
4.4172
-3.98713
-12.4984
48.8623
-29.4999
-9.51932
-1.38551
-12.892
-4.78588
9.05915
3.35129
-30.3479
-47.917
16.8675
-17.5508
-4.53749
-0.449153
-8.14309
-1.71975
4.39956
1.49812
-15.6164
-26.4655
60.8347
-22.1467
-6.85899
-1.07279
-13.3913
-5.50832
2.9467
0.729277
-25.7762
-51.495
32.9284
-22.2193
-7.36877
-1.04149
-13.1113
-5.14799
-4.58858
-3.37104
-13.6691
-30.8697
67.7296
-24.8511
-8.87411
-1.44184
-13.6418
-6.47
-2.00297
-1.64458
-30.4188
-59.2651
33.289
-21.1079
-7.54741
-0.980584
-11.9917
-4.96944
-2.32394
-1.02285
-16.8062
-37.0029
66.1962
-24.1949
-8.84348
-1.26415
-12.5896
-6.11685
-2.99517
-1.82657
-16.2889
-45.0094
47.2925
-26.2915
-9.61225
-1.54418
-11.3699
-5.83159
-8.66037
-5.17132
-79.4335
281.11
42.1251
221.537
0
-2.65221e-13
0
0
0
0
0
0
-109.535
493.338
45.7028
38.1117
0
-4.59658e-14
-1.12937e-15
0
0
0
0
0
2.60347
482.86
-38.0959
77.4826
-1.19219e-14
0
0
0
0
0
0
0
1.23489
321.383
-11.718
220.595
0
2.19215e-13
0
2.88958e-14
0
0
0
0
4.00043
539.988
-46.2839
22.3834
0
0
2.94522e-20
0
0
0
0
0
32.7839
400.614
-34.608
167.679
0
0
2.83721e-13
0
0
0
0
0
-15.6726
568.843
-17.528
-1.41091
0
0
0
0
0
0
0
0
20.6501
400.074
-20.6501
165.234
0
0
0
0
0
0
0
0
83.7736
561.229
-113.613
7.77369
0
-1.25964e-13
0
0
0
0
0
0
-62.0903
457.401
62.09
96.864
0
0
0
0
0
0
0
0
