0.994974
-0.000546062
0.687396
0.205143
0.14929
0.162126
-0.51656
-0.776106
0.309395
0.261568
-0.651816
-0.624667
0.693326
-0.290313
0.101236
-0.0870854
-0.399068
-0.0913431
1.37759
-0.887177
-0.715613
2.40804
-1.29335
1.00053
-0.998511
-1.56971
-1.49861
0.0106712
0.674874
0.156682
0.140347
0.32512
-0.62215
-0.835751
0.542198
0.136871
-0.505813
-0.725907
0.550558
-0.420325
0.119259
-0.146329
-0.438491
-0.0375034
1.48764
-1.01164
-0.52288
2.08691
-1.12554
1.32613
-0.695821
-1.25585
-1.17355
0.0236814
0.656611
0.108276
0.141087
0.483075
-0.732438
-0.885574
0.75419
0.0231087
-0.328144
-0.774947
0.447557
-0.514253
0.117672
-0.183151
-0.425078
0.044138
1.36429
-0.983349
-0.409837
1.79229
-0.957373
1.6125
-0.441949
-0.928585
-0.845724
0.0355005
0.635009
0.0620859
0.146921
0.630464
-0.839471
-0.927049
0.938028
-0.0730649
-0.150379
-0.795273
0.378996
-0.573594
0.10383
-0.203395
-0.36994
0.0640907
1.23195
-0.926104
-0.374902
1.54955
-0.804709
1.58
-0.180651
-0.615915
-0.529292
0.0455447
0.612654
0.0229913
0.155488
0.757342
-0.935821
-0.964396
1.09323
-0.151823
0.0229863
-0.791491
0.344712
-0.599359
0.0831092
-0.199688
-0.3099
0.0787345
1.04535
-0.814184
-0.330136
1.27988
-0.639842
1.27321
0.0400495
-0.302475
-0.222132
0.0531661
0.592884
-0.00824214
0.166206
0.855568
-1.01353
-0.994016
1.21282
-0.210566
0.139124
-0.780682
0.343027
-0.602407
0.0674597
-0.177717
-0.275012
0.124923
0.822246
-0.672157
-0.249281
1.02531
-0.501012
0.956157
0.100364
-0.000703211
-0.0131483
0.0587035
0.576971
-0.0350724
0.180277
0.927219
-1.07242
-1.01313
1.30077
-0.252564
0.217042
-0.76937
0.368695
-0.586642
0.0494243
-0.140966
-0.228156
0.135745
0.601455
-0.509044
-0.167868
0.757344
-0.36132
0.66271
0.116294
0.241526
0.159244
0.0630423
0.565052
-0.056254
0.195315
0.97563
-1.11469
-1.02472
1.36386
-0.282887
0.270871
-0.755912
0.403751
-0.569374
0.0343173
-0.0973935
-0.181208
0.136321
0.385528
-0.34064
-0.0823827
0.502741
-0.239151
0.397426
0.176467
0.318822
0.154831
0.06595
0.558984
-0.0714581
0.210613
0.996176
-1.13533
-1.02508
1.39627
-0.299733
0.292478
-0.738393
0.437082
-0.553871
0.023345
-0.0451863
-0.130622
0.138554
0.144078
-0.15201
0.0175017
0.242313
-0.129192
0.166494
0.150678
0.201729
0.00235434
0.0668623
0.557002
-0.0780245
0.217189
1.00287
-1.14204
-1.02358
1.40667
-0.305073
0.295969
-0.724345
0.457918
-0.553921
0.00120722
0.000540969
-0.00503925
0.0102427
-0.00799076
0.00278728
0.00785107
-0.000433138
-0.00237869
0.0162391
-0.0253189
0.00673666
-0.0147265
-9.68443
-6.58322
11.3687
26.5486
2.7626
0.595369
-4.72002
-1.68841
17.3846
6.49606
-15.5337
-15.2306
9.48539
30.0998
-6.6886
0.0141046
-3.20545
-1.39366
15.0413
5.31688
-13.4896
-17.7492
12.6216
24.6319
-20.5103
-0.490106
-3.147
-2.18361
12.8204
4.26773
-18.0555
-24.8519
11.8913
24.5908
-27.2466
0.138043
-6.49686
-4.60588
10.0864
3.06881
-24.4229
-32.2419
11.6368
27.0566
-34.0714
1.84041
-5.90892
-5.31459
9.31668
2.70984
-28.0212
-36.7577
9.08906
26.2839
-40.7505
-1.86569
-5.64626
-5.78133
6.25365
0.849031
-26.7484
-39.6746
12.2329
18.603
-48.0029
0.249478
-3.4514
-4.60557
7.13894
1.50238
-27.1202
-41.8175
11.5984
17.1954
-49.5309
-2.28716
-2.95793
-4.38993
0.456189
-3.02526
-25.0591
-43.1943
15.4941
11.0662
-54.0221
-1.03104
-3.07656
-4.77908
1.34936
-2.31836
-31.9928
-46.9727
14.2245
12.6906
-47.1224
-0.879386
-2.13591
-4.14179
1.90594
-1.62415
31.3751
135.223
31.4131
116.427
-30.5997
156.464
-31.135
126.146
0
0
0
-1.62204e-14
26.5832
121.704
23.3031
104.942
-29.0004
163.449
-28.8768
144.15
0
0
0
0
25.4404
133.903
28.4965
93.3956
-33.9944
171.503
-34.1512
149.361
0
0
0
0
28.811
130.412
27.8272
98.5326
-30.8177
170.505
-30.4036
148.37
0
0
0
0
25.5932
132.676
27.1895
100.538
-32.6129
186.738
-32.1961
148.45
0
0
0
0
26.8305
117.967
25.8696
107.038
-26.6157
166.566
-27.625
170.462
0
0
1.56574e-15
0
32.3306
134.836
32.6405
109.459
-37.3639
183.781
-36.4453
151.673
0
0
0
0
35.0812
129.245
35.8192
114.257
-31.0405
163.032
-32.3907
161.06
0
0
0
0
41.5379
150.457
41.2659
114.21
-39.2825
175.025
-40.3409
147.721
0
0
0
0
38.2055
149.259
38.4469
118.779
-32.3818
156.543
-30.1924
139.72
0
0
0
0
