0.878225
-0.000275153
0.746117
-0.105772
0.0549298
0.19695
-0.146107
-1.00929
0.148455
0.273788
-0.659755
-0.625183
0.690173
-0.294955
0.238985
-0.0588056
-0.726875
0.359151
1.48218
-1.11446
-1.49991
2.00033
-1.29734
1.00013
-1.00008
-1.57071
-1.50011
0.0200362
0.738037
-0.164223
0.0692333
0.349851
-0.254861
-1.1278
0.357734
0.174722
-0.536446
-0.742564
0.558001
-0.438796
0.200734
-0.105616
-0.567839
0.104655
1.57793
-1.11475
-1.21445
2.15151
-1.00705
1.26367
-1.28836
-1.29813
-1.44388
0.0363966
0.725154
-0.203312
0.0546242
0.512398
-0.36371
-1.21866
0.566577
0.104647
-0.388721
-0.87972
0.451833
-0.577735
0.158231
-0.156304
-0.396194
-0.167328
1.68078
-1.11726
-0.931126
2.05937
-0.717722
1.5139
-1.50843
-1.01649
-1.37836
0.0495171
0.707143
-0.226987
0.0174669
0.682977
-0.473456
-1.2818
0.765784
0.0439317
-0.2186
-1.04363
0.374078
-0.711353
0.123688
-0.209824
-0.219045
-0.41645
1.76154
-1.12604
-0.64703
1.84228
-0.615234
1.74439
-1.74652
-0.732068
-1.31812
0.0605326
0.684044
-0.237769
-0.0353358
0.857375
-0.58427
-1.31655
0.941889
-0.00338453
-0.0217627
-1.2167
0.322597
-0.8396
0.103997
-0.264884
-0.107399
-0.558243
1.81772
-1.15208
-0.356032
1.60647
-0.509
2.01726
-1.81817
-0.44308
-1.27732
0.0706079
0.655268
-0.240674
-0.0969172
1.03742
-0.699826
-1.32334
1.09397
-0.0248341
0.177634
-1.39537
0.299174
-0.963803
0.102003
-0.324047
-0.0125505
-0.638411
1.86421
-1.21325
-0.0695838
1.3744
-0.219094
2.04364
-1.89521
-0.160289
-1.20746
0.0806461
0.621043
-0.238296
-0.160181
1.21939
-0.820917
-1.30595
1.22233
-0.042966
0.377024
-1.58097
0.302716
-1.08466
0.127079
-0.399198
0.0695501
-0.656416
1.95419
-1.36733
0.178333
1.23728
-0.185773
1.95906
-1.99938
0.119102
-1.26091
0.0943587
0.580063
-0.227606
-0.219135
1.40463
-0.957886
-1.27017
1.33644
-0.0611836
0.56669
-1.76393
0.332219
-1.20373
0.184177
-0.455574
0.112198
-0.459808
1.87771
-1.5301
0.366635
1.09016
-0.441447
1.8864
-1.8473
0.356774
-1.14761
0.116831
0.531847
-0.208121
-0.254127
1.58445
-1.1222
-1.23149
1.44143
-0.102527
0.750729
-1.92408
0.377776
-1.31106
0.231885
-0.49642
0.199785
-0.219341
1.70505
-1.68549
0.396483
0.969713
-0.43545
1.62025
-1.58942
0.510403
-0.889533
0.139466
0.482654
-0.188617
-0.262535
1.74082
-1.28967
-1.19318
1.52681
-0.145017
0.903463
-2.08196
0.426032
-1.39991
0.249632
-0.504268
0.105123
-0.020014
1.58252
-1.92114
0.14972
0.783052
-0.579191
1.34917
-1.58733
0.473237
-0.910661
-10.6847
-16.3614
8.12221
-11.9404
-1.65184
0.365514
-11.3824
-4.97006
13.869
5.4178
-8.56845
-12.3641
39.556
-12.5287
-1.70808
0.190464
-8.71849
-3.75416
9.45544
2.08498
-8.63792
-28.771
29.1658
-17.6004
-4.10825
-0.36221
-9.7389
-4.58429
7.65431
2.35076
-9.06111
-34.353
45.88
-15.9505
-3.15374
-0.479808
-7.96454
-4.70605
3.42684
-0.778944
-5.98226
-45.2681
42.6776
-20.1782
-4.60055
-0.598636
-4.85877
-3.34984
2.37519
-0.503462
-13.6358
-65.3893
38.5857
-15.1018
-1.63369
-0.11015
-10.7685
-8.72566
0.164361
-2.21408
-12.7284
-78.4047
27.4981
-19.6205
-3.18323
-0.744734
-4.11118
-5.19829
-1.77994
-3.17743
-21.0401
-99.9982
31.5514
-19.1575
-2.28444
-0.755698
-4.08942
-6.06298
-0.389348
-2.15201
-19.1113
-99.8307
39.8997
-19.8095
-0.615677
-0.221257
-1.79673
-5.66408
-0.939783
-2.6492
-14.8994
-77.0907
44.7437
9.45326
-14.8436
13.695
-3.27413
-10.691
-7.70284
-10.1579
-9.70283
270.907
8.27816
252.896
0
0
0
0
0
0
0
0
-3.68205
426.818
-32.4025
101.045
0
0
-9.389e-14
0
0
0
0
0
5.26308
362.483
-7.33423
156.285
0
0
0
7.24125e-16
1.96396e-14
-2.70008e-15
0
0
-28.2073
448.35
4.79622
77.3931
0
1.09033e-16
0
8.45112e-18
0
0
0
0
0.783872
420.395
-0.783872
95.6272
0
0
0
0
0
0
0
0
-0.10998
406.026
0.10998
120.848
0
9.3476e-15
-5.35221e-15
-4.08319e-15
0
0
0
0
-18.2911
332.774
50.9342
170.491
0
0
0
0
3.93174e-14
0
0
0
-11.1485
370.26
38.8047
174.118
0
-1.79524e-13
0
0
0
0
0
0
12.8902
392.556
28.2979
129.916
0
0
0
0
0
-1.89606e-15
0
0
63.1123
373.868
-21.4922
52.0533
-85.2465
167.631
26.5165
0.169363
3.71204e-14
0
0
0
