1.85008
-0.000340985
0.746127
-0.105975
0.0551403
0.196729
-0.145895
-1.00973
0.148169
0.273908
-0.660394
-0.624717
0.689019
-0.295113
0.239451
-0.0587278
-0.726149
0.359479
1.48148
-1.11481
-1.50017
2.00038
-1.2999
0.999451
-1
-1.57026
-1.49961
0.0248193
0.72987
-0.173292
0.0281933
0.467211
-0.322112
-1.3056
0.447849
0.0220779
-0.454942
-0.71146
0.36623
-0.603379
0.122397
-0.107635
-0.301703
-0.131088
1.28128
-0.848487
-0.974739
1.46078
-1.22501
0.999487
-0.42197
-1.19446
-1.01223
0.0350292
0.699547
-0.165008
-0.107055
0.763751
-0.491688
-1.44074
0.626505
-0.226868
-0.37386
-0.67893
0.120692
-0.811474
0.0429934
-0.180515
0.0403094
-0.657953
1.44258
-0.824933
-0.657482
0.86905
-1.79061
0.394601
0.15809
-0.918602
-0.588829
0.0289245
0.65756
-0.0958144
-0.327134
1.06029
-0.637343
-1.45683
0.704772
-0.595185
-0.397997
-0.646401
-0.0681654
-0.932543
-0.0297044
-0.229731
0.357202
-1.0706
1.40914
-0.695741
-0.0783141
0.380755
-1.91026
-0.117192
0.158087
-0.358273
0.0220461
0.0087945
0.595512
0.0500812
-0.669876
1.40017
-0.780372
-1.46135
0.701835
-0.885123
-0.438584
-0.605688
-0.141827
-0.812691
-0.0979321
-0.343636
0.709738
-1.68732
1.67331
-0.69573
-0.0219573
-0.223151
-1.32699
-0.197434
0.198057
0.14442
0.587671
-0.0113355
0.526303
0.208445
-1.01673
1.70911
-0.900827
-1.46586
0.583563
-1.04281
-0.48122
-0.542221
-0.112107
-0.646295
-0.0909077
-0.273382
0.770378
-1.51911
1.13114
-0.382412
-0.413041
-0.575295
-0.767445
-0.207584
0.308856
0.692492
0.773933
-0.0300226
0.466999
0.361053
-1.32902
1.94166
-0.973694
-1.55079
0.391887
-1.17889
-0.523856
-0.478754
0.0302763
-0.487234
-0.0969189
-0.30313
0.681344
-1.50863
1.13112
-0.303829
-0.867634
-0.932497
-0.662253
-0.207612
0.263221
1.18373
0.902864
-0.0426227
0.409922
0.501105
-1.61176
2.14682
-1.03616
-1.72917
0.186812
-1.28875
-0.566491
-0.328674
0.273644
-0.30172
-0.0504591
-0.150626
0.48846
-0.929309
0.520412
-0.0795627
-0.501152
-0.997545
-0.534665
0.335011
0.869361
1.68919
0.90296
-0.0296839
0.380771
0.683629
-1.80279
2.24827
-1.12911
-1.83645
0.0129605
-1.3
-0.58361
-0.149982
0.515667
-0.239817
0.0629647
-0.132535
0.887941
-0.886817
0.451139
-0.452263
-0.521901
-0.454122
-0.0547773
-0.0834008
0.880089
1.17743
0.301632
-0.0155252
0.3408
0.866153
-1.99208
2.38095
-1.25503
-1.94374
0
-1.22176
-0.72533
-0.0958732
0.640896
-0.304171
0.747665
-0.217734
0.573933
-1.12977
0.645436
-0.659263
-0.52193
-0.0629241
0.421504
-0.689425
0.263328
0.609256
-0.312569
-10.4681
-6.01441
30.2906
-11.9436
-2.42054
0.158577
-5.93
-0.87548
16.4701
6.76092
1.0256
-22.9815
31.5626
-24.265
-7.92925
-1.4542
-12.2597
-4.58271
3.34985
-0.306753
12.3208
-23.7157
54.8249
-22.0755
-7.09566
-1.38695
-12.0479
-5.49524
0.467082
-0.799364
12.2273
-53.6798
46.5315
-18.2503
-4.517
-0.810156
-13.893
-7.16089
0.132389
-0.0817584
40.3082
-37.736
68.1115
-28.0273
-9.00238
-1.74792
-3.31474
-0.964284
-0.404589
-0.872102
80.3547
-61.3332
99.0217
-33.6245
-9.82368
-1.87929
-12.7046
-7.74355
1.06926
-2.26914
79.3784
-24.4918
96.1369
-29.5642
-10.8259
-2.05107
-0.234899
-0.645164
7.7894
1.88506
100
-100
100
-24.1043
-5.88457
-0.405036
0.855668
0.452889
14.6393
2.99342
49.0181
-47.1104
25.0437
-18.3374
-5.82239
-0.0588958
-8.06048
-4.88326
1.59654
-1.77489
97.1493
-93.9615
74.341
-41.7343
-13.2557
-0.487934
7.35291
7.37437
13.5537
1.01647
-161.467
384.524
125.358
137.878
0
2.07929e-15
-1.65322e-13
0
0
0
0
0
467.64
388.438
-467.64
169.735
1.13491e-23
-4.23243e-15
-2.42546e-14
0
0
0
0
0
-120.291
477.682
111.469
36.273
0
0
-1.99924e-14
0
0
0
0
0
22.3196
451.232
-22.3196
98.5524
-2.54341e-15
0
-3.61722e-18
0
0
0
0
0
-56.693
518.259
53.1419
-40.6841
0
0
0
2.00166e-13
0
0
0
0
17.2124
735.156
-17.2124
-71.2938
0
0
0
-2.69033e-13
0
0
0
0
-55.4739
637.878
35.6312
-187.823
2.1047e-13
0
0
2.30894e-13
0
0
0
0
-55.3065
780.049
55.3065
-24.8548
2.58514e-13
0
-9.63035e-14
-5.17313e-14
0
0
0
0
224.761
203.961
-114.628
110.704
0
0
-1.64412e-14
-5.14003e-14
3.40683e-15
-1.09839e-14
0
0
340.574
526.168
-112.696
124.914
2.6957e-13
0
-4.80314e-14
-1.40622e-13
39.1929
111.98
0
0
