0.565077
0.0134593
0.671173
0.262033
0.308676
0.341149
-0.214316
-0.907522
0.35686
0.288628
-0.661753
-0.625721
0.687681
-0.296369
0.0666563
-0.123913
-0.460352
-0.123412
1.31192
-0.978815
-0.753061
2.43847
-1.22506
0.996497
-1.00015
-1.56992
-1.50026
0.0176445
0.662184
0.23313
0.309037
0.423519
-0.287542
-0.950828
0.500294
0.217404
-0.60973
-0.700241
0.57862
-0.402311
0.0616458
-0.174979
-0.611987
0.0530136
1.30822
-1.16626
-0.569285
2.28686
-1.10559
0.815068
-1.18689
-1.73718
-1.68734
0.0215151
0.650456
0.194705
0.321796
0.516379
-0.372435
-0.982494
0.634548
0.153241
-0.570222
-0.786418
0.469553
-0.519709
0.053675
-0.21593
-0.758502
0.235976
1.47902
-1.35288
-0.39166
2.13825
-0.988084
0.629225
-1.37263
-1.72646
-1.8698
0.0248852
0.636743
0.147082
0.347571
0.609238
-0.468862
-1.00215
0.758471
0.0966
-0.537497
-0.884324
0.361159
-0.64711
0.0458106
-0.243541
-0.895061
0.419431
1.47828
-1.53616
-0.209111
1.97371
-0.869533
0.475641
-1.55945
-1.56636
-2.03829
0.0277618
0.620809
0.0908736
0.385188
0.702051
-0.576324
-1.01381
0.878085
0.0448522
-0.50763
-0.989627
0.262818
-0.784783
0.0448123
-0.267961
-1.03939
0.599224
1.46766
-1.72152
-0.039015
1.86787
-0.789466
0.48553
-1.74034
-1.4261
-2.21148
0.0322428
0.603709
0.0256138
0.42281
0.794197
-0.695501
-1.01419
0.995388
-0.00681484
-0.477142
-1.1048
0.173282
-0.93467
0.072178
-0.298424
-1.21627
0.593883
1.45267
-1.90362
0.123638
1.91555
-0.82291
0.54435
-1.91396
-1.3026
-2.39436
0.0388156
0.584862
-0.0507518
0.458927
0.8854
-0.825749
-1.00364
1.11583
-0.061435
-0.44296
-1.22872
0.091715
-1.09486
0.10541
-0.331561
-1.39908
0.451787
1.3866
-2.08909
0.28768
1.98612
-0.874724
0.614629
-2.08889
-1.18239
-2.55819
0.04608
0.563175
-0.138621
0.487293
0.972455
-0.9679
-0.985579
1.24053
-0.116332
-0.404288
-1.36092
0.0181439
-1.26298
0.117642
-0.364796
-1.58003
0.30749
1.31725
-2.27276
0.445891
1.99171
-0.857577
0.660828
-2.26396
-1.04069
-2.68876
0.054914
0.539883
-0.237831
0.50989
1.05515
-1.1222
-0.955877
1.36562
-0.171915
-0.369688
-1.50318
-0.0468906
-1.4396
0.140706
-0.427089
-1.76464
0.137561
1.14388
-2.45919
0.517799
2.15221
-0.905369
0.536627
-2.43236
-0.923328
-2.83455
0.0648661
0.511878
-0.348866
0.514756
1.12005
-1.28594
-0.923927
1.50269
-0.229895
-0.336022
-1.6559
-0.105375
-1.61797
0.174979
-0.514069
-1.79622
0.0596124
1.02392
-2.64374
0.393441
2.26276
-1.04341
0.50084
-2.60056
-0.950662
-2.85332
12.2245
4.6056
0.0650313
38.8133
-49.1393
-92.2542
-16.6119
-10.3543
4.24911
-2.20552
21.8575
10.2035
1.11861
27.1467
-71.0105
-98.3375
-15.3833
-9.91927
4.8917
-2.25953
18.643
9.24206
0.840446
27.2536
-80.1991
-97.7948
-16.2439
-10.6707
8.70464
-0.45899
17.8646
8.00177
0.432871
25.4261
-90.3626
-93.9319
-14.0708
-9.56118
7.13737
-1.55031
17.0185
9.14726
0.614294
21.7753
-96.5687
-93.1676
-10.1762
-7.49055
2.08926
-4.63194
1.1022
1.70714
-1.04482
30.6719
-95.944
-94.9537
-13.4173
-9.09317
-0.816026
-6.24661
5.95264
4.83255
-0.516646
22.1942
-99.445
-80.889
-9.60225
-7.17116
-2.52383
-7.13901
2.05843
2.75027
-1.13313
23.713
-99.5604
-67.4744
-12.9004
-9.03759
-2.16915
-6.76135
-1.61451
2.14442
-1.4083
12.603
-98.8912
-75.8339
-13.4091
-9.01891
-6.14922
-8.06934
-95.7151
-67.4811
-14.2604
62.2982
-12.3505
-22.3676
-4.99776
-1.94359
-3.68477
-3.11249
0
-9.94752e-15
0
0
61.074
-178.124
-65.299
692.305
0
0
0
0
-4.44429e-17
2.26353e-16
0
0
-18.7263
-182.903
-9.51015
725.983
0
0
0
0
-1.61186e-13
0
0
0
4.57401
-179.959
-27.3643
726.845
0
0
-1.50555e-15
0
2.7565e-13
0
0
1.05999e-14
-12.8232
-149.422
-28.5311
710.673
0
0
0
0
0
7.23783e-25
0
0
-30.6029
-159.488
-0.147554
698.159
0
0
0
0
3.27089e-14
1.65308e-15
0
0
10.7986
-186.762
-13.6071
712.796
0
0
0
0
-1.29776e-23
0
0
0
-3.31266
-122.46
-22.06
627.044
0
0
0
0
5.60639e-15
0
0
0
-35.3395
-57.0667
-10.908
556.655
0
0
0
0
-7.5105e-14
1.93271e-13
0
0
-14.0094
-144.654
14.0094
574.177
0
0
0
0
48.1298
48.0019
-112.188
135.022
51.0832
-18.8893
42.2761
285.63
0
0
0
0
