1.66886
-0.000178626
0.746118
-0.105712
0.0551023
0.196783
-0.146173
-1.00944
0.148076
0.273719
-0.660086
-0.625835
0.690305
-0.295159
0.239097
-0.0588033
-0.72679
0.359304
1.48207
-1.11459
-1.49997
1.99996
-1.29987
0.999992
-1.00002
-1.57086
-1.49992
0.0296376
0.730685
-0.240375
0.111225
0.450238
-0.321087
-1.24905
0.534064
0.0410457
-0.433316
-0.779242
0.417626
-0.500901
0.160022
-0.11074
-0.528427
0.142528
1.30809
-0.922191
-0.997278
2.14954
-0.827912
1.23445
-0.506073
-1.47005
-1.07357
0.0425518
0.709392
-0.337971
0.122988
0.670438
-0.455455
-1.37621
0.928362
-0.0439954
-0.210585
-0.870715
0.23832
-0.671648
0.0640218
-0.132953
-0.24841
-0.203425
1.16272
-0.710887
-0.608322
2.00721
-0.370929
1.18868
-0.480606
-0.944562
-0.731273
0.0423324
0.685396
-0.376402
0.0680099
0.866273
-0.557881
-1.42996
1.26269
-0.122953
-0.0132921
-0.982697
0.0713667
-0.78266
-0.00584635
-0.127895
0.110277
-0.560955
0.935631
-0.484954
-0.223166
1.5388
-0.51411
0.840233
-0.702108
-0.863245
-0.314931
0.0312083
0.661255
-0.341163
-0.0664233
1.03621
-0.628622
-1.39916
1.52855
-0.224406
0.148939
-1.07175
-0.0987304
-0.808363
-0.0720589
-0.132501
0.410222
-0.944938
0.867546
-0.332829
0.210873
1.04514
-0.562033
1.01568
-0.436423
-1.33376
0.138464
0.019395
0.635265
-0.264603
-0.238208
1.19364
-0.690832
-1.30656
1.67047
-0.32569
0.369663
-1.11122
-0.344857
-0.777379
-0.0550256
-0.147044
0.416441
-0.907517
0.829722
-0.338646
0.578292
0.587922
-0.40238
1.34929
-0.175268
-1.29768
0.455732
0.012505
0.604986
-0.206163
-0.384236
1.35297
-0.762571
-1.16218
1.73252
-0.440428
0.614814
-1.16132
-0.555365
-0.67688
-0.0113126
-0.174992
0.251552
-0.674892
0.861593
-0.438253
0.834441
0.128982
-0.769641
1.25562
-0.39516
-0.817413
0.632767
0.0128525
0.571828
-0.169134
-0.491942
1.50782
-0.846744
-1.03619
1.74448
-0.582709
0.767724
-1.23403
-0.669177
-0.560932
0.02164
-0.181541
0.118159
-0.438917
0.8035
-0.482742
0.554624
0.0533058
-0.759401
0.853652
-0.37291
-0.365486
0.601267
0.0233809
0.534578
-0.158996
-0.547809
1.66293
-0.956125
-0.940204
1.75719
-0.677402
0.877052
-1.2578
-0.678399
-0.477185
0.0648523
-0.21139
-0.003512
-0.209511
0.839877
-0.626855
0.471177
0.230287
-0.487377
0.462201
0.0790269
0.135632
0.308666
0.0348346
0.502722
-0.159685
-0.570186
1.78417
-1.0543
-0.867762
1.79145
-0.764002
0.901381
-1.25381
-0.663035
-0.449048
0.0301337
-0.0013744
-0.0554966
-0.0603457
0.565602
-0.38419
0.0970307
0.0310421
-0.223196
0.0677289
-0.0507914
0.047953
-0.0197584
-5.99416
-13.9603
10.1124
-16.0325
-4.06214
-0.211108
-10.1574
-3.21566
9.81256
3.13593
-8.6775
-14.5882
53.4244
-16.1588
-2.53302
-0.031985
-6.80382
-1.84214
5.83124
0.84415
-14.6788
-48.7809
26.0543
-22.6259
-6.24682
-0.967185
-16.135
-8.50994
1.97435
0.518384
-23.6136
-74.0519
20.6075
-18.4263
-3.50609
-0.864241
-10.4006
-5.62789
-9.56371
-5.20101
-16.5584
-77.7796
20.0546
-19.2557
-2.19865
-0.598945
-2.12864
-1.73223
-10.6253
-5.00115
-2.37554
-81.0288
28.5164
-19.0198
-0.195521
-0.748021
-4.14516
-5.74197
-9.85332
-4.41625
5.35591
-80.7058
32.1876
-18.3532
0.739083
-0.958061
-3.44337
-7.12178
-10.0115
-3.66642
5.40127
-99.926
31.3049
-18.2174
3.68692
-0.391006
0.953273
-4.38952
-13.8607
-5.88611
-2.13962
-98.4294
30.2316
-9.28225
5.63219
-0.0416937
3.66651
-2.87339
-11.4589
-4.5737
31.8566
-58.7555
10.9241
-37.1889
-96.9431
13.6568
1.66296
-7.43964
-24.5548
-11.539
-1.3947
278.037
1.3947
244.527
0
0
0
0
0
0
0
0
-24.4372
502.176
-21.1142
45.8664
0
0
0
0
0
0
-4.99309e-15
0
5.0805
359.094
-5.0805
186.42
2.96721e-14
0
0
0
0
0
0
0
-6.61906
347.508
5.35749
225.006
-1.17306e-23
0
0
1.82315e-13
0
0
0
0
-0.361845
327.945
-0.340638
206.792
0
0
0
4.85645e-24
0
0
0
0
0.12815
376.712
-0.12815
183.707
0
5.8617e-18
0
-3.09582e-15
0
0
0
0
0.612403
378.524
0.439825
150.408
0
0
0
0
0
0
0
0
4.40731
393.221
3.3245
184.218
0
0
0
8.05028e-22
0
0
5.9413e-14
0
22.6028
360.796
-22.0768
147.27
0
0
-2.73333e-16
0
0
0
0
2.63007e-14
65.3347
149.963
57.1382
199.96
-108.316
294.238
-25.2808
87.467
0
0
0
-5.61447e-15
