0.894197
-0.0346807
0.746289
-0.167
0.0234683
0.191431
-0.0478991
-1.01083
0.149614
0.273865
-0.658974
-0.626424
0.697741
-0.29213
0.488696
-0.0262614
-1.07167
1.02582
1.59668
-1.55083
-1.49963
1.99682
-1.29887
0.996359
-2.00122
-1.56922
-1.49926
0.00178584
0.740455
-0.273475
0.110705
0.342839
-0.180069
-1.14576
0.347997
0.172096
-0.530946
-0.817047
0.541195
-0.414882
0.362475
-0.0833049
-0.935864
0.779927
1.44596
-1.29003
-1.21903
1.97596
-1.01042
1.29111
-1.70863
-1.60903
-1.2276
0.0287795
0.731219
-0.366363
0.1823
0.471115
-0.287051
-1.26519
0.544084
0.0966612
-0.396787
-0.982152
0.406238
-0.512381
0.270956
-0.111042
-0.720793
0.518913
1.27808
-1.0762
-1.10211
1.75094
-0.743074
1.35078
-1.48818
-1.3517
-0.971751
0.0481844
0.720187
-0.437874
0.228696
0.585452
-0.376275
-1.37176
0.717714
0.0421215
-0.26278
-1.12424
0.297379
-0.590594
0.195268
-0.122296
-0.490064
0.256292
1.12565
-0.891882
-0.945931
1.56728
-0.543958
1.31013
-1.25689
-1.06402
-0.736228
0.062395
0.708231
-0.485337
0.249153
0.689021
-0.452837
-1.45398
0.873125
-0.0121012
-0.132847
-1.2387
0.216646
-0.644794
0.122129
-0.115499
-0.26285
0.018859
0.925692
-0.6817
-0.735241
1.35935
-0.562785
1.22254
-0.988255
-0.797104
-0.525827
0.0696389
0.697398
-0.511083
0.246101
0.774434
-0.509453
-1.51533
1.0061
-0.067041
-0.0118178
-1.32463
0.163727
-0.680683
0.0722531
-0.0989061
-0.104266
-0.120584
0.728065
-0.503215
-0.544801
1.07011
-0.528669
0.957246
-0.71844
-0.519917
-0.332905
0.0740854
0.688461
-0.521345
0.233087
0.839525
-0.551266
-1.5567
1.11227
-0.104742
0.082861
-1.3824
0.131649
-0.704808
0.0366382
-0.0766179
-0.0206046
-0.169875
0.537184
-0.346704
-0.313656
0.782784
-0.340017
0.68527
-0.43673
-0.310941
-0.218054
0.0753032
0.682211
-0.522773
0.21573
0.88399
-0.576947
-1.58251
1.18995
-0.131005
0.15073
-1.41953
0.116516
-0.722293
0.0082322
-0.0495337
0.0408454
-0.188177
0.34511
-0.197778
-0.177991
0.493251
-0.218089
0.419391
-0.271679
-0.141867
-0.146745
0.0751381
0.679038
-0.518676
0.20082
0.906514
-0.588659
-1.598
1.23878
-0.146483
0.192288
-1.44131
0.114272
-0.729698
-0.00434753
-0.0183804
0.0424148
-0.111572
0.132068
-0.0629109
-0.0791851
0.197319
-0.114825
0.150236
-0.125131
-0.0145972
-0.0651071
0.0746979
0.678305
-0.516133
0.194948
0.912018
-0.590833
-1.60275
1.25394
-0.153039
0.20631
-1.44633
0.114378
-0.734772
-0.00448363
-0.00281288
0.0133563
-0.0321434
0.0236536
-0.00486657
-0.0160597
0.0467851
-0.0566799
-0.00128799
-0.00444351
0.0115508
-0.0182591
-1.62071
2.43727
35.1138
-10.8835
-1.40108
0.384999
-4.18579
-0.498259
7.89311
1.79264
-15.9644
-24.8498
21.9414
-18.2454
-4.65613
-0.401905
-5.50925
-0.638788
9.64984
3.13212
-20.9177
-42.9122
12.7193
-23.5771
-7.05084
-0.916521
-12.5661
-4.54427
6.16669
2.23729
-34.5277
-58.8142
12.7858
-17.4156
-4.29674
-0.445468
-8.44665
-2.14975
1.54745
0.190352
-32.5239
-67.3354
13.6393
-23.5994
-8.03882
-1.37326
-13.0257
-5.17407
-1.06184
-0.485423
-33.918
-73.8626
14.6514
-21.8699
-7.43632
-1.04702
-12.2265
-5.42581
-3.65386
-1.77624
-31.0623
-75.832
18.4674
-23.4934
-8.35305
-1.30721
-12.1184
-5.98622
-7.11851
-3.75293
-29.9887
-79.1887
19.6374
-25.6343
-9.33928
-1.58627
-12.3064
-7.03233
-6.78355
-3.44677
-25.1501
-76.7124
22.0375
-26.3245
-9.7967
-1.6856
-11.9577
-6.88286
-9.26428
-4.9922
-27.7482
-78.5768
16.801
-24.5645
-8.23547
-1.43952
-9.51929
-5.96672
-10.0636
-5.50799
-36.5085
411.221
-40.0605
84.3269
0
0
0
0
0
0
0
0
-27.9681
358.859
-24.912
174.317
0
0
0
-2.70951e-19
0
0
0
0
-11.767
310.645
-11.4926
235.848
0
0
0
0
0
0
0
0
-15.4468
314.374
-14.1486
233.556
0
2.16653e-14
0
-1.96858e-13
0
0
0
-3.06703e-14
-7.13972
318.7
-6.39994
246.469
0
0
0
1.83812e-13
0
0
0
0
-5.8181
321.058
-5.51097
241.518
0
0
3.13549e-15
0
0
0
0
0
-4.13472
338.102
-4.0108
227.843
0
2.96795e-13
0
0
0
0
0
0
-3.1467
345.615
-2.91958
227.615
4.75185e-15
0
0
0
0
0
0
0
-2.33304
352.84
-0.446408
215.933
0
-1.22601e-14
0
0
0
-1.05025e-14
9.45173e-16
0
-0.206533
321.883
0.206089
232.382
0
0
0
0
0
0
0
0
