0.96769
-0.0644011
0.747465
-0.136902
0.0135607
0.143829
-0.0204879
-1.03527
0.1066
0.258939
-0.665078
-0.637642
0.763515
-0.254125
0.220753
-0.0234131
-0.758138
0.35294
1.48678
-1.08158
-1.50684
2.01702
-1.3001
0.990707
-1.00248
-1.52477
-1.46978
-0.0457091
0.742994
-0.217015
0.0490483
0.290421
-0.122455
-1.19727
0.323498
0.119151
-0.549379
-0.745427
0.634661
-0.378233
0.173857
-0.0752885
-0.705947
0.329989
1.27096
-0.838725
-1.20734
2.01677
-1.10054
1.28857
-0.695652
-1.24202
-1.15464
-0.031645
0.735239
-0.286432
0.0719942
0.427081
-0.212643
-1.32704
0.526727
0.00975786
-0.39771
-0.785883
0.535136
-0.467678
0.130773
-0.0886164
-0.645424
0.207134
1.28806
-0.849773
-0.941035
1.88836
-0.848294
1.41029
-0.376116
-0.926181
-0.832186
-0.0175808
0.722151
-0.365613
0.0942751
0.58605
-0.314712
-1.4282
0.729957
-0.0813578
-0.24604
-0.821174
0.47021
-0.522748
0.136121
-0.141765
-0.774376
0.259036
1.47793
-0.962587
-0.661456
2.06491
-0.527893
1.55665
-0.0604664
-0.604324
-0.512419
-0.00294273
0.704769
-0.448884
0.12286
0.745018
-0.418994
-1.49487
0.952261
-0.118457
-0.0786335
-0.827696
0.439944
-0.543395
0.173379
-0.217587
-1.03719
0.45536
1.76918
-1.18735
-0.357626
2.15361
-0.258183
1.73853
0.261348
-0.281897
-0.192204
0.0156984
0.678322
-0.560398
0.173448
0.935306
-0.548356
-1.50284
1.17721
-0.144343
0.108306
-0.799623
0.444083
-0.529545
0.200273
-0.318534
-1.31907
0.678967
2.05676
-1.41666
-0.074382
2.09151
-0.240958
1.80309
0.415166
0.038131
0.128691
0.037227
0.640019
-0.702203
0.249753
1.15652
-0.704071
-1.49459
1.40217
-0.177551
0.291415
-0.755013
0.482829
-0.481044
0.211526
-0.447039
-1.64098
0.955841
2.3474
-1.66226
0.0768772
2.09688
-0.309274
1.70377
0.537933
0.360056
0.451027
0.0567851
0.587409
-0.878613
0.352467
1.40898
-0.88283
-1.49621
1.62775
-0.224552
0.456181
-0.701132
0.555278
-0.397915
0.175973
-0.572686
-1.93683
1.22691
2.52941
-1.81949
-0.0151926
2.09688
-0.435595
1.60769
0.501038
0.673547
0.773148
0.0692838
0.516623
-1.09888
0.48434
1.70185
-1.08732
-1.49782
1.84068
-0.30573
0.62893
-0.681154
0.662151
-0.280153
0.0892669
-0.71696
-2.25408
1.465
2.76684
-1.97776
-0.258241
1.95169
-0.754076
1.76283
0.185666
0.993771
1.09531
0.068681
0.432063
-1.36592
0.649603
2.01632
-1.3
-1.52551
2.05058
-0.386908
0.839989
-0.661176
0.793234
-0.162392
-0.118663
-1.00684
-2.50651
1.58872
2.92436
-2.07802
-0.299871
1.94252
-0.712839
2.06651
0.172624
1.21916
0.934156
-5.38128
-10.6825
3.98441
-13.4115
-2.73186
0.0638364
-5.90503
-1.21566
14.1877
5.50825
-9.4512
-28.1365
3.24375
-22.6526
-6.91818
-0.906575
-7.85326
-1.85064
12.4196
4.57325
-9.17194
-32.1816
10.013
-20.5834
-5.4604
-0.591898
-10.4078
-3.99612
8.28904
2.80769
-9.0291
-41.2398
12.5991
-22.4059
-6.04843
-0.700561
-7.64498
-3.17123
3.11497
0.229534
-12.9901
-51.1952
12.2825
-23.8381
-7.93002
-1.24355
-8.78711
-4.20606
1.55321
-0.0611746
-20.7184
-66.0286
11.8575
-23.102
-7.56415
-1.44174
-9.90828
-5.7678
-0.409144
-0.687509
-26.5193
-76.0067
10.4921
-23.9262
-7.79375
-1.51372
-11.2546
-5.9665
-1.35622
-0.60969
-41.3662
-99.9655
10.8953
-25.025
-8.09711
-1.92108
-11.301
-6.74665
-2.62547
-0.746004
-42.1028
-100
7.51201
-23.5054
-8.818
-2.29473
-10.1013
-5.67755
-3.77481
-0.799047
-26.8124
-51.8666
3.46682
-6.25996
2.02506
0.31234
-1.46836
0.324305
16.18
14.785
-1.67388
247.076
-34.487
232.64
0
0
0
0
0
0
0
0
-14.7734
280.098
-15.4832
284.969
0
0
-8.49492e-14
-3.18758e-23
0
0
0
0
-13.6388
287.524
-11.9822
230.869
0
-9.16463e-15
0
3.66584e-19
0
0
3.67313e-15
0
-7.9851
290.69
-13.0402
215.23
0
0
-1.26295e-23
0
0
0
0
0
-13.476
273.587
-0.66566
202.151
9.18505e-16
0
0
0
0
0
0
0
-10.3813
267.332
-5.78297
198.307
-5.34607e-14
0
-4.95776e-14
0
9.92504e-15
0
0
0
-5.59922
241.1
-3.80378
184.131
-1.19846e-23
0
-1.746e-22
8.94251e-16
0
0
0
0
-13.3922
260.711
-10.317
192.132
0
0
-2.81527e-20
0
0
0
0
0
-7.12602
214.131
-11.268
171.232
0
2.26208e-13
0
0
0
0
0
0
-18.0832
113.253
-19.6905
69.2911
1.84912e-15
0
0
0
0
0
-37.0429
111.187
