0.742375
-0.0189768
0.746992
-0.147424
0.0305696
0.186659
-0.0698052
-1.00904
0.150355
0.27448
-0.659055
-0.637363
0.69471
-0.286516
0.494461
-0.0367
-1.06392
1.02873
1.59536
-1.56017
-1.49931
1.98793
-1.30056
1.02841
-1.9993
-1.56972
-1.4981
0.0158395
0.741856
-0.235183
0.110173
0.311053
-0.186043
-1.1141
0.314332
0.186917
-0.554618
-0.802278
0.585108
-0.390346
0.422085
-0.0836706
-0.843809
0.802059
1.40543
-1.36368
-1.26843
1.8517
-1.06154
1.26609
-1.75396
-1.3295
-1.25875
0.0441995
0.734223
-0.304785
0.172572
0.415359
-0.283146
-1.20595
0.467073
0.119726
-0.450181
-0.946955
0.495666
-0.474134
0.343814
-0.110017
-0.63188
0.558812
1.25026
-1.1772
-1.05149
1.63206
-0.81458
1.25834
-1.53432
-1.08432
-1.01579
0.0658252
0.724417
-0.356907
0.208646
0.518466
-0.370205
-1.27313
0.601697
0.072729
-0.346383
-1.07351
0.426325
-0.538071
0.262172
-0.120898
-0.441486
0.330644
1.09374
-0.982899
-0.81365
1.39086
-0.569755
1.03204
-1.29183
-0.84063
-0.775113
0.0822955
0.714532
-0.393323
0.230154
0.604577
-0.441408
-1.32037
0.716425
0.0443555
-0.261253
-1.18007
0.377059
-0.583518
0.199674
-0.119791
-0.344508
0.219973
0.939953
-0.815419
-0.572752
1.1551
-0.342486
0.813525
-1.05335
-0.597273
-0.550964
0.0935388
0.705444
-0.42174
0.24302
0.676109
-0.497389
-1.34807
0.811705
0.0355845
-0.194148
-1.26696
0.347932
-0.609153
0.136304
-0.101474
-0.257632
0.138919
0.728866
-0.610152
-0.335752
0.908348
-0.106336
0.568065
-0.814104
-0.353108
-0.310773
0.10089
0.698891
-0.442991
0.254371
0.723207
-0.534587
-1.35915
0.886632
0.0338431
-0.14729
-1.33411
0.33813
-0.617741
0.0891255
-0.0793998
-0.204766
0.0982304
0.546846
-0.440311
-0.134334
0.666655
-0.0211024
0.321321
-0.594171
-0.118834
-0.104092
0.104364
0.693612
-0.459881
0.25899
0.762103
-0.561212
-1.35229
0.941623
0.0395999
-0.120784
-1.38312
0.348041
-0.608605
0.0421108
-0.0497661
-0.138
0.050117
0.34265
-0.254766
0.0831396
0.421699
0.0698135
0.231592
-0.354985
0.120156
0.11078
0.105167
0.690351
-0.471264
0.260185
0.78706
-0.57598
-1.34493
0.976408
0.0467523
-0.101681
-1.4124
0.35819
-0.599324
0.00973499
-0.0195759
-0.000433389
-0.0478542
0.140303
-0.0920154
0.0894321
0.176737
0.0692733
0.148816
-0.139612
0.123034
0.112591
0.104837
0.689577
-0.471258
0.25659
0.793623
-0.578955
-1.33782
0.990986
0.0524645
-0.0894052
-1.42391
0.368339
-0.590115
-0.00399653
-0.00482535
0.018197
-0.045068
0.0435454
-0.0166744
-0.0338663
0.0511232
-0.053152
0.0226361
-0.0463885
-0.00244437
-0.00993189
-12.0833
-7.96123
26.3515
-11.6365
-2.06707
0.210074
-3.08725
0.465362
16.5601
6.75258
-31.4902
-50.2175
-19.7163
-14.5959
-3.45183
-0.146417
-5.53352
-0.0706432
11.7047
4.85681
-9.28694
-8.56543
61.2422
-18.731
-4.7093
-0.449453
-12.8447
-5.08538
10.419
3.87223
-31.8432
-54.7519
7.16557
-17.4917
-4.56884
-0.42841
-12.3546
-4.11629
5.77294
2.22104
-3.58281
-9.68806
84.0991
-24.8442
-7.4794
-1.03019
-13.9001
-6.50831
3.99783
0.713767
-36.5357
-65.7715
18.5278
-19.4603
-5.36588
-0.587269
-12.8244
-4.73952
2.83662
1.17453
-4.83242
-20.1734
83.6016
-28.6914
-9.45442
-1.63483
-14.2606
-7.12039
0.300213
-1.07435
-48.1158
-81.8108
12.23
-18.0766
-4.53178
-0.429024
-7.87065
-1.72282
2.46162
1.27609
-12.5524
-49.0026
51.4242
-35.1901
-12.3572
-2.35359
-13.7766
-6.12385
-10.8603
-7.77666
-22.9778
-57.2758
36.4009
-26.3339
-7.74455
-1.22916
-11.7526
-5.55786
-5.07486
-3.87793
-20.9693
377.271
-50.022
135.166
0
0
0
0
0
0
0
0
-50.2197
144.728
49.6019
375.431
-9.87456e-15
0
0
0
0
0
0
0
-27.3322
548.187
-43.8034
-0.270874
0
0
-2.75761e-13
0
0
0
0
0
-47.2092
275.122
45.3529
268.403
0
0
1.11047e-13
0
0
0
3.46171e-15
3.06703e-14
-30.5148
652.669
-36.0244
-93.6506
1.19433e-13
0
-2.31659e-13
0
0
0
0
0
-35.3998
334.799
33.7476
229.588
0
0
-1.80608e-13
0
0
0
0
0
-29.3871
646.295
-21.3955
-80.8977
-7.42355e-14
0
-6.47695e-14
0
0
0
0
0
39.3256
307.881
-39.3256
260.59
0
0
1.8845e-13
0
-2.28391e-15
0
0
0
9.61943
492.409
-10.8083
98.1182
0
0
0
0
0
0
0
0
-2.34684
408.994
2.34683
145.271
0
0
3.35578e-15
0
0
0
0
0
