0.747603
0.00890856
0.745763
-0.0881146
0.053818
0.192268
-0.157971
-1.00698
0.147846
0.273353
-0.660945
-0.62495
0.689527
-0.296228
0.239988
-0.0611781
-0.725192
0.360256
1.48199
-1.11706
-1.49898
1.99982
-1.30242
1.00167
-0.99721
-1.57176
-1.50272
0.0280272
0.739101
-0.136191
0.0696595
0.317491
-0.25096
-1.11135
0.316429
0.185221
-0.567942
-0.710017
0.570084
-0.42856
0.214106
-0.0996964
-0.562757
0.134957
1.54855
-1.12075
-1.25649
2.0307
-1.06097
1.205
-1.1298
-1.33395
-1.62196
0.0449923
0.729144
-0.172462
0.0685379
0.448492
-0.344568
-1.19551
0.485652
0.117246
-0.458747
-0.807628
0.470615
-0.555134
0.193441
-0.144021
-0.407637
-0.0906047
1.65711
-1.15887
-1.01313
2.03889
-0.815438
1.42837
-1.28714
-1.09913
-1.51917
0.0601799
0.715385
-0.198645
0.0518767
0.587969
-0.441201
-1.25928
0.653175
0.0700332
-0.331117
-0.917376
0.391621
-0.670696
0.177255
-0.195361
-0.247116
-0.312935
1.77591
-1.21586
-0.767778
1.86435
-0.568199
1.65653
-1.44509
-0.864497
-1.29251
0.073907
0.697009
-0.212318
0.0170462
0.738677
-0.543405
-1.30264
0.807853
0.0409641
-0.185765
-1.03365
0.333368
-0.763183
0.158879
-0.260056
-0.0955332
-0.546281
1.94852
-1.3067
-0.521867
1.64559
-0.321564
1.81745
-1.37026
-0.623664
-1.06909
0.0863523
0.672597
-0.210986
-0.0394843
0.905488
-0.655017
-1.32545
0.94421
0.0226352
-0.0377812
-1.13719
0.298756
-0.836777
0.139942
-0.333339
0.0541121
-0.754591
2.09916
-1.39869
-0.274682
1.43812
-0.220531
1.74759
-1.22491
-0.382426
-0.859499
0.0988561
0.641899
-0.197215
-0.108217
1.08152
-0.776086
-1.32816
1.06339
0.00431576
0.105417
-1.22773
0.286275
-0.89195
0.165474
-0.419434
0.194765
-0.834161
2.2073
-1.5679
-0.0326066
1.2173
-0.359168
1.53553
-1.0859
-0.145773
-0.657363
0.115787
0.604401
-0.171089
-0.175251
1.25934
-0.912996
-1.31103
1.16431
-0.0236692
0.231037
-1.29998
0.285984
-0.927892
0.229616
-0.492698
0.347255
-0.73361
2.13637
-1.75001
0.206268
1.09149
-0.373741
1.42965
-0.867728
-0.0032738
-0.428981
0.139098
0.560248
-0.126067
-0.23504
1.43052
-1.06942
-1.27635
1.26289
-0.0353752
0.34873
-1.3541
0.286627
-0.945235
0.291015
-0.566836
0.570147
-0.623744
2.02092
-1.96732
0.417501
1.19474
-0.139094
1.30474
-0.636483
0.0126464
-0.202125
0.164488
0.509382
-0.0641306
-0.288428
1.59642
-1.24386
-1.2428
1.35541
-0.0484746
0.45399
-1.39532
0.286679
-0.946773
0.336172
-0.682392
0.671332
-0.676198
1.95264
-2.13345
0.367704
1.10486
-0.221424
1.12296
-0.493413
-0.0548589
-0.00836645
-6.27735
-9.61852
17.6019
-14.0141
-3.3889
-0.0366056
-10.1224
-4.10618
11.3774
2.98205
-13.695
-19.4882
24.9608
-11.0006
-0.840114
0.397396
-8.23771
-2.90471
10.2715
2.78845
-7.2204
-20.5813
34.6059
-16.4051
-3.70122
-0.261706
-9.7446
-4.55017
8.76785
2.79321
-13.4356
-33.6189
35.5362
-15.328
-3.06296
-0.204017
-7.09354
-3.09101
6.73062
1.95282
-8.0865
-33.429
47.1833
-17.0375
-3.70238
-0.378133
-6.02118
-2.70952
4.63449
1.03225
-13.055
-50.5826
43.7832
-14.7536
-2.2397
-0.337882
-9.9833
-6.05184
3.72233
0.655661
-16.7005
-76.0296
14.6126
-18.2151
-4.29495
-0.895731
-8.21228
-5.11255
1.28192
-0.197481
-28.7128
-96.571
19.6228
-12.3009
0.706494
0.331143
-3.74178
-3.26802
-0.335436
-1.19739
-29.0435
-99.6764
19.4253
-9.52307
3.5929
0.852203
-4.31733
-4.25925
-1.10053
-1.5056
-13.7516
-65.9482
6.4428
6.13552
-28.8586
-3.44542
-2.74326
-5.60242
-1.96617
-3.33695
12.6735
315.175
-15.0873
212.388
4.24468e-15
0
0
0
0
0
0
0
-21.7643
352.47
6.04017
174.487
0
5.44114e-15
0
0
0
0
0
0
-1.12988
385.896
-1.37349
130.638
0
3.33794e-15
0
0
0
0
0
0
-9.46901
391.238
2.0089
125.466
0
0
0
0
0
0
0
0
-1.6659
433.683
-1.51629
63.8876
0
0
0
0
0
0
0
0
1.60128
421.616
-1.60128
88.4769
0
0
0
9.2474e-14
0
0
0
0
40.8977
255.476
16.6612
227.529
0
1.1124e-14
0
0
0
0
0
0
12.9402
297.795
33.3775
221.659
0
2.24713e-14
0
0
0
0
0
0
18.274
271.221
49.3104
209.135
0
1.56268e-13
0
0
0
0
0
0
58.1776
115.15
41.268
168.981
-72.5814
102.421
4.30152
92.6641
0
0
0
0
