0.729069
0.000342365
0.746075
-0.104139
0.0540586
0.197339
-0.14726
-1.00547
0.147365
0.274161
-0.660329
-0.625232
0.690604
-0.295233
0.240388
-0.0591698
-0.725879
0.360791
1.48145
-1.11635
-1.49886
2.00067
-1.29975
0.999815
-1.00011
-1.5702
-1.49852
0.0195572
0.739793
-0.147656
0.0675556
0.318149
-0.238048
-1.10763
0.309435
0.187757
-0.56012
-0.69372
0.56729
-0.413463
0.222604
-0.0964661
-0.537002
0.131191
1.52687
-1.12106
-1.2611
2.00533
-1.06318
1.2373
-0.845442
-1.32742
-1.28567
0.03733
0.730388
-0.175052
0.0614177
0.443447
-0.329813
-1.19052
0.471786
0.120183
-0.440683
-0.752563
0.464465
-0.514235
0.205678
-0.135674
-0.337746
-0.105086
1.57678
-1.13394
-1.02327
2.00415
-0.830313
1.47443
-0.726306
-1.08716
-1.07729
0.0535541
0.717905
-0.186649
0.0371787
0.571168
-0.421698
-1.25383
0.632864
0.0554215
-0.302129
-0.80288
0.385472
-0.594889
0.194158
-0.172305
-0.143104
-0.299356
1.57677
-1.13431
-0.78141
1.98816
-0.798703
1.71047
-0.62094
-0.847211
-0.857756
0.0752645
0.701327
-0.187647
0.0129696
0.699418
-0.52474
-1.29745
0.79392
-0.00943051
-0.159217
-0.852748
0.336193
-0.651773
0.268931
-0.2298
-0.00955329
-0.297057
1.61162
-1.30501
-0.53846
2.01317
-0.987998
1.76422
-0.615611
-0.606462
-0.690488
0.104866
0.679147
-0.175229
-0.00898489
0.829533
-0.64532
-1.32175
0.956493
-0.0892632
-0.00985641
-0.9004
0.306478
-0.698215
0.366697
-0.301198
0.153378
-0.237143
1.59914
-1.51537
-0.299973
2.00687
-0.985466
1.84377
-0.588271
-0.366366
-0.572544
0.139717
0.650902
-0.150511
-0.0281229
0.95852
-0.779886
-1.32667
1.11907
-0.164603
0.14328
-0.944609
0.296006
-0.733577
0.430261
-0.383142
0.322459
-0.209118
1.5918
-1.70514
-0.060735
2.00975
-0.927891
1.89041
-0.545291
-0.128874
-0.435041
0.180434
0.614675
-0.110674
-0.0426045
1.08639
-0.933111
-1.31223
1.28157
-0.236056
0.299858
-0.986117
0.304405
-0.763918
0.503045
-0.478434
0.491837
-0.0768625
1.49608
-1.91105
0.178176
2.00597
-0.881456
1.93287
-0.512292
0.104171
-0.373079
0.227545
0.568701
-0.0515364
-0.0473856
1.20626
-1.10734
-1.27878
1.44397
-0.299892
0.456583
-1.01967
0.316686
-0.786973
0.582895
-0.598962
0.73004
0.105278
1.31722
-2.15249
0.412989
2.00262
-0.785575
1.93387
-0.413956
0.151965
-0.283207
0.277532
0.51192
0.0144328
-0.028423
1.31395
-1.29995
-1.24533
1.59616
-0.365255
0.613885
-1.04514
0.330339
-0.790878
0.694852
-0.706454
0.829254
0.235162
1.32942
-2.38926
0.395916
1.87865
-0.908912
1.94179
-0.314478
0.168609
-0.0482081
-19.7082
-25.9149
-0.856761
-12.5314
-2.82783
0.0727764
-5.36769
-0.333279
15.816
6.62189
-19.3126
-30.2406
8.86147
-11.9921
-1.3523
0.300617
-6.60515
-1.33576
11.8068
4.37895
-18.7557
-35.1461
16.8104
-13.6754
-2.54255
-0.0347706
-5.3862
-1.06123
9.53602
3.67307
-16.2327
-39.7115
26.1246
-14.4932
-2.09762
-0.248246
-5.7323
-2.02716
6.72287
2.20739
-24.7714
-81.7314
-34.4509
-17.813
-4.54798
-0.790321
-13.2566
-6.86725
1.09041
-0.1182
-28.1172
-68.1585
16.2841
-12.6446
-0.496829
0.15036
-1.68842
-0.773741
3.33276
0.804631
-17.0057
-60.7445
30.1531
-15.1878
-1.41593
-0.434547
-8.81292
-6.69079
2.28567
0.398082
-28.4744
-68.8635
44.5268
-11.3194
1.99809
0.253177
2.31877
-0.41675
2.02032
-0.426944
-28.4755
-72.7027
38.428
-9.60573
3.56647
0.190879
-3.40683
-4.90066
-1.31062
-1.41168
-18.1215
-59.8488
42.2382
-6.39446
-20.7562
9.03654
5.87437
-0.924888
3.17447
-0.199615
-5.05433
229.487
2.50459
290.267
4.24468e-15
7.3291e-14
0
-1.0852e-30
0
-6.77509e-15
0
0
-4.37787
277.035
-0.470732
251.527
0
-1.91829e-30
0
0
0
0
0
0
0.282506
303.368
-0.292137
208.464
0
5.9689e-32
2.41033e-15
0
0
0
6.63671e-15
0
-4.85996
352.411
4.85997
177.993
0
0
0
0
0
0
0
0
89.8559
21.8615
11.338
470.42
-3.97582e-15
-5.22866e-29
0
-5.49027e-30
0
0
0
0
16.1288
284.327
20.3308
227.789
0
4.59586e-30
0
-2.31883e-13
0
0
0
0
38.6837
324.084
19.5833
159.215
0
0
0
-4.45419e-32
0
0
0
0
16.1654
399.598
31.9096
101.145
0
0
0
0
0
0
0
0
22.4123
333.69
68.8309
121.54
0
6.2639e-15
0
0
0
0
1.83529e-14
0
56.6793
304.541
81.2005
89.4022
-55.7176
127.862
6.01363
14.1498
0
-1.6284e-14
0
0
