0.838732
-0.00823462
0.688874
0.191218
0.138784
0.196612
-0.524134
-0.706907
0.177841
0.344104
-0.621851
-0.606005
0.724373
-0.233424
0.0275861
-0.062565
-0.509386
-0.136557
1.45892
-0.835188
-0.658732
2.34964
-1.22549
1.06314
-1.05539
-1.47282
-1.46492
-0.00512033
0.680848
0.142624
0.126034
0.335327
-0.603985
-0.755942
0.371878
0.246673
-0.503914
-0.692859
0.587056
-0.349597
0.0544805
-0.112629
-0.511181
-0.077441
1.47296
-0.886081
-0.525456
2.0823
-1.04566
1.26588
-0.787681
-1.46367
-1.1918
-0.00022264
0.668076
0.0977545
0.129266
0.466329
-0.68213
-0.804342
0.540889
0.161807
-0.385977
-0.766276
0.476291
-0.440645
0.0695869
-0.141137
-0.473904
0.0222143
1.29878
-0.838795
-0.427048
1.81252
-0.910708
1.18754
-0.652347
-1.1878
-0.927169
0.00527569
0.654338
0.0536038
0.131325
0.58554
-0.757638
-0.840201
0.689001
0.085744
-0.275299
-0.82701
0.389883
-0.520484
0.0724772
-0.158418
-0.405831
0.053855
1.14477
-0.793188
-0.384342
1.57893
-0.801521
0.978527
-0.626162
-0.926371
-0.671846
0.0112191
0.642658
0.0193989
0.125037
0.678513
-0.822948
-0.85631
0.816713
0.0201973
-0.187659
-0.880398
0.327674
-0.581961
0.0711362
-0.154557
-0.3395
0.0795054
0.959872
-0.699878
-0.318857
1.31833
-0.65997
0.768365
-0.556101
-0.666668
-0.416314
0.0169789
0.629975
-0.00957997
0.135095
0.752735
-0.87825
-0.878366
0.91867
-0.0307232
-0.115984
-0.931667
0.284123
-0.619795
0.0685398
-0.139376
-0.294368
0.124841
0.754535
-0.585007
-0.236744
1.07743
-0.546319
0.544584
-0.467819
-0.429359
-0.172067
0.022349
0.619696
-0.0330756
0.148934
0.804313
-0.920171
-0.892485
0.996053
-0.0704918
-0.0772287
-0.974415
0.264161
-0.635853
0.0606044
-0.112969
-0.245664
0.158905
0.536477
-0.449719
-0.15168
0.823927
-0.426583
0.341533
-0.331146
-0.213762
-0.0721261
0.0272032
0.612262
-0.0524037
0.166184
0.83521
-0.948866
-0.898318
1.05112
-0.10031
-0.0680897
-1.00467
0.253079
-0.642594
0.0528447
-0.0805935
-0.206813
0.189812
0.324728
-0.307727
-0.0586898
0.584241
-0.319233
0.0803946
-0.124649
-0.11863
0.0544633
0.0306756
0.608108
-0.0649259
0.180349
0.848966
-0.964391
-0.898986
1.08274
-0.118832
-0.0728419
-1.01608
0.246436
-0.637567
0.0371541
-0.0448044
-0.13162
0.151375
0.145805
-0.165561
-0.00786492
0.334918
-0.195433
-0.0654698
-0.0840794
-0.0349839
0.056798
0.0313328
0.606721
-0.0679118
0.182257
0.855438
-0.969783
-0.900496
1.09187
-0.123462
-0.0789166
-1.02401
0.243338
-0.63196
0.0069311
-0.0149126
-0.0112382
-0.000662326
0.0699264
-0.0580259
-0.0369946
0.0974658
-0.0492329
0.0225256
-0.0028378
-0.0262018
0.0662896
-3.62916
-5.18321
11.1659
16.1944
1.71373
-3.45995
-3.63926
-0.973042
10.6823
3.02421
-10.2106
-15.0674
11.1337
18.3213
-4.85238
-3.1078
-5.60051
-2.47279
15.437
5.66948
-8.34231
-18.689
11.7538
17.1495
-12.9653
-3.15853
-11.726
-6.81019
13.4997
4.81236
-10.9002
-24.3902
11.7639
15.009
-19.806
-3.21909
-8.87364
-5.54662
10.1216
3.16036
-27.2694
-35.5461
9.69056
30.2427
-17.7758
-1.9811
-10.0167
-6.48502
8.98302
2.67547
-24.2513
-35.5296
9.85296
25.1681
-24.5905
-2.27701
-8.20718
-5.88698
5.62082
0.95366
-25.6432
-38.5932
10.8449
24.2349
-30.036
-2.35392
-8.11899
-5.69305
3.9479
-0.421706
-23.8443
-38.1799
10.9936
21.48
-31.9128
-2.07008
-8.97831
-6.20427
1.20382
-1.21716
-29.8809
-42.0434
10.9805
24.5337
-33.3387
-1.83212
-7.61484
-5.93
1.35498
-2.09372
-29.688
-40.1804
9.95121
21.8212
-32.8189
-2.04314
-1.90429
-1.71808
-0.244679
-1.7598
39.7609
133.49
40.6999
132.919
-30.5447
126.939
-30.7036
128.418
0
0
0
0
35.4974
139.938
35.4311
133.013
-33.0579
134.992
-31.8702
132.504
0
0
0
1.8254e-14
39.9334
138.452
40.1795
130.759
-36.256
144.776
-35.4439
138.99
0
0
0
0
38.7567
138.691
39.8545
129.259
-38.2987
143.047
-37.7042
137.041
0
0
0
0
27.2168
137.921
27.3853
128.012
-27.5676
150.951
-25.543
153.105
0
0
0
0
28.1733
133.027
28.8468
122.854
-29.2963
150.687
-30.4444
149.764
0
0
0
0
31.3317
138.856
31.2703
125.741
-31.8627
159.068
-32.3147
155.911
0
0
0
0
32.2913
136.193
32.7954
123.4
-32.2693
154.362
-31.6024
148.119
-2.54038e-15
0
0
0
30.8937
141.089
30.2446
125.716
-30.4062
161.714
-31.6333
156.151
-2.1124e-15
0
0
0
26.7028
132.778
27.5785
118.793
-30.5836
152.308
-29.7108
148.872
0
0
0
0
