1.54894
-0.00956521
0.746842
-0.10969
0.0499829
0.185896
-0.126188
-1.03925
0.145446
0.277184
-0.647927
-0.622397
0.692386
-0.293516
0.235332
-0.0521693
-0.729121
0.360551
1.46932
-1.10075
-1.48174
1.99905
-1.29954
0.999294
-0.995588
-1.56458
-1.49455
0.0143391
0.734371
-0.227932
0.0910662
0.416853
-0.280558
-1.2336
0.425071
0.1249
-0.465263
-0.712679
0.503976
-0.472723
0.135066
-0.0864615
-0.359211
0.0113663
1.1388
-0.790959
-1.01838
1.64579
-0.836564
1.10184
-0.509363
-1.11541
-1.0412
0.0289462
0.718876
-0.272617
0.0734886
0.591613
-0.392484
-1.35821
0.627226
0.041725
-0.299394
-0.721261
0.390754
-0.583045
0.0811388
-0.103857
-0.00757242
-0.350665
1.00847
-0.650237
-0.724085
1.13388
-0.465677
0.648277
-0.049824
-0.657794
-0.635296
0.0334101
0.702458
-0.242731
-0.0212001
0.741112
-0.477181
-1.43199
0.748193
-0.0387143
-0.220696
-0.652511
0.345183
-0.645733
0.0254956
-0.0867301
0.33392
-0.631683
0.709667
-0.411904
-0.34445
0.675482
-0.553361
0.167943
0.407558
-0.204539
-0.264883
0.0415215
0.690622
-0.153008
-0.138852
0.828319
-0.536459
-1.49128
0.784872
-0.138706
-0.226147
-0.555055
0.389563
-0.627347
0.0590809
-0.0671309
0.627058
-0.741923
0.454377
-0.339513
-0.367548
0.171401
-1.05593
-0.321894
0.579608
0.234567
0.0419192
0.0580342
0.680142
-0.0290496
-0.262758
0.888451
-0.596643
-1.55531
0.735774
-0.336941
-0.320115
-0.45678
0.51027
-0.522305
0.195303
-0.0463072
0.839768
-0.556627
0.115534
-0.398674
-0.784419
-0.327846
-1.4724
-0.81343
0.239523
0.719087
0.456437
0.105183
0.672164
0.143332
-0.349428
0.879821
-0.673725
-1.69032
0.600563
-0.590696
-0.466714
-0.415569
0.646767
-0.43697
0.420272
-0.0653521
1.17666
-0.333855
-0.243818
-0.598984
-1.25495
-0.823901
-1.74831
-1.26859
-0.230932
0.79317
0.499294
0.191499
0.656195
0.371706
-0.389778
0.800231
-0.788518
-1.90633
0.453967
-0.879399
-0.675672
-0.449758
0.778663
-0.351198
0.684745
-0.206745
1.60637
-0.166199
-0.500309
-0.939869
-1.25627
-0.852154
-1.67213
-1.19479
-0.260956
0.742539
0.496162
0.342942
0.589058
0.720944
-0.394699
0.653323
-0.979568
-2.05548
0.319231
-1.11454
-0.853427
-0.420308
0.907277
-0.261843
0.950625
-0.605462
2.06532
0.220974
-0.924841
-1.36145
-0.861308
-0.545988
-1.2859
-0.980502
0.187441
0.827429
0.552051
0.508375
0.426384
1.10947
-0.330918
0.494142
-1.26778
-2.18016
0.203722
-1.29247
-1.05704
-0.410224
1.01867
-0.196696
1.13817
-0.976938
2.35678
0.602655
-0.896939
-1.68344
-0.725849
-0.743268
-1.21395
-1.22244
0.00461729
0.646841
0.377938
-10.2542
-5.85591
28.2781
-11.8154
-2.21925
0.198376
-4.53001
-0.178736
15.8342
6.32224
-15.0808
-38.6764
10.0155
-21.8873
-6.54336
-0.820703
-12.625
-4.39635
8.87658
3.066
-10.8014
-40.7848
23.6588
-21.9435
-6.72384
-0.900683
-12.8179
-5.5865
4.80544
1.43492
-14.3871
-60.5126
20.9893
-21.776
-6.4506
-1.18114
-10.873
-4.51856
3.98987
0.811717
6.98513
-55.6562
15.4671
-33.8812
-12.3617
-2.41821
-13.9172
-7.26614
3.65786
0.479846
11.781
-58.5333
27.0362
-33.0604
-11.4821
-2.26437
-14.9689
-7.82576
10.6149
3.60397
15.9136
-57.0495
5.2681
-31.9619
-11.8962
-2.1664
-13.1662
-6.38303
3.24257
-1.5042
10.141
-18.0188
60.0194
-10.5226
-1.25629
0.333703
0.328544
1.72603
16.3929
6.56635
21.0768
18.1612
69.9807
-9.46564
-2.16516
0.12231
1.10425
1.39137
8.17371
2.24899
-30.5776
-15.8842
26.3812
-25.3234
-8.66214
-1.58424
-14.9514
8.18981
9.52414
3.068
9.3438
374.411
-49.3646
141.586
0
0
0
0
0
0
0
0
-286.926
296.958
285.98
270.335
0
-2.64527e-16
0
0
0
0
0
0
5.44919
344.081
-5.44916
189.872
0
1.91921e-16
0
0
0
0
0
0
10.3029
349.859
-8.68413
228.761
0
0
0
0
0
0
0
0
28.6304
287.34
26.4227
255.917
6.85866e-19
0
2.08301e-15
0
0
0
0
0
25.748
356.409
32.4451
233.063
0
0
0
0
0
0
0
0
115.899
188.213
20.365
315.189
0
0
0
0
0
0
0
0
23.3871
431.786
48.5489
13.8018
0
0
0
0
0
0
0
0
156.814
393.577
-59.5186
-114.82
6.70491e-24
0
6.82689e-16
0
0
0
5.69376e-15
0
176.916
175.658
-112.49
18.4192
0
0
0
0
-100.57
294.411
0
0
