1.64759
-0.000346131
0.74612
-0.105858
0.0548938
0.196975
-0.14601
-1.00781
0.148223
0.273648
-0.659962
-0.62509
0.691862
-0.295111
0.239024
-0.0587797
-0.727542
0.359981
1.48196
-1.1144
-1.50001
1.99996
-1.29688
1.00001
-0.999344
-1.57081
-1.49997
0.0199853
0.73079
-0.237687
0.0882519
0.46041
-0.310975
-1.27578
0.505268
0.129338
-0.415695
-0.728176
0.480935
-0.484636
0.109649
-0.0839539
-0.267016
-0.0541419
1.00911
-0.687957
-1.0871
1.84068
-0.781317
1.36
-0.540288
-1.15109
-1.03252
0.0304404
0.710212
-0.286056
0.0489056
0.675241
-0.43809
-1.43036
0.817332
0.0656698
-0.169763
-0.74879
0.335716
-0.634068
0.0545184
-0.134204
0.0868322
-0.571209
1.18954
-0.705162
-0.814033
1.30545
-0.347688
1.08647
-0.101243
-0.764762
-0.63892
0.0265443
0.686048
-0.268823
-0.0703311
0.874313
-0.535159
-1.50445
1.04864
0.00132899
0.0264995
-0.76757
0.277297
-0.657812
-0.0230523
-0.105472
0.43052
-0.841584
0.779259
-0.368196
-0.375139
0.9144
-0.428473
0.967293
-0.192571
-0.277943
-0.111935
0.00941042
0.666527
-0.186256
-0.250231
1.01565
-0.579168
-1.51903
1.15456
-0.0695593
0.200195
-0.774524
0.287214
-0.653659
-0.094159
-0.114373
0.660868
-1.19403
0.764315
-0.231152
-0.0287686
0.406723
-0.327528
0.647839
-0.0139255
0.0816845
0.0511446
-0.00719595
0.646893
-0.0709877
-0.454868
1.13898
-0.613125
-1.44532
1.17862
-0.0393867
0.337221
-0.692195
0.379228
-0.637697
-0.0366829
-0.0434653
0.562233
-0.75418
0.256927
-0.0649799
0.445199
0.0523503
0.191249
0.762674
0.483211
0.551374
0.108377
-0.00977409
0.640696
0.0182398
-0.566085
1.17444
-0.626594
-1.33586
1.1056
0.00802143
0.483489
-0.547868
0.501971
-0.546254
0.0304784
-0.025952
0.483462
-0.493969
0.137352
-0.126846
0.802599
-0.427334
0.262314
0.801913
0.808827
0.673275
0.527395
-0.00337197
0.636656
0.0821634
-0.628125
1.19507
-0.649112
-1.17288
0.994523
0.0425164
0.667561
-0.403726
0.674943
-0.447778
0.0970482
0.0179507
0.343977
-0.102641
-0.125399
-0.115937
0.898109
-0.810721
0.097396
1.01732
0.520915
0.953877
0.54088
0.0242241
0.645214
0.125682
-0.592388
1.13557
-0.668866
-1.05807
0.847141
0.0586265
0.861026
-0.317049
0.860628
-0.352778
0.164257
0.0472334
0.2352
0.236154
-0.363696
-0.107658
0.435615
-0.672342
-0.0301107
1.06047
0.0249209
1.01537
0.130735
0.029063
0.641849
0.140056
-0.60537
1.1517
-0.686383
-0.978983
0.793348
0.0455777
1.04231
-0.318361
1.03812
-0.334165
-0.0427326
-0.221486
-0.0131779
-0.0764025
0.0883514
0.0941554
0.0722981
-0.124936
-0.0785726
0.569599
-0.501905
0.51748
-0.403255
-17.8323
-9.76209
28.8672
-5.58097
0.976048
0.818053
-3.28924
0.552223
16.8652
7.10681
-13.0143
-38.9999
17.7122
-25.8357
-7.94579
-1.0618
-10.225
-3.22523
6.97443
1.85658
-13.1339
-45.1435
20.3135
-17.679
-4.82085
-0.565897
-11.0391
-5.46586
2.86598
0.699008
-16.6543
-73.6345
30.3156
-23.3673
-5.8122
-1.06653
-7.763
-5.30253
4.00593
1.21951
4.05375
-53.125
26.6304
-19.7642
-4.68421
-0.722714
-5.31901
-4.27848
-1.44501
-2.80569
1.57295
-97.8853
20.9281
-25.2072
-3.78093
-0.615971
6.06472
0.489071
6.56178
0.676675
12.642
-60.173
17.1936
-18.4161
-3.13341
-0.829785
1.39235
-2.17871
3.87265
-0.321559
12.5813
-95.5564
34.9432
-26.4708
-3.28855
-0.710852
13.9454
2.80555
14.7981
3.28789
15.3916
-53.3701
21.2976
-20.5489
-3.49554
-0.807022
4.85084
-0.936929
4.65784
-1.12364
2.68898
8.08034
6.21273
45.2251
-25.5662
17.3801
8.64153
0.280867
8.54176
0.207982
-25.6615
370.121
-24.0262
122.113
0
0
0
0
0
0
0
0
-0.954166
343.73
0.954166
250.803
0
0
0
0
0
0
0
0
-3.62757
309.613
1.269
179.335
0
0
0
0
0
0
0
0
-9.7063
422.101
-5.95925
207.055
0
-1.32527e-18
0
0
0
0
0
0
-8.00614
326.703
8.00614
139.881
0
-6.06932e-21
0
0
1.04311e-14
0
0
0
0.203814
391.288
-0.203814
278.092
0
0
0
0
0
0
0
0
5.51715
270.266
11.2977
180.523
0
-1.69661e-13
0
-2.66038e-13
0
0
0
0
4.24809
466.95
-4.24809
232.523
0
7.44338e-15
0
0
0
0
0
0
27.003
273.422
17.4044
171.015
0
0
5.46665e-16
0
0
0
0
-1.31504e-14
207.844
35.4525
-207.844
-17.998
-99.9931
358.832
-66.3348
116.39
0
0
0
0
