3.24
0.6233
0.273874
0.8817
0.4183
0
-1.3
-2.1817
2.6
-1.3
1.0451
-0.0491
-0.0805127
-0.842146
0.046422
-0.167217
0.743902
-0.185666
-0.582501
0.0242646
-0.743902
0.533972
-0.533972
-0.3304
2.0653
1.91081
-3
0.623453
0.274411
0.883416
0.420662
0.000904806
-1.3
-2.1817
2.59828
-1.3
1.0451
-0.0491
-0.0810316
-0.842141
0.0464141
-0.16718
0.7438
-0.185666
-0.582501
0.0242646
-0.743786
0.533853
-0.533867
-0.3304
2.0653
1.9109
-3
0.623607
0.274947
0.885133
0.423024
0.00180961
-1.3
-2.1817
2.59657
-1.3
1.0451
-0.0491
-0.0815504
-0.842136
0.0464062
-0.167142
0.743697
-0.185666
-0.582501
0.0242646
-0.743669
0.533735
-0.533762
-0.3304
2.0653
1.91099
-3
0.62376
0.275483
0.886849
0.425386
0.00271442
-1.3
-2.1817
2.59485
-1.3
1.0451
-0.0491
-0.0820693
-0.842131
0.0463984
-0.167105
0.743594
-0.185666
-0.582501
0.0242646
-0.743553
0.533616
-0.533657
-0.3304
2.0653
1.91108
-3
0.623913
0.276019
0.888565
0.427748
0.00361922
-1.3
-2.1817
2.59313
-1.3
1.0451
-0.0491
-0.0825882
-0.842126
0.0463905
-0.167068
0.743491
-0.185666
-0.582501
0.0242646
-0.743436
0.533498
-0.533552
-0.3304
2.0653
1.91117
-3
0.624067
0.276556
0.890281
0.43011
0.00452403
-1.3
-2.1817
2.59142
-1.3
1.0451
-0.0491
-0.083107
-0.842121
0.0463827
-0.167031
0.743388
-0.185666
-0.582501
0.0242646
-0.74332
0.533379
-0.533447
-0.3304
2.0653
1.91126
-3
0.62422
0.277092
0.891998
0.432472
0.00542883
-1.3
-2.1817
2.5897
-1.3
1.0451
-0.0491
-0.0836259
-0.842116
0.0463748
-0.166994
0.743285
-0.185666
-0.582501
0.0242646
-0.743203
0.533261
-0.533343
-0.3304
2.0653
1.91135
-3
0.624373
0.277628
0.893714
0.434833
0.00633364
-1.3
-2.1817
2.58799
-1.3
1.0451
-0.0491
-0.0841447
-0.842111
0.0463669
-0.166957
0.743182
-0.185666
-0.582501
0.0242646
-0.743087
0.533142
-0.533238
-0.3304
2.0653
1.91144
-3
0.624527
0.278165
0.89543
0.437195
0.00723845
-1.3
-2.1817
2.58627
-1.3
1.0451
-0.0491
-0.0846636
-0.842106
0.0463591
-0.16692
0.743079
-0.185666
-0.582501
0.0242646
-0.74297
0.533024
-0.533133
-0.3304
2.0653
1.91153
-3
0.62468
0.278701
0.897147
0.439557
0.00814325
-1.3
-2.1817
2.58455
-1.3
1.0451
-0.0491
-0.0851825
-0.842101
0.0463512
-0.166883
0.742976
-0.185666
-0.582501
0.0242646
-0.742853
0.532905
-0.533028
-0.3304
2.0653
1.91162
-3
6.65877
4.45131
9.6841
13.0279
-78.6804
17.6701
-22.845
-27.7687
-25.3264
17.0352
6.59421
4.35156
9.56934
13.1749
-78.6231
17.7232
-22.8618
-27.7745
-25.3045
17.0535
6.53071
4.25275
9.45454
13.3221
-78.5648
17.7762
-22.8786
-27.7802
-25.2822
17.0718
6.46828
4.1549
9.33969
13.4695
-78.5055
17.8291
-22.8953
-27.7858
-25.2595
17.0901
6.40692
4.05799
9.22481
13.6171
-78.4452
17.8818
-22.9118
-27.7913
-25.2364
17.1084
6.34662
3.96204
9.10989
13.7649
-78.3839
17.9344
-22.9283
-27.7967
-25.2129
17.1267
6.28739
3.86705
8.99495
13.9128
-78.3217
17.9868
-22.9447
-27.802
-25.189
17.145
6.22923
3.77301
8.87998
14.061
-78.2584
18.0391
-22.961
-27.8073
-25.1647
17.1633
6.17214
3.67994
8.76498
14.2092
-78.1942
18.0913
-22.9772
-27.8124
-25.14
17.1817
-23.3481
-14.6357
6.5775
6.2098
-18.0451
5.12038
-6.42064
-2.63536
10.1999
3.17122
13.1875
55.3986
13.1875
0
26.185
209.742
26.185
135.737
0
0
24.9455
262.865
0
0
0
-4.11781e-16
26.487
209.779
26.487
135.856
0
0
25.2834
262.893
0
0
0
0
26.7891
209.813
26.7891
135.973
0
-1.37733e-14
25.6215
262.917
0
0
-1.58362e-15
0
27.0912
209.846
27.0912
136.089
0
0
25.9598
262.94
0
0
0
0
27.3932
209.876
27.3932
136.203
0
0
26.2983
262.959
0
0
0
0
27.6952
209.903
27.6952
136.316
0
-1.77248e-14
26.637
262.976
0
0
0
0
27.9972
209.929
27.9972
136.428
0
0
26.9759
262.99
0
0
0
0
28.299
209.952
28.299
136.538
0
0
27.3149
263.002
0
0
0
0
28.6008
209.974
28.6008
136.647
-4.34486e-14
0
27.6541
263.011
0
0
0
0
20.148
57.7072
20.148
59.1166
0
8.48041e-15
11.2486
62.3832
