0.25
0.616423
0.296369
0.928823
0.311191
0.0475825
-1.2876
-2.10223
2.57572
-1.25999
1.04574
-0.392308
-0.137675
-0.807921
0.017888
-0.0810848
0.724489
-0.211476
-0.574307
0.0261423
-0.722561
0.528753
-0.525968
-0.329546
1.98321
1.90885
-2.99433
0.617731
0.292503
0.950257
0.30304
0.0335734
-1.28687
-2.12
2.58834
-1.27244
1.03438
-0.339517
-0.0868315
-0.889006
0.0470151
-0.114389
0.806805
-0.293429
-0.491067
-0.0130224
-0.639793
0.462292
-0.448242
-0.409104
1.90045
1.83026
-2.91489
0.619064
0.288329
0.973134
0.292578
0.0222283
-1.28794
-2.13547
2.59887
-1.28258
1.02074
-0.289041
-0.0360418
-0.969143
0.0479276
-0.201687
0.869128
-0.37665
-0.407921
-0.083208
-0.556806
0.379124
-0.365002
-0.49114
1.81715
1.82843
-2.8719
0.620438
0.283821
0.997665
0.279806
0.0132108
-1.29068
-2.14863
2.60711
-1.29041
1.00539
-0.240879
0.0152
-1.04892
0.0525002
-0.282564
0.93202
-0.459786
-0.32463
-0.16518
-0.473917
0.296438
-0.282035
-0.572423
1.73383
1.90839
-2.90894
0.621892
0.278857
1.02402
0.264762
0.00649927
-1.29528
-2.15949
2.61303
-1.29589
0.987251
-0.195028
0.0681653
-1.12973
0.0592949
-0.362809
1.00148
-0.542551
-0.241616
-0.166346
-0.390662
0.213228
-0.198769
-0.653023
1.65064
1.98661
-2.9439
0.623579
0.273322
1.05217
0.247381
0.00209882
-1.2999
-2.16803
2.61664
-1.2991
0.967735
-0.151487
0.123463
-1.21156
0.0692514
-0.435279
1.05419
-0.625723
-0.158416
-0.0833844
-0.307646
0.130063
-0.115558
-0.73281
1.56747
2.06918
-2.96045
0.625833
0.267067
1.08148
0.227873
2.8837e-06
-1.3
-2.17427
2.61796
-1.3
0.947379
-0.110251
0.18133
-1.2931
0.102157
-0.521943
1.08738
-0.702263
-0.0754537
-0.00342878
-0.22452
0.0474246
-0.0323325
-0.812533
1.48449
2.1215
-2.91395
0.628646
0.259982
1.11161
0.20835
1.15178e-19
-1.3
-2.17825
2.61706
-1.2997
0.925014
-0.0711715
0.242107
-1.37404
0.136363
-0.640364
1.08471
-0.701478
-0.000103813
0.00393138
-0.143351
-0.0354999
0.0107282
-0.892802
1.40216
2.19678
-2.87276
0.631328
0.251727
1.14035
0.189971
0
-1.3
-2.17994
2.61357
-1.29952
0.900214
-0.0344352
0.305151
-1.45343
0.169114
-0.788006
1.03472
-0.619981
0.000225388
-0.0320453
-0.0609175
-0.117602
-0.0172364
-0.970706
1.32251
2.26959
-2.79616
0.634586
0.242504
1.16794
0.174851
0.000168615
-1.3
-2.18164
2.60888
-1.3
0.872999
0
0.370251
-1.52929
0.197553
-0.985127
0.988191
-0.537506
0.00870194
0.0133849
-0.0626131
-0.183901
-0.0564191
-0.979707
1.23967
2.34359
-2.72915
-11.0378
-5.50088
10.2365
19.6889
-58.1638
15.3061
15.7843
4.1632
-20.4291
7.54552
-20.1542
-10.3363
5.63785
-0.544979
6.25198
0.657211
6.61246
1.23604
-35.3028
5.07987
-16.5333
-7.45261
7.60302
-2.68257
6.33537
0.466269
6.38636
0.802948
-45.9224
5.55268
-18.2069
-6.94701
10.7931
-1.06611
6.69131
0.641414
7.24709
1.52688
-41.4856
5.6403
-17.149
-6.74166
9.75774
-2.22442
6.58228
0.526551
6.53097
1.01088
-44.561
9.40147
-14.4412
-5.05406
10.688
-2.66708
6.91791
0.520809
7.06843
1.18516
-55.3954
6.28831
-26.948
-9.52871
12.0898
-4.15114
5.05295
0.15478
4.59858
-0.131699
-3.84597
36.8401
-2.36368
-1.00146
5.80592
-3.4875
3.85857
-0.0139639
1.20764
-1.58777
-49.8377
3.50813
-12.1502
-5.37242
5.42101
-5.80575
1.81914
-0.604661
-1.02945
-2.95016
-8.68998
30.6801
2.8513
2.31055
3.78533
-5.52084
-0.60462
-0.618802
2.07821
0.101864
-19.025
0.15729
19.7263
73.9331
12.8232
19.0652
51.2117
163.132
45.3
112.615
0
0
16.5492
205.716
-4.66524
54.4111
15.422
22.0546
0
0
-3.2022e-15
0
0
0
2.66607
239.207
6.67568
61.3728
6.36475
10.7702
2.54563e-22
2.18391e-13
0
0
0
0
0.0459762
293.489
-22.7823
77.495
44.084
8.74679
-2.34803e-13
-7.9346e-15
0
0
0
0
0.120574
258.929
-14.8463
71.2428
27.7555
6.56109
0
2.72706e-13
0
0
0
0
7.81775
284.523
29.9792
71.4448
-7.13029
7.05881
-1.38902e-13
2.60134e-13
0
0
0
0
0.016129
306.532
6.53111
82.489
22.5194
9.21366
2.55325e-15
5.32773e-14
0
0
0
0
74.4216
222.064
-4.14017
42.6394
12.9887
2.8312
8.15349e-16
1.97728e-16
0
0
0
0
1.01284
248.408
-11.0402
41.3918
25.1463
3.63867
0
-1.13153e-14
0
0
0
0
66.9576
191.308
9.73191
19.7353
-2.8168
0.0221357
1.20254e-13
-2.15709e-14
0
0
0
0
0.109559
85.8363
