3.5
0.6233
0.273874
0.8817
0.4183
0
-1.3
-2.1817
2.6
-1.3
1.0451
-0.0491
-0.0805127
-0.842146
0.046422
-0.167217
0.743902
-0.185666
-0.582501
0.0242646
-0.743902
0.533972
-0.533972
-0.3304
2.0653
1.91081
-3
0.623453
0.274411
0.883416
0.420662
0.000904806
-1.3
-2.1817
2.59828
-1.3
1.0451
-0.0491
-0.0810316
-0.842141
0.0464141
-0.16718
0.7438
-0.185666
-0.582501
0.0242646
-0.743786
0.533853
-0.533867
-0.3304
2.0653
1.9109
-3
0.623607
0.274947
0.885133
0.423024
0.00180961
-1.3
-2.1817
2.59657
-1.3
1.0451
-0.0491
-0.0815504
-0.842136
0.0464062
-0.167142
0.743697
-0.185666
-0.582501
0.0242646
-0.743669
0.533735
-0.533762
-0.3304
2.0653
1.91099
-3
0.62376
0.275483
0.886849
0.425386
0.00271442
-1.3
-2.1817
2.59485
-1.3
1.0451
-0.0491
-0.0820693
-0.842131
0.0463984
-0.167105
0.743594
-0.185666
-0.582501
0.0242646
-0.743553
0.533616
-0.533657
-0.3304
2.0653
1.91108
-3
0.623913
0.276019
0.888565
0.427748
0.00361922
-1.3
-2.1817
2.59313
-1.3
1.0451
-0.0491
-0.0825882
-0.842126
0.0463905
-0.167068
0.743491
-0.185666
-0.582501
0.0242646
-0.743436
0.533498
-0.533552
-0.3304
2.0653
1.91117
-3
0.624067
0.276556
0.890281
0.43011
0.00452403
-1.3
-2.1817
2.59142
-1.3
1.0451
-0.0491
-0.083107
-0.842121
0.0463827
-0.167031
0.743388
-0.185666
-0.582501
0.0242646
-0.74332
0.533379
-0.533447
-0.3304
2.0653
1.91126
-3
0.62422
0.277092
0.891998
0.432472
0.00542883
-1.3
-2.1817
2.5897
-1.3
1.0451
-0.0491
-0.0836259
-0.842116
0.0463748
-0.166994
0.743285
-0.185666
-0.582501
0.0242646
-0.743203
0.533261
-0.533343
-0.3304
2.0653
1.91135
-3
0.624373
0.277628
0.893714
0.434833
0.00633364
-1.3
-2.1817
2.58799
-1.3
1.0451
-0.0491
-0.0841447
-0.842111
0.0463669
-0.166957
0.743182
-0.185666
-0.582501
0.0242646
-0.743087
0.533142
-0.533238
-0.3304
2.0653
1.91144
-3
0.624527
0.278165
0.89543
0.437195
0.00723845
-1.3
-2.1817
2.58627
-1.3
1.0451
-0.0491
-0.0846636
-0.842106
0.0463591
-0.16692
0.743079
-0.185666
-0.582501
0.0242646
-0.74297
0.533024
-0.533133
-0.3304
2.0653
1.91153
-3
0.62468
0.278701
0.897147
0.439557
0.00814325
-1.3
-2.1817
2.58455
-1.3
1.0451
-0.0491
-0.0851825
-0.842101
0.0463512
-0.166883
0.742976
-0.185666
-0.582501
0.0242646
-0.742853
0.532905
-0.533028
-0.3304
2.0653
1.91162
-3
0.75527
0.754435
9.1262
11.6199
-66.5143
15.1472
-19.5693
-22.745
-18.1844
14.2703
0.693343
0.662373
9.0266
11.7413
-66.4722
15.1912
-19.5789
-22.7473
-18.1722
14.2833
0.632333
0.571119
8.92694
11.8629
-66.4292
15.235
-19.5885
-22.7496
-18.1596
14.2962
0.57224
0.480675
8.82721
11.9846
-66.3854
15.2788
-19.5981
-22.7518
-18.1467
14.3092
0.513068
0.391044
8.72742
12.1066
-66.3407
15.3225
-19.6076
-22.7539
-18.1335
14.3222
0.454818
0.302228
8.62756
12.2287
-66.2951
15.3661
-19.617
-22.7559
-18.1198
14.3352
0.397492
0.21423
8.52765
12.351
-66.2488
15.4096
-19.6264
-22.7579
-18.1058
14.3482
0.34109
0.127052
8.42768
12.4735
-66.2016
15.4529
-19.6357
-22.7598
-18.0915
14.3613
0.285616
0.0406964
8.32766
12.5961
-66.1535
15.4962
-19.645
-22.7617
-18.0768
14.3743
-17.4628
-11.0029
6.99992
7.84874
-30.071
7.72462
-9.75978
-7.68949
3.14636
5.98399
15.9509
55.4615
15.9509
7.91842
24.9483
179.224
24.9483
120.344
0
0
22.1347
222.604
0
0
0
0
25.1913
179.266
25.1913
120.443
0
0
22.4119
222.647
-2.09093e-15
0
0
0
25.4343
179.306
25.4343
120.541
0
0
22.6894
222.687
0
0
0
-1.12078e-15
25.6775
179.345
25.6775
120.638
0
0
22.9671
222.726
0
0
1.77985e-15
0
25.9207
179.381
25.9207
120.734
0
0
23.2451
222.762
0
0
0
0
26.164
179.416
26.164
120.828
0
0
23.5233
222.796
0
0
0
0
26.4073
179.449
26.4073
120.921
0
0
23.8018
222.828
0
0
0
8.93401e-16
26.6506
179.481
26.6506
121.014
2.42749e-14
0
24.0804
222.857
0
0
1.55894e-15
0
26.894
179.51
26.894
121.104
0
0
24.3593
222.885
0
0
0
0
21.9132
88.166
21.9132
74.6784
0
-8.48041e-15
14.6037
102.496
