3.5
0.6233
0.273874
0.8817
0.4183
0
-1.3
-2.1817
2.6
-1.3
1.0451
-0.0491
-0.0805127
-0.842146
0.046422
-0.167217
0.743902
-0.185666
-0.582501
0.0242646
-0.743902
0.533972
-0.533972
-0.3304
2.0653
1.91081
-3
0.623453
0.274411
0.883416
0.420662
0.000904806
-1.3
-2.1817
2.59828
-1.3
1.0451
-0.0491
-0.0810316
-0.842141
0.0464141
-0.16718
0.7438
-0.185666
-0.582501
0.0242646
-0.743786
0.533853
-0.533867
-0.3304
2.0653
1.9109
-3
0.623607
0.274947
0.885133
0.423024
0.00180961
-1.3
-2.1817
2.59657
-1.3
1.0451
-0.0491
-0.0815504
-0.842136
0.0464062
-0.167142
0.743697
-0.185666
-0.582501
0.0242646
-0.743669
0.533735
-0.533762
-0.3304
2.0653
1.91099
-3
0.62376
0.275483
0.886849
0.425386
0.00271442
-1.3
-2.1817
2.59485
-1.3
1.0451
-0.0491
-0.0820693
-0.842131
0.0463984
-0.167105
0.743594
-0.185666
-0.582501
0.0242646
-0.743553
0.533616
-0.533657
-0.3304
2.0653
1.91108
-3
0.623913
0.276019
0.888565
0.427748
0.00361922
-1.3
-2.1817
2.59313
-1.3
1.0451
-0.0491
-0.0825882
-0.842126
0.0463905
-0.167068
0.743491
-0.185666
-0.582501
0.0242646
-0.743436
0.533498
-0.533552
-0.3304
2.0653
1.91117
-3
0.624067
0.276556
0.890281
0.43011
0.00452403
-1.3
-2.1817
2.59142
-1.3
1.0451
-0.0491
-0.083107
-0.842121
0.0463827
-0.167031
0.743388
-0.185666
-0.582501
0.0242646
-0.74332
0.533379
-0.533447
-0.3304
2.0653
1.91126
-3
0.62422
0.277092
0.891998
0.432472
0.00542883
-1.3
-2.1817
2.5897
-1.3
1.0451
-0.0491
-0.0836259
-0.842116
0.0463748
-0.166994
0.743285
-0.185666
-0.582501
0.0242646
-0.743203
0.533261
-0.533343
-0.3304
2.0653
1.91135
-3
0.624373
0.277628
0.893714
0.434833
0.00633364
-1.3
-2.1817
2.58799
-1.3
1.0451
-0.0491
-0.0841447
-0.842111
0.0463669
-0.166957
0.743182
-0.185666
-0.582501
0.0242646
-0.743087
0.533142
-0.533238
-0.3304
2.0653
1.91144
-3
0.624527
0.278165
0.89543
0.437195
0.00723845
-1.3
-2.1817
2.58627
-1.3
1.0451
-0.0491
-0.0846636
-0.842106
0.0463591
-0.16692
0.743079
-0.185666
-0.582501
0.0242646
-0.74297
0.533024
-0.533133
-0.3304
2.0653
1.91153
-3
0.62468
0.278701
0.897147
0.439557
0.00814325
-1.3
-2.1817
2.58455
-1.3
1.0451
-0.0491
-0.0851825
-0.842101
0.0463512
-0.166883
0.742976
-0.185666
-0.582501
0.0242646
-0.742853
0.532905
-0.533028
-0.3304
2.0653
1.91162
-3
3.97655
2.77281
9.42919
12.3863
-73.1491
16.5234
-21.3519
-25.4823
-22.0817
15.7773
3.9132
2.67657
9.32132
12.5217
-73.0986
16.5723
-21.3655
-25.4865
-22.0642
15.7931
3.85084
2.5812
9.2134
12.6573
-73.0473
16.6212
-21.379
-25.4906
-22.0463
15.809
3.78948
2.48672
9.10543
12.793
-72.995
16.6699
-21.3924
-25.4947
-22.028
15.8249
3.72912
2.39313
8.99741
12.929
-72.9418
16.7185
-21.4058
-25.4986
-22.0094
15.8408
3.66976
2.30043
8.88934
13.0651
-72.8877
16.767
-21.4191
-25.5025
-21.9904
15.8567
3.61141
2.20863
8.78123
13.2014
-72.8326
16.8154
-21.4323
-25.5063
-21.971
15.8726
3.55405
2.11772
8.67308
13.3378
-72.7767
16.8637
-21.4455
-25.5101
-21.9512
15.8885
3.49771
2.02771
8.56489
13.4745
-72.7198
16.9118
-21.4585
-25.5137
-21.931
15.9045
-20.6742
-12.9864
6.77081
6.95631
-23.5128
6.30404
-7.9425
-4.93561
6.99532
4.45089
14.4404
55.4123
14.4404
1.87077
25.6204
195.87
25.6204
128.735
0
0
23.6667
244.568
0
0
0
0
25.8956
195.909
25.8956
128.845
0
0
23.977
244.602
2.09093e-15
0
0
0
26.1709
195.947
26.1709
128.953
0
0
24.2876
244.634
-2.39023e-15
0
0
-1.40097e-16
26.4461
195.982
26.4461
129.06
0
0
24.5984
244.664
0
0
0
0
26.7215
196.015
26.7215
129.166
0
0
24.9094
244.691
0
0
0
0
26.9968
196.046
26.9968
129.271
0
0
25.2207
244.715
0
0
0
0
27.2721
196.075
27.2721
129.374
0
0
25.5321
244.737
0
0
0
0
27.5474
196.102
27.5474
129.476
0
0
25.8437
244.757
0
0
0
0
27.8226
196.127
27.8226
129.577
0
0
26.1554
244.774
0
0
0
0
20.9527
71.5521
20.9527
66.1956
0
0
12.7747
80.6135
