3.5
0.6233
0.273874
0.8817
0.4183
0
-1.3
-2.1817
2.6
-1.3
1.0451
-0.0491
-0.0805127
-0.842146
0.046422
-0.167217
0.743902
-0.185666
-0.582501
0.0242646
-0.743902
0.533972
-0.533972
-0.3304
2.0653
1.91081
-3
0.621883
0.278202
0.87475
0.413578
0.00932264
-1.29765
-2.17435
2.58591
-1.28631
1.01783
-0.0672011
-0.138686
-0.754536
0.041264
-0.148637
0.661247
-0.165037
-0.517779
0.0215685
-0.661247
0.474641
-0.474641
-0.293689
1.83582
1.6985
-2.66667
0.620467
0.282531
0.867801
0.408857
0.0186453
-1.2953
-2.16701
2.57182
-1.27261
0.990551
-0.0853023
-0.19686
-0.666925
0.036106
-0.130057
0.578591
-0.144407
-0.453056
0.0188724
-0.578591
0.415311
-0.415311
-0.256978
1.60634
1.48618
-2.33333
0.61905
0.286859
0.860851
0.404135
0.0279679
-1.29295
-2.15966
2.55773
-1.25892
0.963277
-0.103403
-0.255034
-0.579315
0.030948
-0.111478
0.495935
-0.123777
-0.388334
0.0161763
-0.495935
0.355981
-0.355981
-0.220267
1.37687
1.27387
-2
0.617634
0.291187
0.853902
0.399414
0.0372906
-1.29061
-2.15231
2.54364
-1.24523
0.936003
-0.121505
-0.313208
-0.491704
0.02579
-0.0928981
0.413279
-0.103148
-0.323611
0.0134802
-0.413279
0.296651
-0.296651
-0.183556
1.14739
1.06156
-1.66667
0.616217
0.295515
0.846952
0.394692
0.0466132
-1.28826
-2.14497
2.52955
-1.23154
0.908728
-0.139606
-0.371381
-0.404094
0.020632
-0.0743185
0.330623
-0.0825184
-0.258889
0.0107842
-0.330623
0.237321
-0.237321
-0.146845
0.917912
0.849248
-1.33333
0.614801
0.299843
0.840003
0.389971
0.0559358
-1.28591
-2.13762
2.51546
-1.21784
0.881454
-0.157707
-0.429555
-0.316484
0.015474
-0.0557389
0.247967
-0.0618888
-0.194167
0.00808806
-0.247967
0.177991
-0.177991
-0.110134
0.688434
0.636936
-1
0.613384
0.304171
0.833053
0.385249
0.0652585
-1.28356
-2.13027
2.50137
-1.20415
0.85418
-0.175808
-0.487729
-0.228873
0.010316
-0.0371593
0.165312
-0.0412593
-0.129444
0.00539196
-0.165312
0.11866
-0.11866
-0.0734228
0.458957
0.424624
-0.666666
0.611968
0.3085
0.826103
0.380527
0.0745811
-1.28121
-2.12293
2.48728
-1.19046
0.826905
-0.193909
-0.545903
-0.141263
0.00515799
-0.0185796
0.0826558
-0.0206297
-0.0647219
0.00269586
-0.0826558
0.0593302
-0.0593302
-0.0367117
0.229479
0.212312
-0.333333
0.610551
0.312828
0.819154
0.375806
0.0839038
-1.27886
-2.11558
2.47319
-1.17677
0.799631
-0.21201
-0.604076
-0.0536525
-1.32357e-09
-1.38328e-08
-5.7199e-08
-1.355e-07
4.2431e-07
-2.31612e-07
2.47654e-08
4.47165e-08
-1.22832e-08
-7.06727e-07
1.23609e-06
-3.43042e-07
5.68989e-07
3.44505
2.44815
9.35628
12.1821
-71.9309
16.2851
-21.4436
-25.124
-21.488
15.6884
3.71887
2.39765
9.27666
12.8467
-69.9163
16.0403
-23.063
-26.2698
-19.3742
13.699
3.90285
2.28521
9.1641
13.4053
-67.7983
15.7421
-24.4624
-27.1622
-17.3311
11.6421
3.98506
2.10678
9.02117
13.8554
-65.5728
15.3907
-25.6281
-27.7904
-15.369
9.53212
3.95164
1.85717
8.8507
14.1945
-63.2364
14.9867
-26.5464
-28.1441
-13.4952
7.38673
3.78667
1.52996
8.65572
14.4204
-60.7858
14.5304
-27.2031
-28.2131
-11.7138
5.22767
3.47221
1.11746
8.43948
14.5305
-58.2187
14.0219
-27.5838
-27.9879
-10.026
3.0805
2.98819
0.610637
8.20542
14.5226
-55.5332
13.4613
-27.6734
-27.4594
-8.42905
0.974769
2.31247
-0.000899796
7.95716
14.3941
-52.7282
12.8487
-27.4569
-26.6191
-6.91679
-1.05598
0.144206
-1.50299
7.55516
13.634
-48.0176
11.6907
-24.7233
-23.7414
-4.54799
-3.25917
14.6721
55.164
14.6721
2.62196
25.4906
192.861
25.4906
127.108
0
0
23.3547
240.628
14.9089
54.6528
14.9089
3.24747
25.5164
189.526
25.5164
125.425
0
0
24.5107
236.266
15.0373
54.1036
15.0373
3.94419
25.3855
185.827
25.3855
123.516
-2.14463e-14
0
25.2514
231.538
15.0743
53.5262
15.0743
4.73197
25.1098
181.743
25.1098
121.375
0
0
25.5942
226.389
15.0379
52.9324
15.0379
5.63366
24.7011
177.255
24.7011
118.995
0
0
25.5589
220.761
14.9472
52.337
14.9472
6.67517
24.1712
172.342
24.1712
116.373
0
0
25.1679
214.6
14.822
51.7571
14.822
7.88556
23.5322
166.984
23.5322
113.506
0
0
24.4469
207.851
14.6832
51.2128
14.6832
9.29704
22.7958
161.163
22.7958
110.393
1.99634e-14
0
23.425
200.459
14.5524
50.7269
14.5524
10.945
21.9736
154.861
21.9736
107.034
0
0
22.1356
192.374
14.6194
50.5035
14.6194
14.8783
20.488
142.958
20.488
100.833
0
0
19.7075
176.666
