3.5
0.6233
0.273874
0.8817
0.4183
0
-1.3
-2.1817
2.6
-1.3
1.0451
-0.0491
-0.0805127
-0.842146
0.046422
-0.167217
0.743902
-0.185666
-0.582501
0.0242646
-0.743902
0.533972
-0.533972
-0.3304
2.0653
1.91081
-3
0.621883
0.278202
0.87475
0.413578
0.00932264
-1.29765
-2.17435
2.58591
-1.28631
1.01783
-0.0672011
-0.138686
-0.754536
0.041264
-0.148637
0.661247
-0.165037
-0.517779
0.0215685
-0.661247
0.474641
-0.474641
-0.293689
1.83582
1.6985
-2.66667
0.620467
0.282531
0.867801
0.408857
0.0186453
-1.2953
-2.16701
2.57182
-1.27261
0.990551
-0.0853023
-0.19686
-0.666925
0.036106
-0.130057
0.578591
-0.144407
-0.453056
0.0188724
-0.578591
0.415311
-0.415311
-0.256978
1.60634
1.48618
-2.33333
0.61905
0.286859
0.860851
0.404135
0.0279679
-1.29295
-2.15966
2.55773
-1.25892
0.963277
-0.103403
-0.255034
-0.579315
0.030948
-0.111478
0.495935
-0.123777
-0.388334
0.0161763
-0.495935
0.355981
-0.355981
-0.220267
1.37687
1.27387
-2
0.617634
0.291187
0.853902
0.399414
0.0372906
-1.29061
-2.15231
2.54364
-1.24523
0.936003
-0.121505
-0.313208
-0.491704
0.02579
-0.0928981
0.413279
-0.103148
-0.323611
0.0134802
-0.413279
0.296651
-0.296651
-0.183556
1.14739
1.06156
-1.66667
0.616217
0.295515
0.846952
0.394692
0.0466132
-1.28826
-2.14497
2.52955
-1.23154
0.908728
-0.139606
-0.371381
-0.404094
0.020632
-0.0743185
0.330623
-0.0825184
-0.258889
0.0107842
-0.330623
0.237321
-0.237321
-0.146845
0.917912
0.849248
-1.33333
0.614801
0.299843
0.840003
0.389971
0.0559358
-1.28591
-2.13762
2.51546
-1.21784
0.881454
-0.157707
-0.429555
-0.316484
0.015474
-0.0557389
0.247967
-0.0618888
-0.194167
0.00808806
-0.247967
0.177991
-0.177991
-0.110134
0.688434
0.636936
-1
0.613384
0.304171
0.833053
0.385249
0.0652585
-1.28356
-2.13027
2.50137
-1.20415
0.85418
-0.175808
-0.487729
-0.228873
0.010316
-0.0371593
0.165312
-0.0412593
-0.129444
0.00539196
-0.165312
0.11866
-0.11866
-0.0734228
0.458957
0.424624
-0.666666
0.611968
0.3085
0.826103
0.380527
0.0745811
-1.28121
-2.12293
2.48728
-1.19046
0.826905
-0.193909
-0.545903
-0.141263
0.00515799
-0.0185796
0.0826558
-0.0206297
-0.0647219
0.00269586
-0.0826558
0.0593302
-0.0593302
-0.0367117
0.229479
0.212312
-0.333333
0.610551
0.312828
0.819154
0.375806
0.0839038
-1.27886
-2.11558
2.47319
-1.17677
0.799631
-0.21201
-0.604076
-0.0536525
-1.32357e-09
-1.38328e-08
-5.7199e-08
-1.355e-07
4.2431e-07
-2.31612e-07
2.47654e-08
4.47165e-08
-1.22832e-08
-7.06727e-07
1.23609e-06
-3.43042e-07
5.68989e-07
-0.384375
0.0432501
9.0097
11.3146
-64.1139
14.6556
-19.119
-21.8226
-16.828
13.8117
0.118781
0.141978
8.94415
11.9325
-62.8492
14.528
-20.6099
-22.9833
-15.3009
12.1573
0.565419
0.200634
8.85289
12.476
-61.5027
14.361
-21.9614
-23.9695
-13.8217
10.4163
0.947949
0.217012
8.73792
12.9439
-60.0723
14.1552
-23.162
-24.7716
-12.4004
8.59774
1.25753
0.188147
8.60135
13.335
-58.5561
13.9112
-24.2001
-25.3807
-11.0449
6.71362
1.48404
0.110273
8.44542
13.648
-56.9524
13.6294
-25.0641
-25.7878
-9.76102
4.77867
1.61602
-0.0212159
8.27248
13.8817
-55.2602
13.3103
-25.7421
-25.9848
-8.55237
2.81057
1.64068
-0.211809
8.085
14.0347
-53.4787
12.9542
-26.2219
-25.9636
-7.42017
0.829918
1.54384
-0.46791
7.88553
14.1057
-51.6075
12.5614
-26.4915
-25.7167
-6.36306
-1.13981
0.725765
-1.15107
7.61111
13.8606
-48.8295
11.9063
-25.5338
-24.4512
-4.95099
-3.20264
16.4795
55.3736
16.4795
9.95949
24.7042
173.219
24.7042
117.272
0
0
21.5669
214.694
16.4714
54.8921
16.4714
10.0049
24.6741
171.555
24.6741
116.41
1.91195e-14
0
22.5703
212.539
16.3773
54.3698
16.3773
10.0871
24.5274
169.624
24.5274
115.377
0
0
23.2675
210.127
16.2096
53.8133
16.2096
10.219
24.273
167.412
24.273
114.17
0
0
23.6672
207.42
15.9814
53.2306
15.9814
10.4153
23.92
164.907
23.92
112.787
0
0
23.7795
204.382
15.7061
52.6312
15.7061
10.6929
23.4771
162.099
23.4771
111.225
0
0
23.616
200.975
15.3978
52.0265
15.3978
11.0705
22.9534
158.975
22.9534
109.483
0
0
23.1903
197.162
15.071
51.4297
15.071
11.5688
22.3574
155.523
22.3574
107.562
0
0
22.5181
192.906
14.7406
50.8556
14.7406
12.2107
21.6977
151.734
21.6977
105.461
0
0
21.6178
188.171
14.4985
50.4025
14.4985
13.9411
20.7128
145.261
20.7128
101.994
0
0
20.0946
179.774
