3.5
0.6233
0.273874
0.8817
0.4183
0
-1.3
-2.1817
2.6
-1.3
1.0451
-0.0491
-0.0805127
-0.842146
0.046422
-0.167217
0.743902
-0.185666
-0.582501
0.0242646
-0.743902
0.533972
-0.533972
-0.3304
2.0653
1.91081
-3
0.6233
0.273874
0.87999
0.42001
2.88353e-13
-1.3
-2.17999
2.6
-1.3
0.882807
-0.0436444
-0.0828667
-0.837823
0.0389688
-0.140369
0.69026
-0.18383
-0.56462
0.0581897
-0.69026
0.448241
-0.448241
-0.420308
2.0075
1.69282
-2.68149
0.6233
0.273874
0.87828
0.42172
5.76707e-13
-1.3
-2.17828
2.6
-1.3
0.720514
-0.0381889
-0.0852206
-0.8335
0.0315156
-0.113522
0.636618
-0.181993
-0.546739
0.0921147
-0.636618
0.36251
-0.36251
-0.510217
1.9497
1.47484
-2.36298
0.6233
0.273874
0.876571
0.423429
8.6506e-13
-1.3
-2.17657
2.6
-1.3
0.558221
-0.0327333
-0.0875745
-0.829177
0.0240624
-0.0866752
0.582976
-0.180157
-0.528859
0.12604
-0.582976
0.276779
-0.276779
-0.600125
1.89191
1.25685
-2.04447
0.6233
0.273874
0.874861
0.425139
1.15341e-12
-1.3
-2.17486
2.6
-1.3
0.395928
-0.0272778
-0.0899284
-0.824854
0.0166092
-0.0598281
0.529334
-0.17832
-0.510978
0.159965
-0.529334
0.191049
-0.191049
-0.690034
1.83411
1.03886
-1.72596
0.6233
0.273874
0.873151
0.426849
1.44177e-12
-1.3
-2.17315
2.6
-1.3
0.233635
-0.0218222
-0.0922824
-0.820531
0.00915602
-0.0329809
0.475691
-0.176484
-0.493097
0.19389
-0.475691
0.105318
-0.105318
-0.779942
1.77631
0.820876
-1.40745
0.6233
0.273874
0.871441
0.428559
1.73012e-12
-1.3
-2.17144
2.6
-1.3
0.071342
-0.0163667
-0.0946363
-0.816207
0.00170283
-0.00613378
0.422049
-0.174648
-0.475216
0.227815
-0.422049
0.019587
-0.019587
-0.86985
1.71851
0.60289
-1.08895
0.6233
0.273874
0.869732
0.430268
2.01847e-12
-1.3
-2.16973
2.6
-1.3
-0.0909509
-0.0109111
-0.0969902
-0.811884
-0.00575035
0.0207134
0.368407
-0.172811
-0.457336
0.26174
-0.368407
-0.0661438
0.0661438
-0.959759
1.66071
0.384903
-0.770436
0.6233
0.273874
0.868022
0.431978
2.30683e-12
-1.3
-2.16802
2.6
-1.3
-0.253244
-0.00545556
-0.0993441
-0.807561
-0.0132035
0.0475605
0.314765
-0.170975
-0.439455
0.295665
-0.314765
-0.151875
0.151875
-1.04967
1.60291
0.166917
-0.451927
0.6233
0.273874
0.866312
0.433688
2.59518e-12
-1.3
-2.16631
2.6
-1.3
-0.415537
0
-0.101698
-0.803238
-0.0206567
0.0744076
0.261123
-0.169138
-0.421574
0.32959
-0.261123
-0.237605
0.237605
-1.13958
1.54512
-0.05107
-0.133418
4.52525
2.94839
9.23767
12.272
-70.7506
16.1783
-23.6098
-26.0714
-20.9153
15.3708
12.3012
6.79724
9.11093
13.9202
-71.1572
16.9961
-31.4152
-31.3276
-20.8866
15.9482
21.055
10.9769
8.66798
15.0189
-71.7156
17.6716
-38.6005
-35.8982
-21.4389
16.1466
30.4666
15.3047
7.86351
15.3941
-72.133
18.0985
-44.9594
-39.6691
-22.4946
15.8553
39.7232
19.3695
6.68804
14.8572
-71.977
18.1293
-49.9511
-42.3265
-23.8481
14.9577
47.3519
22.4707
5.21325
13.2792
-70.7
17.5974
-52.6416
-43.3206
-25.1072
13.3816
51.3678
23.7141
3.63582
10.7252
-67.7998
16.388
-51.888
-41.9816
-25.7055
11.1858
50.0369
22.3862
2.26248
7.57344
-63.1261
14.5466
-46.9129
-37.8775
-25.0824
8.63222
43.0113
18.4609
1.38901
4.45768
-57.1234
12.3322
-38.0008
-31.243
-22.9985
6.13913
12.8984
1.97984
3.26025
0.719248
-51.0422
9.74059
-20.4006
-11.7019
-15.5332
5.23846
14.4932
53.9253
14.4932
1.89238
25.4545
190.694
25.4545
125.384
0
0
23.3389
238.224
13.0583
48.7218
13.0583
0
26.3989
195.675
26.3989
125.365
0
0
24.4802
246.956
9.96747
42.2598
9.96747
0
26.1785
200.789
26.1785
124.597
0
0
24.797
256.102
5.14906
34.5788
5.14906
0
24.5989
205.121
24.5989
122.612
0
0
24.0936
264.402
-1.20018
26.0804
-1.20018
0
21.5419
207.269
21.5419
118.895
0
0
22.1907
269.832
-8.39428
17.7387
-8.39428
0
17.116
205.408
17.116
113.05
0
0
19.0341
269.647
-15.1254
11.1362
-15.1254
0
11.8377
197.822
11.8377
105.11
0
0
14.8578
261.105
-19.7222
8.01108
-19.7222
0
6.66446
183.949
6.66446
95.8345
0
-1.73599e-14
10.2841
243.018
-20.9201
9.32267
-20.9201
0
2.67389
165.246
2.67389
86.6097
0
0
6.16588
217.172
-6.81722
32.9204
-6.81722
0
5.78208
138.365
5.78208
85.1232
15.0052
138.625
4.84298
173.896
