3.5
0.6233
0.273874
0.8817
0.4183
0
-1.3
-2.1817
2.6
-1.3
1.0451
-0.0491
-0.0805127
-0.842146
0.046422
-0.167217
0.743902
-0.185666
-0.582501
0.0242646
-0.743902
0.533972
-0.533972
-0.3304
2.0653
1.91081
-3
0.622335
0.277063
0.888691
0.406183
0
-1.29487
-2.1817
2.602
-1.3
1.0451
-0.0491
-0.0881025
-0.838236
0.0467149
-0.165257
0.740526
-0.185609
-0.581376
0.0264584
-0.743902
0.533972
-0.533972
-0.3304
2.0653
1.90886
-3
0.62137
0.280252
0.895682
0.394067
0
-1.28975
-2.1817
2.604
-1.3
1.0451
-0.0491
-0.0956923
-0.834326
0.0470078
-0.163296
0.73715
-0.185552
-0.58025
0.0286523
-0.743902
0.533972
-0.533972
-0.3304
2.0653
1.9069
-3
0.620405
0.28344
0.902673
0.38195
0
-1.28462
-2.1817
2.606
-1.3
1.0451
-0.0491
-0.103282
-0.830417
0.0473008
-0.161336
0.733774
-0.185495
-0.579125
0.0308461
-0.743902
0.533972
-0.533972
-0.3304
2.0653
1.90495
-3
0.61944
0.286629
0.909664
0.369833
0
-1.2795
-2.1817
2.608
-1.3
1.0451
-0.0491
-0.110872
-0.826507
0.0475937
-0.159376
0.730398
-0.185439
-0.578
0.0330399
-0.743902
0.533972
-0.533972
-0.3304
2.0653
1.903
-3
0.618475
0.289818
0.916655
0.357716
0
-1.27437
-2.1817
2.61
-1.3
1.0451
-0.0491
-0.118462
-0.822597
0.0478867
-0.157416
0.727022
-0.185382
-0.576874
0.0352337
-0.743902
0.533972
-0.533972
-0.3304
2.0653
1.90105
-3
0.61751
0.293006
0.923646
0.3456
0
-1.26925
-2.1817
2.612
-1.3
1.0451
-0.0491
-0.126051
-0.818687
0.0481796
-0.155456
0.723646
-0.185325
-0.575749
0.0374275
-0.743902
0.533972
-0.533972
-0.3304
2.0653
1.89909
-3
0.616545
0.296195
0.930637
0.333483
0
-1.26412
-2.1817
2.614
-1.3
1.0451
-0.0491
-0.133641
-0.814777
0.0484725
-0.153496
0.72027
-0.185268
-0.574623
0.0396213
-0.743902
0.533972
-0.533972
-0.3304
2.0653
1.89714
-3
0.61558
0.299383
0.937628
0.321366
0
-1.25899
-2.1817
2.616
-1.3
1.0451
-0.0491
-0.141231
-0.810867
0.0487655
-0.151536
0.716894
-0.185211
-0.573498
0.0418151
-0.743902
0.533972
-0.533972
-0.3304
2.0653
1.89519
-3
0.614615
0.302572
0.944619
0.309249
0
-1.25387
-2.1817
2.618
-1.3
1.0451
-0.0491
-0.148821
-0.806958
0.0490584
-0.149576
0.713518
-0.185154
-0.572373
0.0440089
-0.743902
0.533972
-0.533972
-0.3304
2.0653
1.89323
-3
-1.73046
-0.786398
8.9056
11.0881
-61.6204
14.1337
-18.2485
-20.7282
-15.323
13.1648
-1.58203
-0.670741
8.97244
10.4271
-61.7541
13.8636
-17.9424
-20.5146
-15.2844
13.0929
-1.4343
-0.555631
9.03865
9.77046
-61.8776
13.5933
-17.6344
-20.2994
-15.2437
13.021
-1.28726
-0.441072
9.10423
9.11845
-61.9909
13.323
-17.3244
-20.0826
-15.2008
12.9494
-1.1409
-0.327071
9.16914
8.47115
-62.094
13.0527
-17.0126
-19.8642
-15.1559
12.8778
-0.995218
-0.213633
9.23338
7.82867
-62.187
12.7825
-16.6991
-19.6443
-15.1089
12.8065
-0.850205
-0.100764
9.29693
7.19112
-62.2699
12.5123
-16.3839
-19.423
-15.0599
12.7353
-0.705857
0.0115314
9.35977
6.5586
-62.3427
12.2423
-16.067
-19.2002
-15.0088
12.6642
-0.56217
0.123246
9.42189
5.93122
-62.4054
11.9725
-15.7486
-18.976
-14.9558
12.5933
-12.3223
-7.57431
7.96575
4.38785
-37.2811
7.44907
-9.52836
-8.77567
-0.16625
6.58341
17.0783
55.5482
17.0783
12.4162
24.4169
166.994
24.4169
114.235
0
0
20.9839
206.441
17.4589
55.64
17.4589
12.6246
0
0
0
0
0
0
21.4243
206.336
17.8368
55.7347
17.8368
12.8378
0
0
0
0
0
0
21.865
206.219
18.212
55.8323
18.212
13.0558
0
0
0
0
0
0
22.3057
206.091
18.5844
55.9327
18.5844
13.2784
0
0
0
0
0
-1.16737e-14
22.7465
205.951
18.9538
56.036
18.9538
13.5057
2.95383e-15
0
0
0
-1.77851e-14
0
23.1871
205.801
19.3203
56.142
19.3203
13.7375
-3.20138e-15
0
0
0
0
0
23.6275
205.638
19.6836
56.2506
19.6836
13.9737
0
0
0
0
0
0
24.0675
205.465
20.0439
56.3619
20.0439
14.2144
0
0
0
0
0
0
24.5071
205.28
24.1985
56.3983
24.1985
37.1353
0
0
0
9.582e-15
0
0
16.8836
121.139
