3.5
0.6233
0.273874
0.8817
0.4183
0
-1.3
-2.1817
2.6
-1.3
1.0451
-0.0491
-0.0805127
-0.842146
0.046422
-0.167217
0.743902
-0.185666
-0.582501
0.0242646
-0.743902
0.533972
-0.533972
-0.3304
2.0653
1.91081
-3
0.623453
0.274411
0.883416
0.420662
0.000904806
-1.3
-2.1817
2.59828
-1.3
1.0451
-0.0491
-0.0810316
-0.842141
0.0464141
-0.16718
0.7438
-0.185666
-0.582501
0.0242646
-0.743786
0.533853
-0.533867
-0.3304
2.0653
1.9109
-3
0.623607
0.274947
0.885133
0.423024
0.00180961
-1.3
-2.1817
2.59657
-1.3
1.0451
-0.0491
-0.0815504
-0.842136
0.0464062
-0.167142
0.743697
-0.185666
-0.582501
0.0242646
-0.743669
0.533735
-0.533762
-0.3304
2.0653
1.91099
-3
0.62376
0.275483
0.886849
0.425386
0.00271442
-1.3
-2.1817
2.59485
-1.3
1.0451
-0.0491
-0.0820693
-0.842131
0.0463984
-0.167105
0.743594
-0.185666
-0.582501
0.0242646
-0.743553
0.533616
-0.533657
-0.3304
2.0653
1.91108
-3
0.623913
0.276019
0.888565
0.427748
0.00361922
-1.3
-2.1817
2.59313
-1.3
1.0451
-0.0491
-0.0825882
-0.842126
0.0463905
-0.167068
0.743491
-0.185666
-0.582501
0.0242646
-0.743436
0.533498
-0.533552
-0.3304
2.0653
1.91117
-3
0.624067
0.276556
0.890281
0.43011
0.00452403
-1.3
-2.1817
2.59142
-1.3
1.0451
-0.0491
-0.083107
-0.842121
0.0463827
-0.167031
0.743388
-0.185666
-0.582501
0.0242646
-0.74332
0.533379
-0.533447
-0.3304
2.0653
1.91126
-3
0.62422
0.277092
0.891998
0.432472
0.00542883
-1.3
-2.1817
2.5897
-1.3
1.0451
-0.0491
-0.0836259
-0.842116
0.0463748
-0.166994
0.743285
-0.185666
-0.582501
0.0242646
-0.743203
0.533261
-0.533343
-0.3304
2.0653
1.91135
-3
0.624373
0.277628
0.893714
0.434833
0.00633364
-1.3
-2.1817
2.58799
-1.3
1.0451
-0.0491
-0.0841447
-0.842111
0.0463669
-0.166957
0.743182
-0.185666
-0.582501
0.0242646
-0.743087
0.533142
-0.533238
-0.3304
2.0653
1.91144
-3
0.624527
0.278165
0.89543
0.437195
0.00723845
-1.3
-2.1817
2.58627
-1.3
1.0451
-0.0491
-0.0846636
-0.842106
0.0463591
-0.16692
0.743079
-0.185666
-0.582501
0.0242646
-0.74297
0.533024
-0.533133
-0.3304
2.0653
1.91153
-3
0.62468
0.278701
0.897147
0.439557
0.00814325
-1.3
-2.1817
2.58455
-1.3
1.0451
-0.0491
-0.0851825
-0.842101
0.0463512
-0.166883
0.742976
-0.185666
-0.582501
0.0242646
-0.742853
0.532905
-0.533028
-0.3304
2.0653
1.91162
-3
-0.0504977
0.249127
9.05095
11.4288
-64.8562
14.8031
-19.1251
-22.0618
-17.2094
13.894
-0.112071
0.158108
8.95342
11.5468
-64.8161
14.8458
-19.1338
-22.0636
-17.1986
13.9062
-0.172748
0.0678783
8.85582
11.6649
-64.7752
14.8885
-19.1424
-22.0654
-17.1874
13.9184
-0.232527
-0.0215601
8.75815
11.7831
-64.7334
14.931
-19.151
-22.0671
-17.1758
13.9307
-0.291405
-0.110204
8.66041
11.9016
-64.6909
14.9734
-19.1595
-22.0688
-17.1639
13.943
-0.349381
-0.198052
8.56261
12.0202
-64.6475
15.0158
-19.168
-22.0704
-17.1516
13.9552
-0.406453
-0.285102
8.46475
12.139
-64.6033
15.0581
-19.1764
-22.0719
-17.1389
13.9676
-0.46262
-0.37135
8.36683
12.258
-64.5583
15.1002
-19.1848
-22.0734
-17.1259
13.9799
-0.51788
-0.456795
8.26885
12.3771
-64.5125
15.1423
-19.1931
-22.0748
-17.1126
13.9922
-16.6595
-10.5063
7.0567
8.07128
-31.71
8.07979
-10.2126
-8.37686
2.18353
6.36683
16.3298
55.4793
16.3298
9.43785
24.7813
175.062
24.7813
118.249
0
0
21.7521
217.112
0
0
0
0
25.0161
175.105
25.0161
118.345
0
0
22.0211
217.157
0
0
0
0
25.2511
175.146
25.2511
118.44
0
0
22.2903
217.2
0
0
0
0
25.4862
175.185
25.4862
118.534
0
0
22.5597
217.24
0
0
0
0
25.7214
175.223
25.7214
118.628
0
0
22.8295
217.279
0
0
0
0
25.9567
175.259
25.9567
118.719
0
0
23.0994
217.315
0
0
0
0
26.192
175.293
26.192
118.81
0
0
23.3696
217.349
0
0
0
0
26.4273
175.325
26.4273
118.9
0
0
23.64
217.381
0
0
0
0
26.6627
175.356
26.6627
118.988
0
0
23.9106
217.411
-2.63903e-15
0
4.17335e-15
0
22.1525
92.3195
22.1525
76.797
6.09036e-15
0
15.0606
107.968
