3.5
0.6233
0.273874
0.8817
0.4183
0
-1.3
-2.1817
2.6
-1.3
1.0451
-0.0491
-0.0805127
-0.842146
0.046422
-0.167217
0.743902
-0.185666
-0.582501
0.0242646
-0.743902
0.533972
-0.533972
-0.3304
2.0653
1.91081
-3
0.622335
0.277063
0.888691
0.406183
0
-1.29487
-2.1817
2.602
-1.3
1.0451
-0.0491
-0.0881025
-0.838236
0.0467149
-0.165257
0.740526
-0.185609
-0.581376
0.0264584
-0.743902
0.533972
-0.533972
-0.3304
2.0653
1.90886
-3
0.62137
0.280252
0.895682
0.394067
0
-1.28975
-2.1817
2.604
-1.3
1.0451
-0.0491
-0.0956923
-0.834326
0.0470078
-0.163296
0.73715
-0.185552
-0.58025
0.0286523
-0.743902
0.533972
-0.533972
-0.3304
2.0653
1.9069
-3
0.620405
0.28344
0.902673
0.38195
0
-1.28462
-2.1817
2.606
-1.3
1.0451
-0.0491
-0.103282
-0.830417
0.0473008
-0.161336
0.733774
-0.185495
-0.579125
0.0308461
-0.743902
0.533972
-0.533972
-0.3304
2.0653
1.90495
-3
0.61944
0.286629
0.909664
0.369833
0
-1.2795
-2.1817
2.608
-1.3
1.0451
-0.0491
-0.110872
-0.826507
0.0475937
-0.159376
0.730398
-0.185439
-0.578
0.0330399
-0.743902
0.533972
-0.533972
-0.3304
2.0653
1.903
-3
0.618475
0.289818
0.916655
0.357716
0
-1.27437
-2.1817
2.61
-1.3
1.0451
-0.0491
-0.118462
-0.822597
0.0478867
-0.157416
0.727022
-0.185382
-0.576874
0.0352337
-0.743902
0.533972
-0.533972
-0.3304
2.0653
1.90105
-3
0.61751
0.293006
0.923646
0.3456
0
-1.26925
-2.1817
2.612
-1.3
1.0451
-0.0491
-0.126051
-0.818687
0.0481796
-0.155456
0.723646
-0.185325
-0.575749
0.0374275
-0.743902
0.533972
-0.533972
-0.3304
2.0653
1.89909
-3
0.616545
0.296195
0.930637
0.333483
0
-1.26412
-2.1817
2.614
-1.3
1.0451
-0.0491
-0.133641
-0.814777
0.0484725
-0.153496
0.72027
-0.185268
-0.574623
0.0396213
-0.743902
0.533972
-0.533972
-0.3304
2.0653
1.89714
-3
0.61558
0.299383
0.937628
0.321366
0
-1.25899
-2.1817
2.616
-1.3
1.0451
-0.0491
-0.141231
-0.810867
0.0487655
-0.151536
0.716894
-0.185211
-0.573498
0.0418151
-0.743902
0.533972
-0.533972
-0.3304
2.0653
1.89519
-3
0.614615
0.302572
0.944619
0.309249
0
-1.25387
-2.1817
2.618
-1.3
1.0451
-0.0491
-0.148821
-0.806958
0.0490584
-0.149576
0.713518
-0.185154
-0.572373
0.0440089
-0.743902
0.533972
-0.533972
-0.3304
2.0653
1.89323
-3
-0.657351
-0.105724
9.01043
11.3636
-63.9141
14.611
-18.8566
-21.6706
-16.6773
13.6861
-0.517454
0.00746203
9.08053
10.6796
-64.0347
14.3279
-18.539
-21.4475
-16.629
13.613
-0.378185
0.120094
9.14992
10.0005
-64.1447
14.0448
-18.2196
-21.2227
-16.5786
13.54
-0.239537
0.232166
9.2186
9.32655
-64.244
13.7617
-17.8983
-20.9964
-16.526
13.4671
-0.101503
0.343673
9.28653
8.65774
-64.3328
13.4788
-17.5752
-20.7685
-16.4712
13.3944
0.035923
0.454609
9.35372
7.99422
-64.4109
13.196
-17.2504
-20.5391
-16.4144
13.3218
0.172747
0.564967
9.42013
7.3361
-64.4785
12.9135
-16.924
-20.3083
-16.3554
13.2495
0.308974
0.674742
9.48575
6.6835
-64.5355
12.6312
-16.596
-20.0761
-16.2944
13.1772
0.444609
0.783926
9.55057
6.03651
-64.582
12.3493
-16.2665
-19.8425
-16.2314
13.1051
-13.3227
-8.23424
7.83226
4.30141
-35.1093
7.08156
-9.01998
-7.91628
1.10318
6.07139
16.5601
55.5321
16.5601
10.3124
24.636
172.775
24.636
117.163
0
0
21.5075
214.061
16.964
55.6286
16.964
10.5405
0
0
0
0
0
0
21.9673
213.912
17.3649
55.7281
17.3649
10.7735
0
0
0
0
0
0
22.4269
213.751
17.7626
55.8304
17.7626
11.0113
0
0
-3.29889e-15
0
0
0
22.8864
213.578
18.1572
55.9356
18.1572
11.2538
0
0
0
0
0
0
23.3456
213.393
18.5484
56.0435
18.5484
11.501
0
-3.00702e-14
0
0
0
0
23.8043
213.196
18.9363
56.1541
18.9363
11.7528
-3.20138e-15
0
-2.67644e-15
0
0
0
24.2626
212.987
19.3207
56.2674
19.3207
12.0091
0
0
0
0
0
0
24.7202
212.766
19.7016
56.3833
19.7016
12.2698
0
0
0
0
0
0
25.177
212.533
24.5146
56.3655
24.5146
39.0624
0
0
0
-9.582e-15
0
0
16.188
113.894
