3.5
0.6233
0.273874
0.8817
0.4183
0
-1.3
-2.1817
2.6
-1.3
1.0451
-0.0491
-0.0805127
-0.842146
0.046422
-0.167217
0.743902
-0.185666
-0.582501
0.0242646
-0.743902
0.533972
-0.533972
-0.3304
2.0653
1.91081
-3
0.623453
0.274411
0.883416
0.420662
0.000904806
-1.3
-2.1817
2.59828
-1.3
1.0451
-0.0491
-0.0810316
-0.842141
0.0464141
-0.16718
0.7438
-0.185666
-0.582501
0.0242646
-0.743786
0.533853
-0.533867
-0.3304
2.0653
1.9109
-3
0.623607
0.274947
0.885133
0.423024
0.00180961
-1.3
-2.1817
2.59657
-1.3
1.0451
-0.0491
-0.0815504
-0.842136
0.0464062
-0.167142
0.743697
-0.185666
-0.582501
0.0242646
-0.743669
0.533735
-0.533762
-0.3304
2.0653
1.91099
-3
0.62376
0.275483
0.886849
0.425386
0.00271442
-1.3
-2.1817
2.59485
-1.3
1.0451
-0.0491
-0.0820693
-0.842131
0.0463984
-0.167105
0.743594
-0.185666
-0.582501
0.0242646
-0.743553
0.533616
-0.533657
-0.3304
2.0653
1.91108
-3
0.623913
0.276019
0.888565
0.427748
0.00361922
-1.3
-2.1817
2.59313
-1.3
1.0451
-0.0491
-0.0825882
-0.842126
0.0463905
-0.167068
0.743491
-0.185666
-0.582501
0.0242646
-0.743436
0.533498
-0.533552
-0.3304
2.0653
1.91117
-3
0.624067
0.276556
0.890281
0.43011
0.00452403
-1.3
-2.1817
2.59142
-1.3
1.0451
-0.0491
-0.083107
-0.842121
0.0463827
-0.167031
0.743388
-0.185666
-0.582501
0.0242646
-0.74332
0.533379
-0.533447
-0.3304
2.0653
1.91126
-3
0.62422
0.277092
0.891998
0.432472
0.00542883
-1.3
-2.1817
2.5897
-1.3
1.0451
-0.0491
-0.0836259
-0.842116
0.0463748
-0.166994
0.743285
-0.185666
-0.582501
0.0242646
-0.743203
0.533261
-0.533343
-0.3304
2.0653
1.91135
-3
0.624373
0.277628
0.893714
0.434833
0.00633364
-1.3
-2.1817
2.58799
-1.3
1.0451
-0.0491
-0.0841447
-0.842111
0.0463669
-0.166957
0.743182
-0.185666
-0.582501
0.0242646
-0.743087
0.533142
-0.533238
-0.3304
2.0653
1.91144
-3
0.624527
0.278165
0.89543
0.437195
0.00723845
-1.3
-2.1817
2.58627
-1.3
1.0451
-0.0491
-0.0846636
-0.842106
0.0463591
-0.16692
0.743079
-0.185666
-0.582501
0.0242646
-0.74297
0.533024
-0.533133
-0.3304
2.0653
1.91153
-3
0.62468
0.278701
0.897147
0.439557
0.00814325
-1.3
-2.1817
2.58455
-1.3
1.0451
-0.0491
-0.0851825
-0.842101
0.0463512
-0.166883
0.742976
-0.185666
-0.582501
0.0242646
-0.742853
0.532905
-0.533028
-0.3304
2.0653
1.91162
-3
2.97021
2.14256
9.33416
12.1464
-71.0754
16.0933
-20.7938
-24.6261
-20.8642
15.3061
2.9073
2.04762
9.22888
12.2774
-71.0275
16.1407
-20.8061
-24.6297
-20.8484
15.321
2.84537
1.95355
9.12354
12.4086
-70.9788
16.188
-20.8184
-24.6333
-20.8321
15.3359
2.78441
1.86033
9.01815
12.54
-70.9291
16.2352
-20.8306
-24.6368
-20.8156
15.3509
2.72442
1.76798
8.9127
12.6716
-70.8786
16.2823
-20.8428
-24.6402
-20.7986
15.3659
2.66541
1.6765
8.80719
12.8033
-70.8272
16.3293
-20.8549
-24.6435
-20.7812
15.3809
2.60738
1.58588
8.70165
12.9353
-70.7748
16.3761
-20.8669
-24.6467
-20.7635
15.3959
2.55033
1.49614
8.59605
13.0673
-70.7216
16.4228
-20.8789
-24.6499
-20.7454
15.411
2.49425
1.40727
8.49042
13.1996
-70.6675
16.4694
-20.8907
-24.6529
-20.727
15.426
-19.671
-12.367
6.84274
7.23559
-25.5626
6.74795
-8.51145
-5.79695
5.79293
4.93028
14.9116
55.4239
14.9116
3.75549
25.4097
190.668
25.4097
126.111
0
0
23.1877
237.705
0
0
0
0
25.6748
190.708
25.6748
126.218
0
0
23.4877
237.742
0
0
0
0
25.9401
190.746
25.9401
126.323
0
0
23.7879
237.776
0
0
0
0
26.2053
190.783
26.2053
126.427
0
0
24.0884
237.809
2.43081e-15
0
0
0
26.4706
190.817
26.4706
126.53
0
0
24.3891
237.839
0
0
0
0
26.7359
190.849
26.7359
126.631
0
0
24.69
237.866
0
0
0
0
27.0012
190.879
27.0012
126.731
0
0
24.9911
237.891
0
0
1.71418e-15
0
27.2665
190.908
27.2665
126.83
0
0
25.2924
237.914
0
0
0
0
27.5318
190.934
27.5318
126.928
0
0
25.5939
237.935
0
0
0
0
21.2535
76.7439
21.2535
68.8479
0
0
13.3465
87.4511
