0.25
0.6196
0.287002
0.806187
0.450468
0.0452708
-1.29998
-2.10445
2.55694
-1.25861
1.02402
-0.366511
-0.282725
-0.521081
-0.231925
-0.124603
0.619917
-0.194856
-0.56267
0.0237888
-0.712725
0.52694
-0.521063
-0.341178
1.87694
1.87201
-2.71439
0.620485
0.283542
0.822496
0.445947
0.0319527
-1.2999
-2.12193
2.5693
-1.27083
1.01302
-0.31668
-0.23297
-0.594244
-0.193996
-0.0654881
0.539501
-0.162782
-0.479452
-0.029863
-0.629406
0.444988
-0.43982
-0.395942
1.79392
1.7914
-2.63386
0.621411
0.280413
0.837483
0.441574
0.0209441
-1.3
-2.13711
2.57938
-1.28074
1.00125
-0.269158
-0.189186
-0.665187
-0.159366
-0.0175275
0.458276
-0.12884
-0.396312
-0.00360293
-0.546394
0.362717
-0.356658
-0.423828
1.7108
1.71137
-2.55394
0.622391
0.277233
0.850212
0.438188
0.012246
-1.3
-2.14997
2.58926
-1.2895
0.989298
-0.223946
-0.144681
-0.733854
-0.126837
0.0208685
0.377777
-0.121864
-0.313131
0.00367996
-0.463072
0.281865
-0.274816
-0.430318
1.62765
1.62977
-2.47202
0.623126
0.274807
0.860706
0.434679
0.00585203
-1.3
-2.16053
2.59678
-1.29619
0.977172
-0.181044
-0.101655
-0.800279
-0.096864
0.0473799
0.29615
-0.126847
-0.230182
-0.0296274
-0.3799
0.199912
-0.192307
-0.436534
1.54446
1.54893
-2.39128
0.623409
0.273731
0.868785
0.430405
0.00177072
-1.3
-2.16877
2.60016
-1.29924
0.96474
-0.140456
-0.0586084
-0.864483
-0.066123
0.0604978
0.223008
-0.153905
-0.146927
0.00484625
-0.296807
0.117196
-0.10976
-0.447522
1.46118
1.46834
-2.31148
0.623468
0.273429
0.874562
0.426051
0
-1.3
-2.17471
2.60111
-1.3
0.951337
-0.102178
-0.0178211
-0.923786
-0.0388185
0.0493031
0.157595
-0.164994
-0.0637461
2.54282e-13
-0.213632
0.0342724
-0.0272867
-0.482528
1.37799
1.38645
-2.22969
0.623301
0.273876
0.87834
0.421635
3.96692e-05
-1.3
-2.17833
2.59999
-1.3
0.937532
-0.0661476
0.0206915
-0.978534
-0.0242109
0.0383096
0.109001
-0.111634
0.0180474
-0.000196893
-0.130514
-0.0402765
0.00299937
-0.548778
1.29477
1.30454
-2.1479
0.623204
0.274218
0.880646
0.418534
0.00054138
-1.29972
-2.18031
2.59902
-1.29992
0.922288
-0.0324907
0.0569287
-1.02854
-0.0052625
0.0158954
0.0830299
-0.0560597
0.0193807
0.0237687
-0.0710767
-0.0318291
-0.00533197
-0.630824
1.21165
1.22464
-2.07147
0.62327
0.274073
0.882655
0.417063
2.85947e-06
-1.29954
-2.1817
2.59928
-1.3
0.904765
0
0.0909466
-1.08474
0.0103373
-0.00796484
0.0723448
-0.0367736
-0.0193867
0.00642664
-0.0528212
0.00957031
-0.00217624
-0.672407
1.16966
1.18132
-2.02343
3.75683
-0.771013
5.03123
20.1613
-69.4201
20.5561
14.9556
2.68571
-35.2868
-1.247
9.82267
1.94063
3.99309
15.6125
-68.2923
19.0325
13.7945
2.39522
-36.1194
0.238949
9.19666
1.27793
3.09549
18.8922
-69.2437
20.3051
16.0667
3.71377
-39.5545
-0.339849
11.0914
2.20296
1.90354
15.6105
-64.5349
18.787
14.6775
3.19694
-41.1878
0.713499
12.5467
2.66997
1.44594
15.6725
-65.8517
19.5313
14.4869
3.16
-38.4795
3.48728
5.58713
0.0919774
1.85143
16.105
-56.2251
17.5305
13.0043
2.64239
-33.3791
6.99188
9.18107
1.59187
1.75943
10.8289
-48.9762
15.0993
9.40145
1.02077
-32.6352
8.35718
23.5946
7.8319
2.16957
3.94074
-71.7314
13.027
10.5379
1.46111
-29.9293
10.4379
5.37542
-0.0641133
2.97303
9.06202
-54.8743
12.7563
7.77312
0.534866
-4.24106
20.811
13.0989
3.05936
2.84961
6.56736
-63.241
16.4218
17.3011
5.92668
-28.8797
12.1814
-2.48295
49.9257
-2.83952
-5.27356e-16
32.7459
215.737
33.8016
125.631
0
0
4.87905
318.272
-2.01702
37.7463
-1.33874
0
23.7603
208.58
25.1219
114.922
0
0
5.95449
308.681
-5.08667
34.0317
-5.286
4.33681e-19
29.7157
212.907
31.4234
120.152
0
-1.34542e-14
1.02287
300.993
-0.111263
23.6844
-3.97403
0
24.3684
199.432
25.5528
107.234
0
0
0.000640086
297.559
-5.58915
20.6134
-1.62554
-7.75501e-22
22.6837
206.211
23.5682
104.498
0
0
2.77842
286.423
-3.94274
24.1297
-4.50264
0
26.3835
177.015
27.7283
96.5054
0
0
7.42675
266.093
-4.41238
24.0005
-3.98781
0
16.134
158.478
14.6418
75.0644
2.00701e-14
0
7.19136
256.974
-1.70667
16.4591
-1.43521
-2.19658e-13
-0.186847
190.853
0.186847
105.117
0
0
6.97307
252.29
-0.0324887
28.9076
0.0324887
0
11.5872
156.676
12.2085
92.392
0
0
34.5953
178.501
-4.73397
25.3287
5.11005
1.57403
-7.21167
199.149
7.2119
82.6888
0
0
1.68251
246.755
