3.5
0.6233
0.273874
0.8817
0.4183
0
-1.3
-2.1817
2.6
-1.3
1.0451
-0.0491
-0.0805127
-0.842146
0.046422
-0.167217
0.743902
-0.185666
-0.582501
0.0242646
-0.743902
0.533972
-0.533972
-0.3304
2.0653
1.91081
-3
0.623453
0.274411
0.883416
0.420662
0.000904806
-1.3
-2.1817
2.59828
-1.3
1.0451
-0.0491
-0.0810316
-0.842141
0.0464141
-0.16718
0.7438
-0.185666
-0.582501
0.0242646
-0.743786
0.533853
-0.533867
-0.3304
2.0653
1.9109
-3
0.623607
0.274947
0.885133
0.423024
0.00180961
-1.3
-2.1817
2.59657
-1.3
1.0451
-0.0491
-0.0815504
-0.842136
0.0464062
-0.167142
0.743697
-0.185666
-0.582501
0.0242646
-0.743669
0.533735
-0.533762
-0.3304
2.0653
1.91099
-3
0.62376
0.275483
0.886849
0.425386
0.00271442
-1.3
-2.1817
2.59485
-1.3
1.0451
-0.0491
-0.0820693
-0.842131
0.0463984
-0.167105
0.743594
-0.185666
-0.582501
0.0242646
-0.743553
0.533616
-0.533657
-0.3304
2.0653
1.91108
-3
0.623913
0.276019
0.888565
0.427748
0.00361922
-1.3
-2.1817
2.59313
-1.3
1.0451
-0.0491
-0.0825882
-0.842126
0.0463905
-0.167068
0.743491
-0.185666
-0.582501
0.0242646
-0.743436
0.533498
-0.533552
-0.3304
2.0653
1.91117
-3
0.624067
0.276556
0.890281
0.43011
0.00452403
-1.3
-2.1817
2.59142
-1.3
1.0451
-0.0491
-0.083107
-0.842121
0.0463827
-0.167031
0.743388
-0.185666
-0.582501
0.0242646
-0.74332
0.533379
-0.533447
-0.3304
2.0653
1.91126
-3
0.62422
0.277092
0.891998
0.432472
0.00542883
-1.3
-2.1817
2.5897
-1.3
1.0451
-0.0491
-0.0836259
-0.842116
0.0463748
-0.166994
0.743285
-0.185666
-0.582501
0.0242646
-0.743203
0.533261
-0.533343
-0.3304
2.0653
1.91135
-3
0.624373
0.277628
0.893714
0.434833
0.00633364
-1.3
-2.1817
2.58799
-1.3
1.0451
-0.0491
-0.0841447
-0.842111
0.0463669
-0.166957
0.743182
-0.185666
-0.582501
0.0242646
-0.743087
0.533142
-0.533238
-0.3304
2.0653
1.91144
-3
0.624527
0.278165
0.89543
0.437195
0.00723845
-1.3
-2.1817
2.58627
-1.3
1.0451
-0.0491
-0.0846636
-0.842106
0.0463591
-0.16692
0.743079
-0.185666
-0.582501
0.0242646
-0.74297
0.533024
-0.533133
-0.3304
2.0653
1.91153
-3
0.62468
0.278701
0.897147
0.439557
0.00814325
-1.3
-2.1817
2.58455
-1.3
1.0451
-0.0491
-0.0851825
-0.842101
0.0463512
-0.166883
0.742976
-0.185666
-0.582501
0.0242646
-0.742853
0.532905
-0.533028
-0.3304
2.0653
1.91162
-3
-1.92507
-0.927111
8.87671
10.9855
-61.0007
14.0029
-18.0947
-20.4747
-14.9412
13.0196
-1.98583
-1.01571
8.78399
11.0953
-60.9654
14.0427
-18.101
-20.4754
-14.9334
13.0301
-2.04573
-1.10356
8.69119
11.2053
-60.9294
14.0824
-18.1074
-20.4761
-14.9253
13.0406
-2.10479
-1.19067
8.59831
11.3154
-60.8926
14.1221
-18.1137
-20.4767
-14.9169
13.0512
-2.16298
-1.27702
8.50535
11.4257
-60.855
14.1617
-18.12
-20.4773
-14.908
13.0617
-2.22033
-1.36262
8.41232
11.5362
-60.8166
14.2012
-18.1262
-20.4778
-14.8989
13.0723
-2.27681
-1.44747
8.31922
11.6469
-60.7775
14.2406
-18.1324
-20.4782
-14.8894
13.083
-2.33244
-1.53156
8.22605
11.7577
-60.7376
14.2799
-18.1386
-20.4786
-14.8796
13.0936
-2.3872
-1.61489
8.13282
11.8687
-60.6969
14.3191
-18.1447
-20.479
-14.8694
13.1043
-14.7905
-9.35018
7.188
8.5879
-35.5209
8.90583
-11.2632
-9.97372
-0.0565423
7.2565
17.2127
55.5294
17.2127
12.983
24.3942
165.383
24.3942
113.379
0
0
20.8631
204.338
0
0
0
0
24.6103
165.428
24.6103
113.469
0
0
21.1127
204.388
0
0
0
0
24.8265
165.471
24.8265
113.558
0
0
21.3627
204.436
0
0
0
0
25.0429
165.513
25.0429
113.646
0
0
21.6129
204.482
0
0
0
0
25.2594
165.552
25.2594
113.733
0
0
21.8634
204.526
0
0
0
0
25.476
165.591
25.476
113.819
0
0
22.1142
204.567
0
0
0
0
25.6927
165.627
25.6927
113.904
0
0
22.3652
204.607
0
0
0
-1.7868e-15
25.9094
165.662
25.9094
113.988
-2.42749e-14
0
22.6164
204.645
0
0
0
0
26.1263
165.695
26.1263
114.071
2.17243e-14
0
22.8678
204.68
0
0
0
0
22.7075
101.979
22.7075
81.7208
0
8.48041e-15
16.1226
120.694
