1.62
0.6233
0.273874
0.8817
0.4183
0
-1.3
-2.1817
2.6
-1.3
1.0451
-0.0491
-0.0805127
-0.842146
0.046422
-0.167217
0.743902
-0.185666
-0.582501
0.0242646
-0.743902
0.533972
-0.533972
-0.3304
2.0653
1.91081
-3
0.623453
0.274411
0.883416
0.420662
0.000904806
-1.3
-2.1817
2.59828
-1.3
1.0451
-0.0491
-0.0810316
-0.842141
0.0464141
-0.16718
0.7438
-0.185666
-0.582501
0.0242646
-0.743786
0.533853
-0.533867
-0.3304
2.0653
1.9109
-3
0.623607
0.274947
0.885133
0.423024
0.00180961
-1.3
-2.1817
2.59657
-1.3
1.0451
-0.0491
-0.0815504
-0.842136
0.0464062
-0.167142
0.743697
-0.185666
-0.582501
0.0242646
-0.743669
0.533735
-0.533762
-0.3304
2.0653
1.91099
-3
0.62376
0.275483
0.886849
0.425386
0.00271442
-1.3
-2.1817
2.59485
-1.3
1.0451
-0.0491
-0.0820693
-0.842131
0.0463984
-0.167105
0.743594
-0.185666
-0.582501
0.0242646
-0.743553
0.533616
-0.533657
-0.3304
2.0653
1.91108
-3
0.623913
0.276019
0.888565
0.427748
0.00361922
-1.3
-2.1817
2.59313
-1.3
1.0451
-0.0491
-0.0825882
-0.842126
0.0463905
-0.167068
0.743491
-0.185666
-0.582501
0.0242646
-0.743436
0.533498
-0.533552
-0.3304
2.0653
1.91117
-3
0.624067
0.276556
0.890281
0.43011
0.00452403
-1.3
-2.1817
2.59142
-1.3
1.0451
-0.0491
-0.083107
-0.842121
0.0463827
-0.167031
0.743388
-0.185666
-0.582501
0.0242646
-0.74332
0.533379
-0.533447
-0.3304
2.0653
1.91126
-3
0.62422
0.277092
0.891998
0.432472
0.00542883
-1.3
-2.1817
2.5897
-1.3
1.0451
-0.0491
-0.0836259
-0.842116
0.0463748
-0.166994
0.743285
-0.185666
-0.582501
0.0242646
-0.743203
0.533261
-0.533343
-0.3304
2.0653
1.91135
-3
0.624373
0.277628
0.893714
0.434833
0.00633364
-1.3
-2.1817
2.58799
-1.3
1.0451
-0.0491
-0.0841447
-0.842111
0.0463669
-0.166957
0.743182
-0.185666
-0.582501
0.0242646
-0.743087
0.533142
-0.533238
-0.3304
2.0653
1.91144
-3
0.624527
0.278165
0.89543
0.437195
0.00723845
-1.3
-2.1817
2.58627
-1.3
1.0451
-0.0491
-0.0846636
-0.842106
0.0463591
-0.16692
0.743079
-0.185666
-0.582501
0.0242646
-0.74297
0.533024
-0.533133
-0.3304
2.0653
1.91153
-3
0.62468
0.278701
0.897147
0.439557
0.00814325
-1.3
-2.1817
2.58455
-1.3
1.0451
-0.0491
-0.0851825
-0.842101
0.0463512
-0.166883
0.742976
-0.185666
-0.582501
0.0242646
-0.742853
0.532905
-0.533028
-0.3304
2.0653
1.91162
-3
21.3754
13.6264
11.1255
16.6036
-100
23.9748
-31.1793
-40.4317
-43.1232
23.9885
21.304
13.5071
10.9728
16.8144
-100
24.0508
-31.214
-40.4461
-43.0773
24.0201
21.234
13.3891
10.8201
17.0255
-100
24.1265
-31.2485
-40.4603
-43.0309
24.0516
21.1654
13.2724
10.6674
17.2368
-100
24.202
-31.2827
-40.4744
-42.984
24.0832
21.0982
13.157
10.5147
17.4483
-100
24.2773
-31.3169
-40.4883
-42.9366
24.1147
21.0325
13.043
10.3621
17.66
-100
24.3524
-31.3508
-40.502
-42.8886
24.1462
20.9682
12.9302
10.2095
17.872
-100
24.4272
-31.3845
-40.5156
-42.8402
24.1776
20.9054
12.8187
10.0569
18.084
-100
24.5018
-31.4181
-40.529
-42.7912
24.2091
20.844
12.7085
9.90441
18.2963
-100
24.5761
-31.4515
-40.5422
-42.7418
24.2405
-38.0165
-23.6479
5.47541
2.05828
12.0683
-1.38733
2.07067
10.1029
27.7776
-3.90108
6.39292
55.7647
6.39292
0
29.3648
286.034
29.3648
174.414
0
0
32.0122
363.415
0
0
0
0
29.8142
286.057
29.8142
174.581
0
0
32.5014
363.404
0
0
0
0
30.2633
286.077
30.2633
174.747
0
0
32.9906
363.39
0
0
0
0
30.7121
286.093
30.7121
174.911
0
0
33.48
363.372
0
0
0
0
31.1607
286.107
31.1607
175.072
0
0
33.9694
363.351
0
0
0
0
31.6089
286.118
31.6089
175.232
0
0
34.4589
363.326
0
0
0
0
32.0569
286.125
32.0569
175.389
0
0
34.9485
363.297
0
0
0
0
32.5044
286.129
32.5044
175.544
0
0
35.438
363.265
0
0
0
0
32.9516
286.13
32.9516
175.696
0
0
35.9276
363.229
0
0
0
0
15.6515
0
15.6515
20.018
0
0
2.82459
-37.8015
