2.34
0.6233
0.273874
0.8817
0.4183
0
-1.3
-2.1817
2.6
-1.3
1.0451
-0.0491
-0.0805127
-0.842146
0.046422
-0.167217
0.743902
-0.185666
-0.582501
0.0242646
-0.743902
0.533972
-0.533972
-0.3304
2.0653
1.91081
-3
0.623453
0.274411
0.883416
0.420662
0.000904806
-1.3
-2.1817
2.59828
-1.3
1.0451
-0.0491
-0.0810316
-0.842141
0.0464141
-0.16718
0.7438
-0.185666
-0.582501
0.0242646
-0.743786
0.533853
-0.533867
-0.3304
2.0653
1.9109
-3
0.623607
0.274947
0.885133
0.423024
0.00180961
-1.3
-2.1817
2.59657
-1.3
1.0451
-0.0491
-0.0815504
-0.842136
0.0464062
-0.167142
0.743697
-0.185666
-0.582501
0.0242646
-0.743669
0.533735
-0.533762
-0.3304
2.0653
1.91099
-3
0.62376
0.275483
0.886849
0.425386
0.00271442
-1.3
-2.1817
2.59485
-1.3
1.0451
-0.0491
-0.0820693
-0.842131
0.0463984
-0.167105
0.743594
-0.185666
-0.582501
0.0242646
-0.743553
0.533616
-0.533657
-0.3304
2.0653
1.91108
-3
0.623913
0.276019
0.888565
0.427748
0.00361922
-1.3
-2.1817
2.59313
-1.3
1.0451
-0.0491
-0.0825882
-0.842126
0.0463905
-0.167068
0.743491
-0.185666
-0.582501
0.0242646
-0.743436
0.533498
-0.533552
-0.3304
2.0653
1.91117
-3
0.624067
0.276556
0.890281
0.43011
0.00452403
-1.3
-2.1817
2.59142
-1.3
1.0451
-0.0491
-0.083107
-0.842121
0.0463827
-0.167031
0.743388
-0.185666
-0.582501
0.0242646
-0.74332
0.533379
-0.533447
-0.3304
2.0653
1.91126
-3
0.62422
0.277092
0.891998
0.432472
0.00542883
-1.3
-2.1817
2.5897
-1.3
1.0451
-0.0491
-0.0836259
-0.842116
0.0463748
-0.166994
0.743285
-0.185666
-0.582501
0.0242646
-0.743203
0.533261
-0.533343
-0.3304
2.0653
1.91135
-3
0.624373
0.277628
0.893714
0.434833
0.00633364
-1.3
-2.1817
2.58799
-1.3
1.0451
-0.0491
-0.0841447
-0.842111
0.0463669
-0.166957
0.743182
-0.185666
-0.582501
0.0242646
-0.743087
0.533142
-0.533238
-0.3304
2.0653
1.91144
-3
0.624527
0.278165
0.89543
0.437195
0.00723845
-1.3
-2.1817
2.58627
-1.3
1.0451
-0.0491
-0.0846636
-0.842106
0.0463591
-0.16692
0.743079
-0.185666
-0.582501
0.0242646
-0.74297
0.533024
-0.533133
-0.3304
2.0653
1.91153
-3
0.62468
0.278701
0.897147
0.439557
0.00814325
-1.3
-2.1817
2.58455
-1.3
1.0451
-0.0491
-0.0851825
-0.842101
0.0463512
-0.166883
0.742976
-0.185666
-0.582501
0.0242646
-0.742853
0.532905
-0.533028
-0.3304
2.0653
1.91162
-3
12.3261
7.99153
10.2306
14.3938
-90.3886
20.0954
-26.026
-32.6215
-32.1811
19.7026
12.259
7.88432
10.1012
14.5654
-90.3167
20.1573
-26.0497
-32.6306
-32.15
19.726
12.193
7.77819
9.97187
14.7372
-90.2438
20.2191
-26.0733
-32.6396
-32.1184
19.7494
12.1283
7.67314
9.84248
14.9092
-90.1697
20.2806
-26.0968
-32.6485
-32.0863
19.7728
12.0647
7.56918
9.71307
15.0814
-90.0944
20.3421
-26.1201
-32.6573
-32.0538
19.7962
12.0024
7.4663
9.58366
15.2538
-90.018
20.4033
-26.1434
-32.6659
-32.0209
19.8196
11.9413
7.36452
9.45425
15.4264
-89.9405
20.4644
-26.1665
-32.6744
-31.9875
19.843
11.8814
7.26382
9.32483
15.5991
-89.8619
20.5252
-26.1894
-32.6828
-31.9537
19.8664
11.8227
7.16422
9.19542
15.772
-89.7821
20.5859
-26.2123
-32.6911
-31.9194
19.8898
-28.9974
-18.1137
6.16141
4.62221
-6.47121
2.61692
-3.17901
2.24656
16.97
0.457929
10.5549
55.4509
10.5549
0
27.3931
239.086
27.3931
150.58
0
0
27.6567
301.556
1.68549e-15
0
0
0
27.7519
239.118
27.7519
150.717
0
-1.25803e-14
28.0529
301.568
0
0
0
0
28.1106
239.146
28.1106
150.853
0
0
28.4492
301.578
0
0
0
0
28.4692
239.172
28.4692
150.988
0
0
28.8457
301.585
0
0
0
0
28.8277
239.196
28.8277
151.12
0
0
29.2423
301.588
0
0
0
0
29.1861
239.217
29.1861
151.251
0
0
29.6391
301.589
0
0
0
0
29.5442
239.236
29.5442
151.38
4.81998e-14
0
30.036
301.587
0
0
0
0
29.9022
239.252
29.9022
151.507
0
0
30.433
301.581
0
0
0
0
30.26
239.265
30.26
151.633
0
0
30.8301
301.573
0
6.30325e-15
0
0
18.4326
28.4202
18.4326
44.1115
0
0
8.01466
23.8342
