3.42
0.6233
0.273874
0.8817
0.4183
0
-1.3
-2.1817
2.6
-1.3
1.0451
-0.0491
-0.0805127
-0.842146
0.046422
-0.167217
0.743902
-0.185666
-0.582501
0.0242646
-0.743902
0.533972
-0.533972
-0.3304
2.0653
1.91081
-3
0.621883
0.278202
0.87475
0.413578
0.00932264
-1.29765
-2.17435
2.58591
-1.28631
1.01783
-0.0672011
-0.138686
-0.754536
0.041264
-0.148637
0.661247
-0.165037
-0.517779
0.0215685
-0.661247
0.474641
-0.474641
-0.293689
1.83582
1.6985
-2.66667
0.620467
0.282531
0.867801
0.408857
0.0186453
-1.2953
-2.16701
2.57182
-1.27261
0.990551
-0.0853023
-0.19686
-0.666925
0.036106
-0.130057
0.578591
-0.144407
-0.453056
0.0188724
-0.578591
0.415311
-0.415311
-0.256978
1.60634
1.48618
-2.33333
0.61905
0.286859
0.860851
0.404135
0.0279679
-1.29295
-2.15966
2.55773
-1.25892
0.963277
-0.103403
-0.255034
-0.579315
0.030948
-0.111478
0.495935
-0.123777
-0.388334
0.0161763
-0.495935
0.355981
-0.355981
-0.220267
1.37687
1.27387
-2
0.617634
0.291187
0.853902
0.399414
0.0372906
-1.29061
-2.15231
2.54364
-1.24523
0.936003
-0.121505
-0.313208
-0.491704
0.02579
-0.0928981
0.413279
-0.103148
-0.323611
0.0134802
-0.413279
0.296651
-0.296651
-0.183556
1.14739
1.06156
-1.66667
0.616217
0.295515
0.846952
0.394692
0.0466132
-1.28826
-2.14497
2.52955
-1.23154
0.908728
-0.139606
-0.371381
-0.404094
0.020632
-0.0743185
0.330623
-0.0825184
-0.258889
0.0107842
-0.330623
0.237321
-0.237321
-0.146845
0.917912
0.849248
-1.33333
0.614801
0.299843
0.840003
0.389971
0.0559358
-1.28591
-2.13762
2.51546
-1.21784
0.881454
-0.157707
-0.429555
-0.316484
0.015474
-0.0557389
0.247967
-0.0618888
-0.194167
0.00808806
-0.247967
0.177991
-0.177991
-0.110134
0.688434
0.636936
-1
0.613384
0.304171
0.833053
0.385249
0.0652585
-1.28356
-2.13027
2.50137
-1.20415
0.85418
-0.175808
-0.487729
-0.228873
0.010316
-0.0371593
0.165312
-0.0412593
-0.129444
0.00539196
-0.165312
0.11866
-0.11866
-0.0734228
0.458957
0.424624
-0.666666
0.611968
0.3085
0.826103
0.380527
0.0745811
-1.28121
-2.12293
2.48728
-1.19046
0.826905
-0.193909
-0.545903
-0.141263
0.00515799
-0.0185796
0.0826558
-0.0206297
-0.0647219
0.00269586
-0.0826558
0.0593302
-0.0593302
-0.0367117
0.229479
0.212312
-0.333333
0.610551
0.312828
0.819154
0.375806
0.0839038
-1.27886
-2.11558
2.47319
-1.17677
0.799631
-0.21201
-0.604076
-0.0536525
-1.32357e-09
-1.38328e-08
-5.7199e-08
-1.355e-07
4.2431e-07
-2.31612e-07
2.47654e-08
4.47165e-08
-1.22832e-08
-7.06727e-07
1.23609e-06
-3.43042e-07
5.68989e-07
5.98235
4.04058
9.58585
12.7516
-77.1033
17.3644
-23.0327
-27.3279
-24.5805
16.9517
6.1089
3.89432
9.49767
13.4491
-74.6021
17.0443
-24.7407
-28.4685
-22.0837
14.7423
6.12411
3.67197
9.37179
14.02
-71.9835
16.6615
-26.1762
-29.3044
-19.6724
12.4779
6.01327
3.3683
9.2112
14.461
-69.2422
16.2165
-27.3244
-29.824
-17.3572
10.1759
5.75924
2.97667
9.01916
14.7689
-66.3736
15.7094
-28.1698
-30.016
-15.145
7.85803
5.3424
2.48894
8.79922
14.9406
-63.3736
15.1404
-28.6969
-29.8696
-13.0389
5.55032
4.74055
1.89544
8.55522
14.9731
-60.2389
14.5096
-28.8893
-29.3743
-11.0384
3.28353
3.92897
1.18485
8.29122
14.8632
-56.9668
13.817
-28.7304
-28.5203
-9.13848
1.093
2.88031
0.344185
8.01155
14.6075
-53.556
13.0623
-28.203
-27.2984
-7.32961
-0.981238
-0.305993
-1.7755
7.51069
13.458
-47.3888
11.5227
-24.0724
-23.183
-4.23343
-3.31197
13.4772
55.0224
13.4772
0
26.0142
205.857
26.0142
133.614
-3.70806e-14
0
24.5357
257.786
13.8752
54.4921
13.8752
0
26.0792
201.441
26.0792
131.401
0
0
25.7967
251.997
14.1502
53.9256
14.1502
0
25.9615
196.599
25.9615
128.927
0
0
26.571
245.772
14.322
53.3344
14.322
1.07156
25.6746
191.304
25.6746
126.181
0
0
26.8816
239.043
14.4118
52.7333
14.4118
2.42949
25.2321
185.533
25.2321
123.158
0
0
26.7546
231.741
14.4423
52.14
14.4423
3.96497
24.6479
179.258
24.6479
119.85
0
0
26.2195
223.8
14.4371
51.5756
14.4371
5.71371
23.9361
172.456
23.9361
116.256
0
0
25.3096
215.153
14.4212
51.0646
14.4212
7.71535
23.1104
165.102
23.1104
112.372
0
0
24.0628
205.734
14.4205
50.6348
14.4205
10.0134
22.1844
157.173
22.1844
108.199
0
0
22.5224
195.481
14.7075
50.5793
14.7075
15.6012
20.3086
141.172
20.3086
99.9308
0
0
19.4045
174.256
