3.5
0.6233
0.273874
0.8817
0.4183
0
-1.3
-2.1817
2.6
-1.3
1.0451
-0.0491
-0.0805127
-0.842146
0.046422
-0.167217
0.743902
-0.185666
-0.582501
0.0242646
-0.743902
0.533972
-0.533972
-0.3304
2.0653
1.91081
-3
0.621883
0.278202
0.87475
0.413578
0.00932264
-1.29765
-2.17435
2.58591
-1.28631
1.01783
-0.0672011
-0.138686
-0.754536
0.041264
-0.148637
0.661247
-0.165037
-0.517779
0.0215685
-0.661247
0.474641
-0.474641
-0.293689
1.83582
1.6985
-2.66667
0.620467
0.282531
0.867801
0.408857
0.0186453
-1.2953
-2.16701
2.57182
-1.27261
0.990551
-0.0853023
-0.19686
-0.666925
0.036106
-0.130057
0.578591
-0.144407
-0.453056
0.0188724
-0.578591
0.415311
-0.415311
-0.256978
1.60634
1.48618
-2.33333
0.61905
0.286859
0.860851
0.404135
0.0279679
-1.29295
-2.15966
2.55773
-1.25892
0.963277
-0.103403
-0.255034
-0.579315
0.030948
-0.111478
0.495935
-0.123777
-0.388334
0.0161763
-0.495935
0.355981
-0.355981
-0.220267
1.37687
1.27387
-2
0.617634
0.291187
0.853902
0.399414
0.0372906
-1.29061
-2.15231
2.54364
-1.24523
0.936003
-0.121505
-0.313208
-0.491704
0.02579
-0.0928981
0.413279
-0.103148
-0.323611
0.0134802
-0.413279
0.296651
-0.296651
-0.183556
1.14739
1.06156
-1.66667
0.616217
0.295515
0.846952
0.394692
0.0466132
-1.28826
-2.14497
2.52955
-1.23154
0.908728
-0.139606
-0.371381
-0.404094
0.020632
-0.0743185
0.330623
-0.0825184
-0.258889
0.0107842
-0.330623
0.237321
-0.237321
-0.146845
0.917912
0.849248
-1.33333
0.614801
0.299843
0.840003
0.389971
0.0559358
-1.28591
-2.13762
2.51546
-1.21784
0.881454
-0.157707
-0.429555
-0.316484
0.015474
-0.0557389
0.247967
-0.0618888
-0.194167
0.00808806
-0.247967
0.177991
-0.177991
-0.110134
0.688434
0.636936
-1
0.613384
0.304171
0.833053
0.385249
0.0652585
-1.28356
-2.13027
2.50137
-1.20415
0.85418
-0.175808
-0.487729
-0.228873
0.010316
-0.0371593
0.165312
-0.0412593
-0.129444
0.00539196
-0.165312
0.11866
-0.11866
-0.0734228
0.458957
0.424624
-0.666666
0.611968
0.3085
0.826103
0.380527
0.0745811
-1.28121
-2.12293
2.48728
-1.19046
0.826905
-0.193909
-0.545903
-0.141263
0.00515799
-0.0185796
0.0826558
-0.0206297
-0.0647219
0.00269586
-0.0826558
0.0593302
-0.0593302
-0.0367117
0.229479
0.212312
-0.333333
0.610551
0.312828
0.819154
0.375806
0.0839038
-1.27886
-2.11558
2.47319
-1.17677
0.799631
-0.21201
-0.604076
-0.0536525
-1.32357e-09
-1.38328e-08
-5.7199e-08
-1.355e-07
4.2431e-07
-2.31612e-07
2.47654e-08
4.47165e-08
-1.22832e-08
-7.06727e-07
1.23609e-06
-3.43042e-07
5.68989e-07
0.986388
0.904316
9.13377
11.6263
-66.9135
15.239
-19.9407
-23.0008
-18.495
14.4793
1.40645
0.948955
9.06303
12.2604
-65.3782
15.069
-21.4768
-24.1552
-16.7567
12.7044
1.75793
0.945623
8.96397
12.8089
-63.7533
14.8544
-22.8444
-25.1066
-15.0745
10.85
2.03169
0.891447
8.83881
13.2698
-62.0359
14.5959
-24.0314
-25.8451
-13.4585
8.9269
2.21706
0.782655
8.68991
13.6416
-60.2236
14.294
-25.0252
-26.361
-11.9163
6.94913
2.30183
0.614522
8.5198
13.9227
-58.3144
13.9491
-25.8134
-26.6453
-10.4533
4.93399
2.2722
0.381328
8.33117
14.1112
-56.3064
13.5615
-26.383
-26.6891
-9.0721
2.902
2.11274
0.0763055
8.12681
14.2057
-54.1985
13.1315
-26.7211
-26.4841
-7.77251
0.876993
1.80641
-0.308393
7.90968
14.2042
-51.9903
12.6592
-26.8142
-26.0223
-6.55142
-1.11392
0.531516
-1.2686
7.59267
13.785
-48.5584
11.8345
-25.2681
-24.216
-4.81694
-3.21958
15.832
55.2992
15.832
7.33227
24.9852
180.254
24.9852
120.796
0
0
22.2076
223.983
15.9117
54.8069
15.9117
7.58721
24.9746
177.986
24.9746
119.636
0
0
23.2648
221.03
15.8975
54.2749
15.8975
7.89137
24.833
175.416
24.833
118.287
-2.14463e-14
0
23.9765
217.781
15.8033
53.7109
15.8033
8.2602
24.5704
172.528
24.5704
116.742
0
0
24.3547
214.192
15.6439
53.1242
15.6439
8.71141
24.1967
169.306
24.1967
114.999
0
0
24.4129
210.218
15.4349
52.5263
15.4349
9.26507
23.722
165.737
23.722
113.054
0
-8.88189e-15
24.1665
205.816
15.1924
51.9307
15.1924
9.94364
23.1562
161.806
23.1562
110.905
0
0
23.6336
200.941
14.9333
51.3531
14.9333
10.772
22.5092
157.499
22.5092
108.553
0
0
22.8348
195.552
14.6747
50.811
14.6747
11.7776
21.7904
152.802
21.7904
105.998
0
-6.64717e-15
21.7938
189.606
14.5401
50.4368
14.5401
14.2547
20.6389
144.493
20.6389
101.607
0
0
19.966
178.737
