3.5
0.6233
0.273874
0.8817
0.4183
0
-1.3
-2.1817
2.6
-1.3
1.0451
-0.0491
-0.0805127
-0.842146
0.046422
-0.167217
0.743902
-0.185666
-0.582501
0.0242646
-0.743902
0.533972
-0.533972
-0.3304
2.0653
1.91081
-3
0.621883
0.278202
0.87475
0.413578
0.00932264
-1.29765
-2.17435
2.58591
-1.28631
1.01783
-0.0672011
-0.138686
-0.754536
0.041264
-0.148637
0.661247
-0.165037
-0.517779
0.0215685
-0.661247
0.474641
-0.474641
-0.293689
1.83582
1.6985
-2.66667
0.620467
0.282531
0.867801
0.408857
0.0186453
-1.2953
-2.16701
2.57182
-1.27261
0.990551
-0.0853023
-0.19686
-0.666925
0.036106
-0.130057
0.578591
-0.144407
-0.453056
0.0188724
-0.578591
0.415311
-0.415311
-0.256978
1.60634
1.48618
-2.33333
0.61905
0.286859
0.860851
0.404135
0.0279679
-1.29295
-2.15966
2.55773
-1.25892
0.963277
-0.103403
-0.255034
-0.579315
0.030948
-0.111478
0.495935
-0.123777
-0.388334
0.0161763
-0.495935
0.355981
-0.355981
-0.220267
1.37687
1.27387
-2
0.617634
0.291187
0.853902
0.399414
0.0372906
-1.29061
-2.15231
2.54364
-1.24523
0.936003
-0.121505
-0.313208
-0.491704
0.02579
-0.0928981
0.413279
-0.103148
-0.323611
0.0134802
-0.413279
0.296651
-0.296651
-0.183556
1.14739
1.06156
-1.66667
0.616217
0.295515
0.846952
0.394692
0.0466132
-1.28826
-2.14497
2.52955
-1.23154
0.908728
-0.139606
-0.371381
-0.404094
0.020632
-0.0743185
0.330623
-0.0825184
-0.258889
0.0107842
-0.330623
0.237321
-0.237321
-0.146845
0.917912
0.849248
-1.33333
0.614801
0.299843
0.840003
0.389971
0.0559358
-1.28591
-2.13762
2.51546
-1.21784
0.881454
-0.157707
-0.429555
-0.316484
0.015474
-0.0557389
0.247967
-0.0618888
-0.194167
0.00808806
-0.247967
0.177991
-0.177991
-0.110134
0.688434
0.636936
-1
0.613384
0.304171
0.833053
0.385249
0.0652585
-1.28356
-2.13027
2.50137
-1.20415
0.85418
-0.175808
-0.487729
-0.228873
0.010316
-0.0371593
0.165312
-0.0412593
-0.129444
0.00539196
-0.165312
0.11866
-0.11866
-0.0734228
0.458957
0.424624
-0.666666
0.611968
0.3085
0.826103
0.380527
0.0745811
-1.28121
-2.12293
2.48728
-1.19046
0.826905
-0.193909
-0.545903
-0.141263
0.00515799
-0.0185796
0.0826558
-0.0206297
-0.0647219
0.00269586
-0.0826558
0.0593302
-0.0593302
-0.0367117
0.229479
0.212312
-0.333333
0.610551
0.312828
0.819154
0.375806
0.0839038
-1.27886
-2.11558
2.47319
-1.17677
0.799631
-0.21201
-0.604076
-0.0536525
-1.32357e-09
-1.38328e-08
-5.7199e-08
-1.355e-07
4.2431e-07
-2.31612e-07
2.47654e-08
4.47165e-08
-1.22832e-08
-7.06727e-07
1.23609e-06
-3.43042e-07
5.68989e-07
0.111257
0.354617
9.05456
11.4275
-65.1264
14.8666
-19.4147
-22.2481
-17.4306
14.0525
0.584235
0.433701
8.98711
12.0511
-63.7635
14.7236
-20.9219
-23.4065
-15.827
12.3545
0.99632
0.469846
8.89301
12.5964
-62.316
14.5393
-22.2791
-24.3799
-14.2743
10.5724
1.33935
0.460605
8.77433
13.0617
-60.7816
14.3144
-23.4746
-25.1588
-12.7824
8.71606
1.60384
0.402721
8.63328
13.4457
-59.158
14.0493
-24.4965
-25.734
-11.3592
6.79806
1.77888
0.29208
8.4722
13.7471
-57.4435
13.7446
-25.3329
-26.0965
-10.0105
4.83412
1.8522
0.123671
8.29356
13.9643
-55.6368
13.4007
-25.9714
-26.2378
-8.73927
2.84295
1.81002
-0.108459
8.09995
14.0961
-53.7369
13.0178
-26.3997
-26.1498
-7.54641
0.846313
1.63713
-0.411237
7.89407
14.1407
-51.7435
12.5961
-26.6052
-25.8249
-6.42987
-1.13099
0.657356
-1.19246
7.60465
13.834
-48.734
11.881
-25.4409
-24.3687
-4.90386
-3.20834
16.2453
55.3468
16.2453
9.00946
24.8057
175.763
24.8057
118.547
0
0
21.7987
218.053
16.269
54.8613
16.269
9.1309
24.7826
173.88
24.7826
117.576
0
0
22.8214
215.609
16.2038
54.3356
16.2038
9.29361
24.6377
171.717
24.6377
116.429
0
1.34542e-14
23.5237
212.893
16.0627
53.7763
16.0627
9.51144
24.3803
169.26
24.3803
115.099
0
0
23.9155
209.866
15.8594
53.1921
15.8594
9.80025
24.0196
166.495
24.0196
113.585
0
0
24.0081
206.489
15.6081
52.5933
15.6081
10.178
23.5652
163.411
23.5652
111.884
0
0
23.8144
202.721
15.3236
51.992
15.3236
10.6648
23.0261
159.994
23.0261
109.995
0
0
23.3497
198.522
15.0213
51.4021
15.0213
11.2829
22.4116
156.232
22.4116
107.917
0
0
22.6316
193.855
14.717
50.8396
14.717
12.0567
21.7304
152.113
21.7304
105.652
0
0
21.6802
188.68
14.5133
50.4147
14.5133
14.0516
20.6869
144.991
20.6869
101.858
0
0
20.0494
179.409
