0.25
0.619136
0.287865
0.805795
0.448933
0.0457589
-1.3
-2.10539
2.5546
-1.25473
1.03257
-0.393529
-0.287211
-0.510161
-0.0783613
-0.132441
0.69155
-0.187446
-0.565126
0.023862
-0.706043
0.527926
-0.524817
-0.335236
1.98978
1.89312
-2.92406
0.620257
0.284186
0.822704
0.444573
0.0323641
-1.29964
-2.12269
2.56697
-1.26703
1.02164
-0.340564
-0.236934
-0.589086
-0.0205526
-0.123052
0.608704
-0.155943
-0.482214
0.0129402
-0.622746
0.445162
-0.442554
-0.393528
1.90673
1.80997
-2.84128
0.621209
0.281038
0.837616
0.440241
0.0212836
-1.29928
-2.13767
2.57706
-1.27704
1.0099
-0.28991
-0.18897
-0.665712
0.0295699
-0.112222
0.532452
-0.181289
-0.398896
-0.0200046
-0.539433
0.363137
-0.360422
-0.422815
1.82356
1.7267
-2.75853
0.622147
0.27793
0.852405
0.434852
0.0125147
-1.29977
-2.1524
2.58703
-1.28703
0.997897
-0.241564
-0.142536
-0.739636
0.0604153
-0.0977883
0.470831
-0.199667
-0.31568
-0.0100725
-0.45638
0.285044
-0.280614
-0.432031
1.74046
1.67163
-2.67532
0.622825
0.275617
0.863579
0.430578
0.00604895
-1.3
-2.1635
2.59443
-1.29451
0.98571
-0.195529
-0.0961702
-0.810378
0.0774396
-0.0832547
0.402285
-0.135481
-0.232768
0.000754122
-0.373823
0.229468
-0.198352
-0.438751
1.65726
1.675
-2.59228
0.623452
0.273634
0.872445
0.426816
0.00189672
-1.3
-2.17248
2.60036
-1.29906
0.973019
-0.151805
-0.0488534
-0.880024
0.097242
-0.0713897
0.319171
-0.0778826
-0.14948
-0.0156039
-0.290695
0.186955
-0.116
-0.456864
1.57406
1.70347
-2.5114
0.624311
0.271952
0.879002
0.42466
5.78584e-05
-1.3
-2.17824
2.60446
-1.3
0.959685
-0.110392
-0.000960426
-0.947451
0.117042
-0.0650851
0.236057
-0.0212939
-0.0661989
0.00941836
-0.20748
0.147547
-0.033851
-0.48004
1.49084
1.72415
-2.43045
0.625323
0.270166
0.883321
0.424069
0
-1.29993
-2.1817
2.60856
-1.3
0.945914
-0.0712664
0.047525
-1.01277
0.133963
-0.0751259
0.155477
0.0596235
-0.0020829
0.000350145
-0.124414
0.142009
0.0200495
-0.495756
1.40763
1.75121
-2.35133
0.626386
0.268079
0.885503
0.425727
-4.29773e-22
-1.3
-2.1817
2.61304
-1.3
0.932144
-0.0344766
0.096194
-1.0759
0.146739
-0.111473
0.0785496
0.142564
0.0409427
-0.0187021
-0.0414884
0.162734
-0.00349634
-0.495669
1.32443
1.75224
-2.27277
0.62819
0.26496
0.887685
0.429622
0.0011373
-1.29984
-2.1817
2.618
-1.3
0.918375
0
0.145383
-1.13691
0.167191
-0.145991
0.0826306
0.225286
0.103168
0.0218265
-0.00365707
0.215911
0.00139695
-0.452313
1.24116
1.7708
-2.19648
-3.15863
-2.10939
7.12499
21.1001
-56.309
17.5819
10.1756
0.635808
-19.4806
3.78874
0.158684
-1.22145
5.65202
19.9822
-58.3756
17.8286
12.0993
1.82727
-23.741
3.87333
-0.687804
-1.96409
3.58199
19.318
-57.3302
18.0013
13.4298
2.66378
-26.1255
5.39513
21.064
6.93605
2.48998
3.85939
-78.2045
14.0697
14.8772
3.68311
-23.2456
9.33618
23.1383
7.15123
0.72707
5.10257
-77.2144
15.0789
12.9583
2.5333
-26.1127
10.1624
22.5224
7.02777
0.354129
7.60045
-74.6985
16.1847
12.721
2.38239
-31.507
8.56547
22.4982
6.90829
0.501956
6.98706
-71.2404
15.7391
11.7697
1.95921
-31.2015
10.0355
22.4349
6.97942
0.302025
5.00751
-67.0991
13.8462
11.4503
2.08608
-29.0562
10.8276
23.2859
7.7265
-0.0452548
3.43569
-60.5098
11.7684
10.0805
1.71389
-30.0558
8.45306
33.1339
12.5231
3.03847
10.0409
-43.7695
12.4521
-56.4266
-41.7265
-12.0433
15.9087
4.8482
56.1379
3.92523
2.21145
39.4161
173.041
40.498
114.286
0
0
18.5114
241.016
-0.576494
48.8153
0.593054
0.0895616
36.1913
178.217
38.0361
113.244
0
0
15.7052
250.123
0.0242812
36.2199
-0.0231926
0
34.2188
178.531
35.0616
107.961
0
0
14.691
259.049
-0.000659792
18.3266
0.000659792
0
-0.0646871
206.116
0.0646871
115.02
0
0
14.6826
263.734
-1.86537
10.7061
-1.88177
0
2.43423
209.185
2.54581
113.898
0
0
10.8251
273.097
-0.694328
5.96633
-1.50412
0.314943
7.8091
208.73
6.94415
110.996
0
0
4.58469
273.822
-1.64327
7.96241
-1.74465
1.71737
5.52656
202.371
5.60971
103.716
0
0
4.94458
267.756
-0.947201
5.80921
-1.08602
0
1.68671
188.222
1.79107
96.3793
0
0
3.8504
248.938
0.118479
0.00583323
-0.118479
0
0.0415866
168.13
-0.0415866
85.0243
0
0
1.31263
222.46
2.38028
14.6139
2.32696
0
14.9771
138.497
14.9718
78.4381
31.8632
105.451
9.67755
181.179
