1.8
0.6233
0.273874
0.8817
0.4183
0
-1.3
-2.1817
2.6
-1.3
1.0451
-0.0491
-0.0805127
-0.842146
0.046422
-0.167217
0.743902
-0.185666
-0.582501
0.0242646
-0.743902
0.533972
-0.533972
-0.3304
2.0653
1.91081
-3
0.621883
0.278202
0.87475
0.413578
0.00932264
-1.29765
-2.17435
2.58591
-1.28631
1.01783
-0.0672011
-0.138686
-0.754536
0.041264
-0.148637
0.661247
-0.165037
-0.517779
0.0215685
-0.661247
0.474641
-0.474641
-0.293689
1.83582
1.6985
-2.66667
0.620467
0.282531
0.867801
0.408857
0.0186453
-1.2953
-2.16701
2.57182
-1.27261
0.990551
-0.0853023
-0.19686
-0.666925
0.036106
-0.130057
0.578591
-0.144407
-0.453056
0.0188724
-0.578591
0.415311
-0.415311
-0.256978
1.60634
1.48618
-2.33333
0.61905
0.286859
0.860851
0.404135
0.0279679
-1.29295
-2.15966
2.55773
-1.25892
0.963277
-0.103403
-0.255034
-0.579315
0.030948
-0.111478
0.495935
-0.123777
-0.388334
0.0161763
-0.495935
0.355981
-0.355981
-0.220267
1.37687
1.27387
-2
0.617634
0.291187
0.853902
0.399414
0.0372906
-1.29061
-2.15231
2.54364
-1.24523
0.936003
-0.121505
-0.313208
-0.491704
0.02579
-0.0928981
0.413279
-0.103148
-0.323611
0.0134802
-0.413279
0.296651
-0.296651
-0.183556
1.14739
1.06156
-1.66667
0.616217
0.295515
0.846952
0.394692
0.0466132
-1.28826
-2.14497
2.52955
-1.23154
0.908728
-0.139606
-0.371381
-0.404094
0.020632
-0.0743185
0.330623
-0.0825184
-0.258889
0.0107842
-0.330623
0.237321
-0.237321
-0.146845
0.917912
0.849248
-1.33333
0.614801
0.299843
0.840003
0.389971
0.0559358
-1.28591
-2.13762
2.51546
-1.21784
0.881454
-0.157707
-0.429555
-0.316484
0.015474
-0.0557389
0.247967
-0.0618888
-0.194167
0.00808806
-0.247967
0.177991
-0.177991
-0.110134
0.688434
0.636936
-1
0.613384
0.304171
0.833053
0.385249
0.0652585
-1.28356
-2.13027
2.50137
-1.20415
0.85418
-0.175808
-0.487729
-0.228873
0.010316
-0.0371593
0.165312
-0.0412593
-0.129444
0.00539196
-0.165312
0.11866
-0.11866
-0.0734228
0.458957
0.424624
-0.666666
0.611968
0.3085
0.826103
0.380527
0.0745811
-1.28121
-2.12293
2.48728
-1.19046
0.826905
-0.193909
-0.545903
-0.141263
0.00515799
-0.0185796
0.0826558
-0.0206297
-0.0647219
0.00269586
-0.0826558
0.0593302
-0.0593302
-0.0367117
0.229479
0.212312
-0.333333
0.610551
0.312828
0.819154
0.375806
0.0839038
-1.27886
-2.11558
2.47319
-1.17677
0.799631
-0.21201
-0.604076
-0.0536525
-1.32357e-09
-1.38328e-08
-5.7199e-08
-1.355e-07
4.2431e-07
-2.31612e-07
2.47654e-08
4.47165e-08
-1.22832e-08
-7.06727e-07
1.23609e-06
-3.43042e-07
5.68989e-07
19.6852
12.628
10.8248
15.7631
-100
23.1868
-32.2176
-39.4331
-41.3424
24.0184
19.0743
12.0032
10.6996
16.6611
-99.9486
22.489
-34.4474
-40.604
-36.847
20.6476
18.2432
11.2301
10.5119
17.3266
-94.7575
21.6814
-36.134
-41.2048
-32.5148
17.2831
17.1631
10.2975
10.2665
17.7524
-89.3659
20.7636
-37.2553
-41.2194
-28.3574
13.9589
15.8002
9.1913
9.96907
17.9311
-83.7635
19.7353
-37.7887
-40.6322
-24.3803
10.7163
14.1158
7.89478
9.62574
17.8558
-77.9409
18.596
-37.7103
-39.4281
-20.5817
7.60413
12.0663
6.38807
9.24331
17.5196
-71.8903
17.345
-36.9952
-37.5924
-16.9528
4.67931
9.60276
4.64818
8.8291
16.9156
-65.6054
15.9815
-35.6173
-35.1114
-13.4765
2.00677
6.67142
2.6489
8.39096
16.0368
-59.0821
14.5044
-33.5491
-31.9724
-10.1273
-0.340139
-3.53984
-3.73391
7.1791
12.1873
-42.87
10.3042
-19.1498
-19.0767
-1.94651
-3.78701
7.0553
54.2226
7.0553
0
28.873
275.816
28.873
168.604
0
0
30.871
350.134
8.31336
53.5971
8.31336
0
29.1779
265.89
29.1779
163.703
0
0
32.7468
337.07
9.3696
52.9424
9.3696
0
29.1634
255.22
29.1634
158.355
0
0
33.761
323.217
10.2587
52.2803
10.2587
0
28.8518
243.753
28.8518
152.54
0
0
33.9656
308.444
11.0186
51.6384
11.0186
0
28.2665
231.437
28.2665
146.241
0
0
33.419
292.618
11.6898
51.0508
11.6898
0
27.4314
218.218
27.4314
139.446
-4.06011e-14
0
32.1862
275.612
12.316
50.5579
12.316
-1.34878e-15
26.3707
204.044
26.3707
132.146
0
0
30.3405
257.296
12.9432
50.2068
12.9432
0
25.1089
188.865
25.1089
124.334
0
0
27.9643
237.55
13.6193
50.0517
13.6193
3.8324
23.6701
172.634
23.6701
116.008
0
0
25.1505
216.257
15.2825
51.0976
15.2825
20.7661
18.9634
128.319
18.9634
93.4233
0
0
17.1923
156.915
