0.25
0.628872
0.312889
0.917549
0.404135
0.0478125
-1.29591
-2.12839
2.474
-1.26317
1.03399
-0.249086
-0.254667
-0.607245
0.0205102
-0.050123
0.764811
-0.148398
-0.573357
0.025151
-0.615479
0.527294
-0.497465
-0.314736
1.37987
1.90434
-2.94813
0.631401
0.30965
0.936767
0.400028
0.0341639
-1.29503
-2.14344
2.48627
-1.27482
1.02571
-0.213062
-0.203928
-0.685452
0.0819471
-0.138572
0.691863
-0.132172
-0.491352
0.0623769
-0.53248
0.448302
-0.419754
-0.288708
1.29686
1.82663
-2.86692
0.633921
0.305928
0.953863
0.395329
0.0228296
-1.29343
-2.15592
2.49694
-1.28421
1.01769
-0.179349
-0.154401
-0.762774
0.118433
-0.248512
0.615462
-0.177055
-0.408031
0.0576375
-0.449243
0.38408
-0.33774
-0.329047
1.21365
1.78296
-2.78359
0.637211
0.301349
0.970754
0.390384
0.0137212
-1.2928
-2.1661
2.5076
-1.2913
1.00855
-0.147948
-0.104742
-0.835215
0.155629
-0.363289
0.539449
-0.180413
-0.327906
0.0198662
-0.366236
0.403277
-0.255534
-0.383048
1.13045
1.81799
-2.71215
0.64138
0.29501
0.985739
0.385505
0.00683947
-1.29319
-2.17396
2.52111
-1.29618
0.997887
-0.118855
-0.0520058
-0.906953
0.181093
-0.474969
0.462762
-0.132497
-0.247741
-0.0197259
-0.282999
0.486307
-0.173629
-0.385854
1.04735
1.89873
-2.63037
0.646075
0.287009
0.998593
0.381781
0.00226435
-1.29427
-2.17956
2.53691
-1.29914
0.98753
-0.0920702
0.00297148
-0.977294
0.194669
-0.543618
0.45112
-0.136126
-0.164704
-0.0619716
-0.201682
0.568577
-0.106632
-0.371158
0.964236
1.97918
-2.55546
0.651518
0.27813
1.01111
0.376201
2.17734e-06
-1.29571
-2.1817
2.55499
-1.3
0.977173
-0.067597
0.0597132
-1.04597
0.219437
-0.632815
0.45037
-0.209797
-0.0814382
-0.061976
-0.118866
0.651136
-0.0309179
-0.376302
0.881034
2.0427
-2.47217
0.65781
0.268025
1.02386
0.368425
5.37189e-05
-1.29613
-2.1817
2.57468
-1.3
0.967847
-0.0447506
0.117817
-1.11243
0.233999
-0.707183
0.459469
-0.289788
0.0018555
-0.0151396
-0.0383657
0.733306
1.5322e-14
-0.329589
0.79819
2.11423
-2.39267
0.664334
0.257429
1.03658
0.361917
0.000108289
-1.29669
-2.1817
2.59507
-1.3
0.958875
-0.0228509
0.176546
-1.17672
0.265608
-0.764034
0.455358
-0.371689
0.00204292
-0.0510306
0.0340048
0.80665
0.0351881
-0.322923
0.788387
2.18675
-2.31159
0.671712
0.245434
1.04923
0.351592
0.000165037
-1.29811
-2.1807
2.618
-1.3
0.94822
0
0.23893
-1.24083
0.307628
-0.917214
0.408435
-0.452825
-0.0472932
-0.051219
0.0852085
0.879591
-0.00583278
-0.38356
0.861701
2.26082
-2.30387
-14.276
-6.49909
8.60788
20.7974
-43.339
15.5118
14.5239
4.21453
4.83834
16.2644
7.07309
1.95923
-0.512533
-1.57906
-39.8156
6.76363
3.72213
-0.756196
5.42391
19.3272
10.7459
3.29768
-0.386607
-2.067
-49.45
7.07818
4.33896
-0.653244
6.80569
22.0356
11.9007
3.87071
-0.415791
-0.424393
-44.3109
7.0273
1.95129
-1.68693
8.10329
20.6012
19.5154
6.88325
0.115889
0.425243
-41.4527
7.61833
9.20219
2.09372
-37.1133
-0.839008
23.438
7.8501
-0.192108
0.7024
-80.7598
9.28771
11.9803
3.42433
1.96268
16.9272
6.56459
2.00783
-0.168134
2.97725
-39.5374
7.55179
5.85984
0.63434
3.08221
18.9328
27.8673
9.59812
0.244102
-1.67759
-75.5131
8.14613
18.8296
7.06355
-36.1675
1.55565
1.5088
-1.94067
-1.51055
10.8959
-46.7647
11.4909
8.08504
2.03837
-2.43232
21.1564
-0.996527
-1.07121
-0.251407
-2.0944
-10.1806
1.20665
3.50184
1.48454
-4.66544
11.6132
15.1199
63.4344
12.4549
15.3507
39.4616
138.42
41.2842
92.2823
0
0
53.6299
153.276
0
-1.50829e-13
0
0
-0.342931
102.939
0.342909
56.7309
0
0
56.2598
160.854
0
0
0
1.64949e-15
-2.62312
120.359
1.39455
74.5033
0
0
57.8365
165.421
0
-7.8496e-15
0
0
-1.50242
112.544
1.50107
68.6632
0
0
47.9595
137.154
0
1.68137e-13
0
0
1.63693
112.965
1.60689
65.6008
0
0
-1.46333e-06
219.997
-1.52072e-13
0
0
0
0.286077
184.911
-0.284842
128.922
0
0
33.2758
136.289
1.17251e-14
2.03603e-16
0
0
7.01269
107.019
8.48648
61.5845
0
0
43.0472
123.036
0
-1.68753e-14
0
0
0.0662717
177.932
-0.0661298
116.597
0
0
3.28516e-08
216.291
0
0
0
0
35.6337
127.563
37.8117
82.2811
-2.17243e-14
0
53.5834
153.156
0
-2.4041e-14
0
0
0.62678
29.8414
-0.62678
15.1279
0
0
32.4132
92.6641
