1.26
0.6233
0.273874
0.8817
0.4183
0
-1.3
-2.1817
2.6
-1.3
1.0451
-0.0491
-0.0805127
-0.842146
0.046422
-0.167217
0.743902
-0.185666
-0.582501
0.0242646
-0.743902
0.533972
-0.533972
-0.3304
2.0653
1.91081
-3
0.623453
0.274411
0.883416
0.420662
0.000904806
-1.3
-2.1817
2.59828
-1.3
1.0451
-0.0491
-0.0810316
-0.842141
0.0464141
-0.16718
0.7438
-0.185666
-0.582501
0.0242646
-0.743786
0.533853
-0.533867
-0.3304
2.0653
1.9109
-3
0.623607
0.274947
0.885133
0.423024
0.00180961
-1.3
-2.1817
2.59657
-1.3
1.0451
-0.0491
-0.0815504
-0.842136
0.0464062
-0.167142
0.743697
-0.185666
-0.582501
0.0242646
-0.743669
0.533735
-0.533762
-0.3304
2.0653
1.91099
-3
0.62376
0.275483
0.886849
0.425386
0.00271442
-1.3
-2.1817
2.59485
-1.3
1.0451
-0.0491
-0.0820693
-0.842131
0.0463984
-0.167105
0.743594
-0.185666
-0.582501
0.0242646
-0.743553
0.533616
-0.533657
-0.3304
2.0653
1.91108
-3
0.623913
0.276019
0.888565
0.427748
0.00361922
-1.3
-2.1817
2.59313
-1.3
1.0451
-0.0491
-0.0825882
-0.842126
0.0463905
-0.167068
0.743491
-0.185666
-0.582501
0.0242646
-0.743436
0.533498
-0.533552
-0.3304
2.0653
1.91117
-3
0.624067
0.276556
0.890281
0.43011
0.00452403
-1.3
-2.1817
2.59142
-1.3
1.0451
-0.0491
-0.083107
-0.842121
0.0463827
-0.167031
0.743388
-0.185666
-0.582501
0.0242646
-0.74332
0.533379
-0.533447
-0.3304
2.0653
1.91126
-3
0.62422
0.277092
0.891998
0.432472
0.00542883
-1.3
-2.1817
2.5897
-1.3
1.0451
-0.0491
-0.0836259
-0.842116
0.0463748
-0.166994
0.743285
-0.185666
-0.582501
0.0242646
-0.743203
0.533261
-0.533343
-0.3304
2.0653
1.91135
-3
0.624373
0.277628
0.893714
0.434833
0.00633364
-1.3
-2.1817
2.58799
-1.3
1.0451
-0.0491
-0.0841447
-0.842111
0.0463669
-0.166957
0.743182
-0.185666
-0.582501
0.0242646
-0.743087
0.533142
-0.533238
-0.3304
2.0653
1.91144
-3
0.624527
0.278165
0.89543
0.437195
0.00723845
-1.3
-2.1817
2.58627
-1.3
1.0451
-0.0491
-0.0846636
-0.842106
0.0463591
-0.16692
0.743079
-0.185666
-0.582501
0.0242646
-0.74297
0.533024
-0.533133
-0.3304
2.0653
1.91153
-3
0.62468
0.278701
0.897147
0.439557
0.00814325
-1.3
-2.1817
2.58455
-1.3
1.0451
-0.0491
-0.0851825
-0.842101
0.0463512
-0.166883
0.742976
-0.185666
-0.582501
0.0242646
-0.742853
0.532905
-0.533028
-0.3304
2.0653
1.91162
-3
29.7579
18.8262
11.9791
18.6824
-100
27.5759
-36.0348
-47.7342
-53.2556
27.9882
29.6823
18.6956
11.8047
18.9296
-100
27.6649
-36.0795
-47.7535
-53.1961
28.0273
29.6084
18.5665
11.6302
19.1771
-100
27.7536
-36.124
-47.7725
-53.1361
28.0664
29.5361
18.4388
11.4559
19.4248
-100
27.842
-36.1683
-47.7913
-53.0755
28.1054
29.4655
18.3127
11.2816
19.6728
-100
27.9302
-36.2123
-47.81
-53.0143
28.1444
29.3965
18.188
11.1073
19.921
-100
28.018
-36.2561
-47.8284
-52.9525
28.1834
29.3292
18.0649
10.9332
20.1693
-100
28.1056
-36.2996
-47.8467
-52.8902
28.2223
29.2634
17.9433
10.7591
20.4179
-100
28.1929
-36.343
-47.8647
-52.8273
28.2612
29.1994
17.8231
10.5851
20.6666
-100
28.2799
-36.386
-47.8825
-52.7639
28.3001
-46.3698
-28.7529
4.81609
-0.348755
29.3071
-5.10417
7.01488
17.4479
37.7861
-7.9683
2.58341
56.3096
2.58341
0
31.2386
329.626
31.2386
196.639
0
0
36.0759
420.805
0
0
0
0
31.7717
329.641
31.7717
196.835
0
0
36.6512
420.773
0
0
0
0
32.3044
329.653
32.3044
197.029
0
0
37.2266
420.738
0
0
0
0
32.8368
329.661
32.8368
197.22
0
0
37.802
420.697
0
0
-2.22481e-16
0
33.3687
329.665
33.3687
197.408
0
0
38.3774
420.653
0
0
0
0
33.9002
329.666
33.9002
197.594
0
0
38.9528
420.605
0
0
0
0
34.4311
329.664
34.4311
197.777
0
0
39.5281
420.552
0
0
0
0
34.9616
329.657
34.9616
197.957
0
0
40.1035
420.495
0
0
0
5.26453e-15
35.4916
329.647
35.4916
198.135
0
0
40.6787
420.433
0
0
0
0
13.0287
0
13.0287
0
0
-4.24021e-15
-2.0122
-94.9876
