3.5
0.6233
0.273874
0.8817
0.4183
0
-1.3
-2.1817
2.6
-1.3
1.0451
-0.0491
-0.0805127
-0.842146
0.046422
-0.167217
0.743902
-0.185666
-0.582501
0.0242646
-0.743902
0.533972
-0.533972
-0.3304
2.0653
1.91081
-3
0.623453
0.274411
0.883416
0.420662
0.000904806
-1.3
-2.1817
2.59828
-1.3
1.0451
-0.0491
-0.0810316
-0.842141
0.0464141
-0.16718
0.7438
-0.185666
-0.582501
0.0242646
-0.743786
0.533853
-0.533867
-0.3304
2.0653
1.9109
-3
0.623607
0.274947
0.885133
0.423024
0.00180961
-1.3
-2.1817
2.59657
-1.3
1.0451
-0.0491
-0.0815504
-0.842136
0.0464062
-0.167142
0.743697
-0.185666
-0.582501
0.0242646
-0.743669
0.533735
-0.533762
-0.3304
2.0653
1.91099
-3
0.62376
0.275483
0.886849
0.425386
0.00271442
-1.3
-2.1817
2.59485
-1.3
1.0451
-0.0491
-0.0820693
-0.842131
0.0463984
-0.167105
0.743594
-0.185666
-0.582501
0.0242646
-0.743553
0.533616
-0.533657
-0.3304
2.0653
1.91108
-3
0.623913
0.276019
0.888565
0.427748
0.00361922
-1.3
-2.1817
2.59313
-1.3
1.0451
-0.0491
-0.0825882
-0.842126
0.0463905
-0.167068
0.743491
-0.185666
-0.582501
0.0242646
-0.743436
0.533498
-0.533552
-0.3304
2.0653
1.91117
-3
0.624067
0.276556
0.890281
0.43011
0.00452403
-1.3
-2.1817
2.59142
-1.3
1.0451
-0.0491
-0.083107
-0.842121
0.0463827
-0.167031
0.743388
-0.185666
-0.582501
0.0242646
-0.74332
0.533379
-0.533447
-0.3304
2.0653
1.91126
-3
0.62422
0.277092
0.891998
0.432472
0.00542883
-1.3
-2.1817
2.5897
-1.3
1.0451
-0.0491
-0.0836259
-0.842116
0.0463748
-0.166994
0.743285
-0.185666
-0.582501
0.0242646
-0.743203
0.533261
-0.533343
-0.3304
2.0653
1.91135
-3
0.624373
0.277628
0.893714
0.434833
0.00633364
-1.3
-2.1817
2.58799
-1.3
1.0451
-0.0491
-0.0841447
-0.842111
0.0463669
-0.166957
0.743182
-0.185666
-0.582501
0.0242646
-0.743087
0.533142
-0.533238
-0.3304
2.0653
1.91144
-3
0.624527
0.278165
0.89543
0.437195
0.00723845
-1.3
-2.1817
2.58627
-1.3
1.0451
-0.0491
-0.0846636
-0.842106
0.0463591
-0.16692
0.743079
-0.185666
-0.582501
0.0242646
-0.74297
0.533024
-0.533133
-0.3304
2.0653
1.91153
-3
0.62468
0.278701
0.897147
0.439557
0.00814325
-1.3
-2.1817
2.58455
-1.3
1.0451
-0.0491
-0.0851825
-0.842101
0.0463512
-0.166883
0.742976
-0.185666
-0.582501
0.0242646
-0.742853
0.532905
-0.533028
-0.3304
2.0653
1.91162
-3
-0.722108
-0.172181
8.98839
11.2698
-63.4745
14.5164
-18.7555
-21.4928
-16.3968
13.5806
-0.783388
-0.262331
8.89259
11.3848
-63.4361
14.5581
-18.7633
-21.4942
-16.3871
13.5922
-0.843788
-0.351708
8.7967
11.5
-63.397
14.5996
-18.7711
-21.4956
-16.377
13.6038
-0.903306
-0.44031
8.70075
11.6154
-63.357
14.6412
-18.7789
-21.497
-16.3665
13.6154
-0.96194
-0.528133
8.60473
11.7309
-63.3162
14.6826
-18.7866
-21.4982
-16.3557
13.6271
-1.01969
-0.615176
8.50863
11.8467
-63.2747
14.7239
-18.7943
-21.4994
-16.3445
13.6388
-1.07655
-0.701435
8.41248
11.9625
-63.2323
14.7651
-18.802
-21.5006
-16.333
13.6505
-1.13252
-0.78691
8.31626
12.0786
-63.1891
14.8063
-18.8095
-21.5017
-16.3211
13.6622
-1.1876
-0.871596
8.21998
12.1948
-63.1451
14.8473
-18.8171
-21.5027
-16.309
13.6739
-15.9899
-10.0922
7.10387
8.25654
-33.0757
8.37578
-10.5894
-8.94934
1.38098
6.68574
16.6459
55.4959
16.6459
10.7063
24.6423
171.594
24.6423
116.503
0
0
21.4334
212.535
0
0
0
0
24.8705
171.637
24.8705
116.597
0
0
21.6955
212.582
2.09093e-15
0
0
0
25.0988
171.679
25.0988
116.69
0
0
21.9578
212.626
0
0
0
0
25.3271
171.719
25.3271
116.782
0
0
22.2204
212.669
0
0
-1.77985e-15
0
25.5556
171.758
25.5556
116.873
0
0
22.4832
212.709
0
0
0
0
25.7842
171.794
25.7842
116.963
0
0
22.7463
212.747
0
0
0
0
26.0128
171.829
26.0128
117.052
0
0
23.0096
212.784
0
0
0
0
26.2415
171.863
26.2415
117.139
0
0
23.2731
212.818
0
0
0
0
26.4703
171.894
26.4703
117.226
0
1.38598e-14
23.5369
212.85
0
0
0
5.45266e-15
22.3516
95.7808
22.3516
78.5619
0
0
15.4412
112.528
