3.5
0.6233
0.273874
0.8817
0.4183
0
-1.3
-2.1817
2.6
-1.3
1.0451
-0.0491
-0.0805127
-0.842146
0.046422
-0.167217
0.743902
-0.185666
-0.582501
0.0242646
-0.743902
0.533972
-0.533972
-0.3304
2.0653
1.91081
-3
0.622335
0.277063
0.888691
0.406183
0
-1.29487
-2.1817
2.602
-1.3
1.0451
-0.0491
-0.0881025
-0.838236
0.0467149
-0.165257
0.740526
-0.185609
-0.581376
0.0264584
-0.743902
0.533972
-0.533972
-0.3304
2.0653
1.90886
-3
0.62137
0.280252
0.895682
0.394067
0
-1.28975
-2.1817
2.604
-1.3
1.0451
-0.0491
-0.0956923
-0.834326
0.0470078
-0.163296
0.73715
-0.185552
-0.58025
0.0286523
-0.743902
0.533972
-0.533972
-0.3304
2.0653
1.9069
-3
0.620405
0.28344
0.902673
0.38195
0
-1.28462
-2.1817
2.606
-1.3
1.0451
-0.0491
-0.103282
-0.830417
0.0473008
-0.161336
0.733774
-0.185495
-0.579125
0.0308461
-0.743902
0.533972
-0.533972
-0.3304
2.0653
1.90495
-3
0.61944
0.286629
0.909664
0.369833
0
-1.2795
-2.1817
2.608
-1.3
1.0451
-0.0491
-0.110872
-0.826507
0.0475937
-0.159376
0.730398
-0.185439
-0.578
0.0330399
-0.743902
0.533972
-0.533972
-0.3304
2.0653
1.903
-3
0.618475
0.289818
0.916655
0.357716
0
-1.27437
-2.1817
2.61
-1.3
1.0451
-0.0491
-0.118462
-0.822597
0.0478867
-0.157416
0.727022
-0.185382
-0.576874
0.0352337
-0.743902
0.533972
-0.533972
-0.3304
2.0653
1.90105
-3
0.61751
0.293006
0.923646
0.3456
0
-1.26925
-2.1817
2.612
-1.3
1.0451
-0.0491
-0.126051
-0.818687
0.0481796
-0.155456
0.723646
-0.185325
-0.575749
0.0374275
-0.743902
0.533972
-0.533972
-0.3304
2.0653
1.89909
-3
0.616545
0.296195
0.930637
0.333483
0
-1.26412
-2.1817
2.614
-1.3
1.0451
-0.0491
-0.133641
-0.814777
0.0484725
-0.153496
0.72027
-0.185268
-0.574623
0.0396213
-0.743902
0.533972
-0.533972
-0.3304
2.0653
1.89714
-3
0.61558
0.299383
0.937628
0.321366
0
-1.25899
-2.1817
2.616
-1.3
1.0451
-0.0491
-0.141231
-0.810867
0.0487655
-0.151536
0.716894
-0.185211
-0.573498
0.0418151
-0.743902
0.533972
-0.533972
-0.3304
2.0653
1.89519
-3
0.614615
0.302572
0.944619
0.309249
0
-1.25387
-2.1817
2.618
-1.3
1.0451
-0.0491
-0.148821
-0.806958
0.0490584
-0.149576
0.713518
-0.185154
-0.572373
0.0440089
-0.743902
0.533972
-0.533972
-0.3304
2.0653
1.89323
-3
3.61054
2.61079
9.44153
12.5014
-73.1982
16.5444
-21.3202
-25.4878
-22.1579
15.7995
3.71644
2.71416
9.52469
11.7245
-73.2663
16.2087
-20.9561
-25.2258
-22.0708
15.7214
3.82196
2.81695
9.60682
10.9543
-73.3219
15.8735
-20.5903
-24.9623
-21.9813
15.6434
3.92714
2.91914
9.68792
10.1912
-73.3649
15.5388
-20.2228
-24.6972
-21.8894
15.5655
4.03197
3.02074
9.76796
9.43506
-73.3955
15.2047
-19.8538
-24.4307
-21.7951
15.4878
4.13645
3.12172
9.84693
8.68617
-73.4137
14.8713
-19.4832
-24.1628
-21.6986
15.4103
4.24061
3.22209
9.9248
7.9446
-73.4196
14.5386
-19.1112
-23.8935
-21.5997
15.3329
4.34443
3.32183
10.0016
7.21048
-73.4131
14.2067
-18.7379
-23.623
-21.4986
15.2557
4.44792
3.42093
10.0772
6.48391
-73.3945
13.8756
-18.3634
-23.3513
-21.3952
15.1786
-17.3005
-10.8684
7.28638
3.93054
-26.3165
5.59302
-6.96167
-4.4364
6.24242
3.9972
14.4905
55.5379
14.4905
1.87386
25.5168
196.203
25.5168
129.081
0
0
23.6251
244.918
14.9881
55.6531
14.9881
2.18102
0
-2.30088e-14
0
0
0
0
24.1625
244.593
15.4811
55.7713
15.4811
2.4934
0
0
-4.24911e-15
0
0
0
24.6986
244.254
15.9695
55.8923
15.9695
2.81091
0
0
0
0
0
0
25.2334
243.899
16.4533
56.0162
16.4533
3.13344
0
0
0
-1.68759e-14
-3.98224e-14
0
25.7668
243.53
16.9321
56.1427
16.9321
3.46086
0
0
0
0
-3.55702e-14
0
26.2985
243.145
17.4061
56.2718
17.4061
3.79308
0
0
0
0
0
0
26.8286
242.746
17.8751
56.4035
17.8751
4.12998
0
0
0
0
-2.62448e-14
0
27.3567
242.332
18.339
56.5376
18.339
4.47143
0
0
0
0
0
0
27.8828
241.903
25.7718
56.1655
25.7718
46.7904
0
0
0
0
0
8.55317e-15
13.3786
84.5544
