3.5
0.6233
0.273874
0.8817
0.4183
0
-1.3
-2.1817
2.6
-1.3
1.0451
-0.0491
-0.0805127
-0.842146
0.046422
-0.167217
0.743902
-0.185666
-0.582501
0.0242646
-0.743902
0.533972
-0.533972
-0.3304
2.0653
1.91081
-3
0.622335
0.277063
0.888691
0.406183
0
-1.29487
-2.1817
2.602
-1.3
1.0451
-0.0491
-0.0881025
-0.838236
0.0467149
-0.165257
0.740526
-0.185609
-0.581376
0.0264584
-0.743902
0.533972
-0.533972
-0.3304
2.0653
1.90886
-3
0.62137
0.280252
0.895682
0.394067
0
-1.28975
-2.1817
2.604
-1.3
1.0451
-0.0491
-0.0956923
-0.834326
0.0470078
-0.163296
0.73715
-0.185552
-0.58025
0.0286523
-0.743902
0.533972
-0.533972
-0.3304
2.0653
1.9069
-3
0.620405
0.28344
0.902673
0.38195
0
-1.28462
-2.1817
2.606
-1.3
1.0451
-0.0491
-0.103282
-0.830417
0.0473008
-0.161336
0.733774
-0.185495
-0.579125
0.0308461
-0.743902
0.533972
-0.533972
-0.3304
2.0653
1.90495
-3
0.61944
0.286629
0.909664
0.369833
0
-1.2795
-2.1817
2.608
-1.3
1.0451
-0.0491
-0.110872
-0.826507
0.0475937
-0.159376
0.730398
-0.185439
-0.578
0.0330399
-0.743902
0.533972
-0.533972
-0.3304
2.0653
1.903
-3
0.618475
0.289818
0.916655
0.357716
0
-1.27437
-2.1817
2.61
-1.3
1.0451
-0.0491
-0.118462
-0.822597
0.0478867
-0.157416
0.727022
-0.185382
-0.576874
0.0352337
-0.743902
0.533972
-0.533972
-0.3304
2.0653
1.90105
-3
0.61751
0.293006
0.923646
0.3456
0
-1.26925
-2.1817
2.612
-1.3
1.0451
-0.0491
-0.126051
-0.818687
0.0481796
-0.155456
0.723646
-0.185325
-0.575749
0.0374275
-0.743902
0.533972
-0.533972
-0.3304
2.0653
1.89909
-3
0.616545
0.296195
0.930637
0.333483
0
-1.26412
-2.1817
2.614
-1.3
1.0451
-0.0491
-0.133641
-0.814777
0.0484725
-0.153496
0.72027
-0.185268
-0.574623
0.0396213
-0.743902
0.533972
-0.533972
-0.3304
2.0653
1.89714
-3
0.61558
0.299383
0.937628
0.321366
0
-1.25899
-2.1817
2.616
-1.3
1.0451
-0.0491
-0.141231
-0.810867
0.0487655
-0.151536
0.716894
-0.185211
-0.573498
0.0418151
-0.743902
0.533972
-0.533972
-0.3304
2.0653
1.89519
-3
0.614615
0.302572
0.944619
0.309249
0
-1.25387
-2.1817
2.618
-1.3
1.0451
-0.0491
-0.148821
-0.806958
0.0490584
-0.149576
0.713518
-0.185154
-0.572373
0.0440089
-0.743902
0.533972
-0.533972
-0.3304
2.0653
1.89323
-3
-1.05298
-0.356778
8.97162
11.2616
-63.0666
14.4346
-18.6319
-21.3224
-16.1769
13.4935
-0.909936
-0.242681
9.04052
10.586
-63.1921
14.1563
-18.3186
-21.1028
-16.1322
13.4208
-0.767546
-0.129136
9.10874
9.91528
-63.307
13.878
-18.0033
-20.8815
-16.0854
13.3482
-0.625802
-0.016147
9.17627
9.24941
-63.4115
13.5996
-17.6862
-20.6587
-16.0364
13.2758
-0.484698
0.0962794
9.24309
8.58854
-63.5056
13.3214
-17.3673
-20.4343
-15.9853
13.2035
-0.344227
0.208138
9.30918
7.9328
-63.5892
13.0432
-17.0467
-20.2085
-15.932
13.1314
-0.204382
0.319422
9.37454
7.28228
-63.6624
12.7652
-16.7244
-19.9812
-15.8768
13.0595
-0.0651601
0.430126
9.43914
6.6371
-63.7253
12.4875
-16.4005
-19.7524
-15.8194
12.9877
0.0734447
0.540243
9.50296
5.99737
-63.7778
12.2101
-16.0751
-19.5223
-15.7601
12.916
-12.9539
-7.99083
7.88165
4.33359
-35.9118
7.21736
-9.20782
-8.23382
0.634137
6.26059
16.7513
55.5373
16.7513
11.0889
24.5551
170.639
24.5551
116.08
0
0
21.3141
211.246
17.1466
55.632
17.1466
11.3097
0
0
0
0
0
0
21.7667
211.113
17.539
55.7297
17.539
11.5353
0
0
0
0
0
0
22.2193
210.968
17.9284
55.8303
17.9284
11.7658
0
0
0
0
0
-1.37574e-14
22.6719
210.812
18.3147
55.9337
18.3147
12.001
0
0
0
0
0
0
23.1243
210.643
18.6979
56.0399
18.6979
12.2409
0
0
0
0
0
0
23.5763
210.463
19.0779
56.1489
19.0779
12.4853
0
0
-2.67644e-15
0
0
0
24.028
210.272
19.4545
56.2604
19.4545
12.7342
0
0
0
0
0
0
24.4791
210.068
19.8278
56.3746
19.8278
12.9875
0
0
0
0
0
0
24.9296
209.853
24.3981
56.3784
24.3981
38.3512
0
0
0
0
0
-8.55317e-15
16.4449
116.571
