3.5
0.6233
0.273874
0.8817
0.4183
0
-1.3
-2.1817
2.6
-1.3
1.0451
-0.0491
-0.0805127
-0.842146
0.046422
-0.167217
0.743902
-0.185666
-0.582501
0.0242646
-0.743902
0.533972
-0.533972
-0.3304
2.0653
1.91081
-3
0.621883
0.278202
0.87475
0.413578
0.00932264
-1.29765
-2.17435
2.58591
-1.28631
1.01783
-0.0672011
-0.138686
-0.754536
0.041264
-0.148637
0.661247
-0.165037
-0.517779
0.0215685
-0.661247
0.474641
-0.474641
-0.293689
1.83582
1.6985
-2.66667
0.620467
0.282531
0.867801
0.408857
0.0186453
-1.2953
-2.16701
2.57182
-1.27261
0.990551
-0.0853023
-0.19686
-0.666925
0.036106
-0.130057
0.578591
-0.144407
-0.453056
0.0188724
-0.578591
0.415311
-0.415311
-0.256978
1.60634
1.48618
-2.33333
0.61905
0.286859
0.860851
0.404135
0.0279679
-1.29295
-2.15966
2.55773
-1.25892
0.963277
-0.103403
-0.255034
-0.579315
0.030948
-0.111478
0.495935
-0.123777
-0.388334
0.0161763
-0.495935
0.355981
-0.355981
-0.220267
1.37687
1.27387
-2
0.617634
0.291187
0.853902
0.399414
0.0372906
-1.29061
-2.15231
2.54364
-1.24523
0.936003
-0.121505
-0.313208
-0.491704
0.02579
-0.0928981
0.413279
-0.103148
-0.323611
0.0134802
-0.413279
0.296651
-0.296651
-0.183556
1.14739
1.06156
-1.66667
0.616217
0.295515
0.846952
0.394692
0.0466132
-1.28826
-2.14497
2.52955
-1.23154
0.908728
-0.139606
-0.371381
-0.404094
0.020632
-0.0743185
0.330623
-0.0825184
-0.258889
0.0107842
-0.330623
0.237321
-0.237321
-0.146845
0.917912
0.849248
-1.33333
0.614801
0.299843
0.840003
0.389971
0.0559358
-1.28591
-2.13762
2.51546
-1.21784
0.881454
-0.157707
-0.429555
-0.316484
0.015474
-0.0557389
0.247967
-0.0618888
-0.194167
0.00808806
-0.247967
0.177991
-0.177991
-0.110134
0.688434
0.636936
-1
0.613384
0.304171
0.833053
0.385249
0.0652585
-1.28356
-2.13027
2.50137
-1.20415
0.85418
-0.175808
-0.487729
-0.228873
0.010316
-0.0371593
0.165312
-0.0412593
-0.129444
0.00539196
-0.165312
0.11866
-0.11866
-0.0734228
0.458957
0.424624
-0.666666
0.611968
0.3085
0.826103
0.380527
0.0745811
-1.28121
-2.12293
2.48728
-1.19046
0.826905
-0.193909
-0.545903
-0.141263
0.00515799
-0.0185796
0.0826558
-0.0206297
-0.0647219
0.00269586
-0.0826558
0.0593302
-0.0593302
-0.0367117
0.229479
0.212312
-0.333333
0.610551
0.312828
0.819154
0.375806
0.0839038
-1.27886
-2.11558
2.47319
-1.17677
0.799631
-0.21201
-0.604076
-0.0536525
-1.32357e-09
-1.38328e-08
-5.7199e-08
-1.355e-07
4.2431e-07
-2.31612e-07
2.47654e-08
4.47165e-08
-1.22832e-08
-7.06727e-07
1.23609e-06
-3.43042e-07
5.68989e-07
-0.144249
0.194107
9.03144
11.3693
-64.6044
14.7578
-19.2621
-22.0287
-17.12
13.9283
0.344268
0.283305
8.96496
11.99
-63.2921
14.6227
-20.7608
-23.1882
-15.5558
12.2528
0.774144
0.331041
8.87232
12.5343
-61.8967
14.4474
-22.1151
-24.1682
-14.0409
10.4918
1.13751
0.334992
8.75555
13.001
-60.4158
14.2323
-23.3132
-24.9591
-12.5854
8.65496
1.42522
0.29205
8.61681
13.3886
-58.8475
13.9781
-24.3434
-25.5517
-11.1971
6.75443
1.62677
0.198282
8.45838
13.696
-57.1902
13.6852
-25.194
-25.9372
-9.88174
4.80543
1.73029
0.0488851
8.28267
13.9217
-55.4424
13.354
-25.8528
-26.1071
-8.64277
2.82616
1.72253
-0.161855
8.09222
14.0644
-53.6035
12.9849
-26.3077
-26.0535
-7.48117
0.837772
1.58881
-0.440596
7.88964
14.1226
-51.673
12.5781
-26.5461
-25.7688
-6.39525
-1.13561
0.692882
-1.17097
7.60801
13.8478
-48.7836
11.8942
-25.4893
-24.4116
-4.92835
-3.20534
16.366
55.3607
16.366
9.4992
24.7534
174.452
24.7534
117.89
0
1.49536e-14
21.6792
216.322
16.3733
54.8772
16.3733
9.5815
24.7267
172.682
24.7267
116.975
0
0
22.6919
214.026
16.2932
54.3532
16.2932
9.70274
24.5808
170.638
24.5808
115.886
0
0
23.3916
211.467
16.1385
53.7954
16.1385
9.87629
24.3249
168.307
24.3249
114.62
0
0
23.7875
208.605
15.9223
53.212
15.9223
10.1175
23.9682
165.676
23.9682
113.173
0
0
23.8902
205.402
15.6586
52.6128
15.6586
10.4436
23.5197
162.734
23.5197
111.544
0
0
23.7121
201.82
15.3619
52.0098
15.3619
10.8742
22.9886
159.468
22.9886
109.731
0
0
23.2674
197.82
15.047
51.4163
15.047
11.4306
22.3836
155.866
22.3836
107.734
0
0
22.5729
193.364
14.7292
50.8479
14.7292
12.1365
21.7134
151.917
21.7134
105.553
0
0
21.6479
188.416
14.5057
50.4084
14.5057
13.9942
20.7004
145.131
20.7004
101.929
0
0
20.0729
179.599
