0.25
0.612272
0.313077
0.87783
0.296863
0.125307
-1.3
-2.11804
2.39842
-1.19569
0.819238
-0.242314
-0.308688
-0.639065
-5.02924
0.486856
1.596
-1.38581
-1.06134
0.211784
-1.03791
0.625685
-0.534677
1.48493
3.24767
1.7078
-2.99264
0.602935
0.344276
0.992175
0.153718
0.0827089
-1.2286
-2.1817
2.38074
-1.2103
1.04325
0
-0.330447
-0.724799
-4.32312
0.438489
0.912647
-0.53243
-0.588773
0.179037
-0.777722
0.391102
-0.404701
0.327391
2.34384
1.50836
-2.37701
0.601234
0.348655
0.99689
0.163097
0.0401111
-1.2001
-2.1817
2.36307
-1.18724
1.047
0
-0.352205
-0.683632
-3.66417
0.365901
0.544474
-0.0850592
-0.45674
0.0380082
-0.531996
0.37322
-0.320456
-0.0107336
1.48198
1.31055
-1.95482
0.600811
0.348685
0.986327
0.180875
0.0252094
-1.19241
-2.1817
2.35956
-1.16419
1.047
0
-0.375976
-0.611489
-3.04516
0.307778
0.427785
-0.0660883
-0.397222
0.0353985
-0.455986
0.318199
-0.207241
-0.202049
1.26711
1.07115
-1.64828
0.60016
0.349563
0.970742
0.198652
0.0176444
-1.18704
-2.1817
2.35606
-1.1451
1.047
-2.65575e-11
-0.413958
-0.539346
-2.44551
0.216153
0.33844
-0.0471175
-0.318193
0.026777
-0.379976
0.263564
-0.222114
-0.16829
1.05578
0.875729
-1.30234
0.599551
0.35047
0.955099
0.21643
0.0101362
-1.18167
-2.1817
2.35256
-1.12601
1.047
0
-0.465413
-0.452376
-1.85902
0.100332
0.262282
-0.0281467
-0.258674
0.0242977
-0.303966
0.208955
-0.167198
-0.134531
0.792701
0.644807
-0.995771
0.599051
0.351194
0.939457
0.234207
0.00326276
-1.17693
-2.1817
2.34905
-1.10681
1.047
-0.018807
-0.516868
-0.364041
-1.29158
-0.0546999
0.17919
-0.00917582
-0.183305
0.0133041
-0.227637
0.154355
-0.112576
-0.244016
0.462453
0.449154
-0.684743
0.598546
0.351918
0.92119
0.251985
0.00163138
-1.17481
-2.1817
2.34555
-1.08504
0.983721
0
-0.577776
-0.275706
-0.739949
-0.258986
0.0790003
0.0353377
-0.123786
0.0107879
-0.151816
0.0762549
-0.00369962
-0.48407
-0.225262
0.227874
-0.378034
0.595394
0.355084
0.893762
0.279518
0
-1.20127
-2.1817
2.3334
-1.04546
0.827424
-0.242425
-0.638684
-0.16065
-0.106623
-0.582498
-0.337862
0.775468
-0.0595508
-0.149986
-0.0758063
-0.112664
0.193126
-1.0859
-1.03698
0.0272318
0.00526401
0.536871
0.35901
0.738531
0.280744
0
-1.3
-2.1817
2.25241
-0.951804
0.433178
-0.708304
-0.699592
-0.0455939
0.24398
-0.779931
-0.608999
1.28792
0.185828
-0.26605
-0.155377
-0.219388
0.25024
-1.57257
-1.61797
-0.170482
0.314536
2.02036
0.0423441
8.13602
13.4372
-58.8389
14.2702
6.8823
-0.736263
-9.36107
11.8911
2.73785
0.26857
7.61643
14.9682
-58.3771
14.2728
10.8152
1.85994
-10.2473
12.7104
0.290878
-0.502979
7.74629
14.8845
-57.3131
13.981
13.0758
3.15517
-11.2563
11.0645
-0.155986
-0.767786
7.47357
14.6126
-57.5806
13.186
16.2593
5.65411
-11.3792
8.68615
-0.82495
-0.84564
7.67932
14.872
-56.1476
12.8771
15.0369
4.26168
-11.1221
7.28689
-1.07302
-1.13205
7.33334
15.1313
-55.5251
12.6155
16.1343
5.5776
-10.6433
4.85244
-1.54334
-1.05862
7.50011
15.2078
-54.0251
12.1246
13.6545
3.48953
-9.47078
3.657
-1.40644
-1.2416
7.07331
15.4326
-52.7295
11.8852
13.5628
3.83825
-8.82617
1.34212
-0.921539
-0.67152
7.60164
16.5439
-49.8979
11.7435
8.73109
0.392491
-6.3462
0.618836
-8.0617
-4.56763
7.06974
19.2278
-49.9635
11.1695
16.8054
4.94022
-3.99899
-1.42273
11.9535
53.5301
11.9536
9.36735
25.4035
169.405
25.4036
115.118
0
0
20.1395
211.286
11.6906
52.9836
11.8444
8.55735
25.0287
168.161
24.6895
114.489
0
0
20.6981
210.048
11.8184
53.4297
11.8852
8.99487
23.292
167.168
23.2919
114.655
0
0
21.718
207.364
11.7495
53.1237
11.9092
9.63773
21.952
165.577
22.2857
113.685
0
0
21.3747
205.629
11.8919
53.487
11.9487
10.4554
21.0382
164.036
21.0382
113.251
0
0
21.7093
202.722
11.6894
52.7527
11.8403
10.6452
20.0285
161.916
19.7055
112.157
0
0
20.9119
200.722
11.7
52.6581
11.7662
11.0569
19.0151
159.603
19.0151
111.282
0
0
20.2955
197.139
11.3682
51.2069
11.499
10.8821
17.7843
156.229
18.0925
108.876
0
0
19.0798
193.788
11.9493
52.9717
11.9707
13.6278
23.2223
152.502
23.2222
106.822
0
0
23.8424
189.342
2.5859
58.6543
2.71293
18.5601
-1.56686
161.266
-1.27931
117.62
0
0
-1.93379
198.182
