0.25
0.618768
0.288801
0.805706
0.446286
0.0480125
-1.3
-2.10561
2.55195
-1.25218
0.988894
-0.393196
-0.293097
-0.501889
-0.0262691
-0.0126515
0.651352
-0.19717
-0.571643
0.0232584
-0.691969
0.52596
-0.532248
-0.340633
1.98842
1.88546
-2.92443
0.619992
0.285039
0.8228
0.442063
0.0344439
-1.29931
-2.12265
2.56426
-1.26469
0.977119
-0.340271
-0.242928
-0.58096
0.0072297
-0.118208
0.615389
-0.146021
-0.48847
0.0457657
-0.608926
0.443181
-0.450451
-0.42391
1.90529
1.8061
-2.84656
0.621014
0.281755
0.83791
0.438007
0.0229175
-1.29883
-2.13751
2.57504
-1.27634
0.963039
-0.28966
-0.194976
-0.657871
0.0380377
-0.216686
0.573668
-0.10501
-0.405595
-0.0135318
-0.525994
0.388117
-0.367559
-0.506858
1.82201
1.72626
-2.76877
0.622053
0.278256
0.851864
0.434627
0.0129995
-1.29949
-2.15154
2.58582
-1.28655
0.946656
-0.241362
-0.148356
-0.73123
0.0658346
-0.286258
0.502376
-0.121693
-0.322545
-0.0236338
-0.443166
0.33389
-0.285712
-0.589784
1.73874
1.67831
-2.69454
0.622853
0.275569
0.863698
0.430352
0.00635397
-1.3
-2.1636
2.59453
-1.29448
0.927961
-0.195368
-0.101499
-0.802921
0.0886262
-0.369137
0.425995
-0.153896
-0.239239
-0.014609
-0.361611
0.250568
-0.202513
-0.673033
1.65577
1.68762
-2.64391
0.623497
0.273618
0.873262
0.426077
0.00202151
-1.3
-2.17316
2.60034
-1.29896
0.906952
-0.151675
-0.0533754
-0.874174
0.113272
-0.493669
0.344333
-0.103497
-0.155969
1.06533e-15
-0.278554
0.189059
-0.119946
-0.756334
1.57295
1.73247
-2.56646
0.624554
0.271567
0.880553
0.424044
0
-1.3
-2.17858
2.6051
-1.3
0.883631
-0.110296
-0.0043427
-0.943167
0.13444
-0.626534
0.262449
-0.0201966
-0.0727745
0.0590372
-0.195235
0.171146
-0.0375002
-0.839566
1.48965
1.78711
-2.48375
0.625918
0.269429
0.885678
0.423483
0
-1.29872
-2.1817
2.60975
-1.3
0.857996
-0.0712182
0.0454869
-1.01003
0.153894
-0.76689
0.184525
0.0625873
0.0105256
0.0460942
-0.112279
0.166127
0.0452985
-0.922856
1.40643
1.83557
-2.40721
0.627983
0.266884
0.889073
0.425222
0.000589672
-1.29744
-2.1817
2.61406
-1.29874
0.830053
-0.0344577
0.096475
-1.07461
0.167529
-0.918497
0.122191
0.145897
0.0937592
-0.0298217
-0.0290256
0.145973
0.128283
-1.00594
1.32338
1.84813
-2.32466
0.630694
0.253884
0.892657
0.431589
0.00550605
-1.3
-2.18041
2.618
-1.29291
0.801981
0
0.147812
-1.13693
0.189985
-1.04606
0.127785
0.229222
0.17699
-0.0921883
0.0540702
0.148569
0.210096
-1.01059
1.24048
1.81739
-2.24367
-1.04488
0.713432
8.05471
11.6801
-34.4087
12.1445
3.43749
-1.52743
-2.04707
8.25267
2.59764
1.7741
6.63599
11.6996
-32.2667
12.2379
3.92993
-0.792858
-11.4738
2.02514
2.96793
1.38549
5.27611
10.796
-37.3171
13.2749
4.00377
-1.29221
-8.83574
8.81591
6.99563
1.99898
1.9316
5.3871
-34.2302
11.9334
6.08227
-0.47352
-34.7724
2.47174
8.8567
2.93655
0.955997
8.85821
-37.4867
13.0446
1.97634
-2.03603
-8.88013
9.68204
13.3238
5.09441
1.21791
7.95179
-34.7838
12.5729
0.581685
-2.50744
-12.0905
5.91707
11.6597
4.05461
0.914404
7.91248
-33.478
12.5316
0.881014
-2.43977
-12.5509
8.08499
12.1069
4.2676
0.40145
8.02187
-30.064
11.7576
-0.13349
-2.70252
-12.7754
5.8221
10.9931
3.53757
0.370348
6.5762
-27.6114
10.1061
0.205521
-2.36748
-14.1412
5.66452
11.7764
2.63726
1.20367
16.4495
-24.7
11.6164
-37.4938
-27.9105
-0.569629
13.2795
8.66352
49.3217
8.59909
0
16.0301
118.014
16.7937
55.6464
0
0
26.0696
136.685
7.29902
41.5771
7.25297
5.09963e-18
10.2351
117.543
11.0762
45.9358
0
0
7.75103
123.494
6.20067
35.6565
6.27909
-9.45059e-14
12.0814
131.206
13.9162
55.8454
0
0
24.1105
167.277
2.51209
14.2677
2.48162
2.1684e-19
5.60611
124.264
5.52039
44.7448
0
0
0.686713
267.452
1.08025
8.31647
1.83006
0.0352579
6.72169
130.858
9.52075
46.2295
0
0
17.2661
151.642
1.38565
5.92958
0.748125
0.166916
2.42356
126.657
3.69726
37.5911
0
0
3.05318
133.745
1.69739
5.86111
1.33892
3.03158
2.75064
125.354
3.64435
37.0077
0
0
8.8572
142.358
1.16985
3.91899
-0.0393791
1.02668
2.92417
115.016
3.41425
31.1699
0
0
1.46753
121.259
0.0180186
5.54763
-0.0180186
3.16159
2.33151
102.753
0.648797
28.9825
0
0
4.38124
116.272
-3.11654
19.0086
-3.51436
7.78205
20.7204
96.6201
24.7215
51.0603
24.422
71.2534
18.8755
98.1805
