0.25
0.620898
0.28669
0.80902
0.448555
0.047096
-1.29603
-2.10118
2.55565
-1.26059
1.047
-0.364253
-0.284236
-0.509349
-0.41029
0.849415
0.407233
-0.171969
-0.572072
0.0179666
-0.719255
0.530713
-0.517947
-0.300985
1.8686
1.86074
-2.71937
0.620435
0.284082
0.820678
0.445844
0.0335012
-1.29784
-2.11886
2.56814
-1.27267
1.03864
-0.31466
-0.240067
-0.582825
-0.375002
0.721507
0.376932
-0.0976001
-0.489413
-0.0651749
-0.636291
0.449612
-0.43474
-0.341367
1.78533
1.78289
-2.64513
0.621265
0.2809
0.833988
0.443668
0.02218
-1.29984
-2.13287
2.57843
-1.28245
1.02916
-0.267378
-0.195649
-0.653991
-0.3322
0.603886
0.353899
-0.0783204
-0.407564
-0.0718463
-0.553316
0.367888
-0.352136
-0.378342
1.70216
1.70001
-2.56198
0.622374
0.277349
0.846721
0.440993
0.0131722
-1.3
-2.14592
2.58865
-1.29005
1.01865
-0.222406
-0.150731
-0.722863
-0.291134
0.47091
0.303745
-0.137666
-0.32428
0.00343534
-0.470071
0.28828
-0.273695
-0.453604
1.61901
1.61703
-2.47939
0.622915
0.275431
0.856988
0.437169
0.00647724
-1.2999
-2.15667
2.59501
-1.29536
1.00605
-0.179747
-0.108095
-0.789447
-0.248097
0.334929
0.245247
-0.173799
-0.241019
0.0286002
-0.386961
0.209157
-0.19063
-0.507529
1.53573
1.53492
-2.397
0.623135
0.274281
0.864843
0.433406
0.00209335
-1.3
-2.16514
2.5987
-1.2984
0.991949
-0.139396
-0.0654281
-0.853303
-0.199202
0.207524
0.196033
-0.129652
-0.15782
-0.0143287
-0.30488
0.132734
-0.109417
-0.530581
1.45263
1.46008
-2.31421
0.623278
0.273786
0.870288
0.429805
0
-1.3
-2.17131
2.60028
-1.29926
0.977211
-0.101344
-0.0248702
-0.912096
-0.145943
0.116835
0.183153
-0.129333
-0.0753606
-4.1359e-25
-0.222146
0.0557607
-0.0266945
-0.574627
1.36984
1.3801
-2.23608
0.623258
0.273722
0.874709
0.425595
0
-1.3
-2.1752
2.60049
-1.3
0.961249
-0.0657878
0.0134659
-0.972616
-0.0967297
0.0288944
0.185353
-0.151553
0.000808114
0.0381743
-0.139827
0.00736112
0.0120747
-0.599633
1.28681
1.32612
-2.17874
0.623364
0.27373
0.878769
0.421399
2.24476e-05
-1.29987
-2.17908
2.60069
-1.29981
0.944593
-0.032309
0.0503025
-1.01832
-0.0326524
-0.0392139
0.14616
-0.094572
0.0274205
-0.00480792
-0.0943309
0.0377952
0.00782661
-0.626312
1.20524
1.2553
-2.10585
0.623787
0.27264
0.881676
0.41971
0.000574484
-1.3
-2.1817
2.6029
-1.29961
0.927195
0
0.0850789
-1.07606
0.0152281
-0.0397322
0.104665
-0.0601324
0.0198733
-0.044394
-0.0916773
0.0793705
0.00752208
-0.667183
1.16312
1.21246
-2.07865
-0.85519
-0.646907
3.91248
12.3876
-21.1698
11.2606
1.21229
-2.33454
-16.5009
-0.212351
-11.6527
-2.8352
12.2975
9.47756
-18.883
7.17383
7.9743
1.7628
-4.95258
5.96106
-4.95943
-1.76575
4.73036
20.3066
-33.3967
16.5207
3.38487
-1.37428
-1.48978
8.93796
-1.99372
-0.577048
2.43939
8.37919
-19.8983
6.92384
0.794523
-1.92235
-6.84861
6.32429
-5.29329
-1.51972
5.78309
22.7612
-30.2717
19.7097
4.66651
-0.624854
-2.47224
9.54923
-7.93295
-1.19395
10.4926
7.71827
-18.4826
6.93302
5.59994
0.551484
-3.27854
10.9309
-21.518
-6.40567
14.5523
20.8058
-26.94
19.0144
9.43592
1.30861
1.32907
22.6417
-10.839
-2.57484
10.7311
7.74311
-18.2318
6.59745
8.49975
2.27094
-2.47285
12.7743
-26.4719
-10.0628
15.0441
12.4415
-26.3096
17.4597
10.0422
0.667271
6.00785
43.2623
-23.2627
-13.5176
6.06508
-5.47987
1.50099
4.28403
17.2109
5.89577
-58.0384
20.4408
2.53056
29.4664
8.59467
5.18911
19.3324
90.0006
21.1233
36.6623
0
1.49536e-14
8.55192
148.587
20.1113
79.8593
3.63733
1.17191
-9.60524
64.4432
40.3299
41.0458
0
0
15.4599
110.291
6.04372
32.6866
5.43432
1.82827
55.8923
132.44
4.47499
57.2462
0
0
25.1653
111.919
4.32684
16.3402
1.15007
0.0332064
10.3211
62.9453
20.5007
39.5339
0
0
15.7186
107.668
4.84218
39.4684
8.96202
0
33.0554
145.814
27.853
41.7624
0
0
24.7314
107.682
15.1538
65.5604
7.77279
0
19.3355
61.8048
11.0757
37.4752
0
0
21.8408
111.754
17.3367
93.4495
15.6371
0.845779
26.851
140.803
31.1453
41.5449
0
0
45.5394
176.618
8.88368
68.8161
11.5356
0.105916
10.9093
62.6297
14.408
37.5986
0
0
19.5745
111.348
16.8836
105.255
20.9226
8.00176
23.8439
138.475
28.8089
43.0442
0
-6.64717e-15
84.534
278.745
4.94772
67.5219
-3.86298
22.7445
3.33005
35.9585
-2.92406
0.502683
0
0
0.636241
428.825
