0.25
0.61987
0.286321
0.808643
0.44933
0.0447029
-1.3
-2.10564
2.55672
-1.25908
1.03239
-0.367693
-0.281713
-0.52322
-0.206899
-0.00892576
0.615923
-0.181701
-0.557717
0.0245662
-0.7016
0.525339
-0.518941
-0.332719
1.88026
1.86034
-2.69998
0.620409
0.283689
0.823454
0.445044
0.0315168
-1.3
-2.12283
2.56906
-1.27134
1.02252
-0.317766
-0.232291
-0.596009
-0.192781
0.0665978
0.533207
-0.143782
-0.474699
-0.000146648
-0.618709
0.444278
-0.441454
-0.355153
1.7974
1.77917
-2.6204
0.621427
0.28036
0.838251
0.44105
0.020624
-1.29993
-2.13777
2.57963
-1.28136
1.01202
-0.270151
-0.187966
-0.667392
-0.159803
0.132451
0.450657
-0.106512
-0.392143
0.026351
-0.537696
0.364129
-0.360715
-0.378173
1.71414
1.71832
-2.56978
0.622479
0.277101
0.85077
0.438091
0.0120314
-1.3
-2.1504
2.58956
-1.28954
0.999223
-0.224836
-0.143049
-0.736584
-0.124372
0.171319
0.368266
-0.1519
-0.309331
-0.00293413
-0.454895
0.290211
-0.29038
-0.460543
1.63131
1.63731
-2.49092
0.622959
0.275286
0.860999
0.433872
0.00571325
-1.3
-2.16081
2.5954
-1.2953
0.985378
-0.181808
-0.0992608
-0.804187
-0.10401
0.150296
0.286054
-0.152183
-0.227454
-4.2281e-15
-0.374578
0.207074
-0.207494
-0.498416
1.54902
1.57637
-2.44485
0.623232
0.274193
0.868945
0.429644
0.00170654
-1.3
-2.1689
2.59893
-1.29881
0.971818
-0.14109
-0.0554858
-0.86929
-0.0803632
0.0731645
0.203226
-0.152575
-0.144242
0.000526858
-0.291266
0.124843
-0.126271
-0.488185
1.46583
1.49731
-2.36278
0.623294
0.273843
0.87459
0.425452
0
-1.3
-2.17468
2.6001
-1.3
0.958257
-0.102656
-0.013894
-0.929546
-0.0541523
0.0158846
0.142013
-0.150862
-0.0614354
0.000420171
-0.208251
0.0423625
-0.0429698
-0.508601
1.38364
1.41582
-2.28266
0.623298
0.273882
0.878212
0.421776
0
-1.29999
-2.17821
2.59998
-1.29999
0.944129
-0.0665887
0.0254343
-0.984851
-0.0181696
0.00305243
0.082941
-0.0803173
1.04517e-14
0.0128704
-0.126914
-0.00446488
0.0120907
-0.573911
1.30087
1.34676
-2.21852
0.623294
0.273897
0.88033
0.419633
0
-1.29996
-2.18033
2.59993
-1.29993
0.928187
-0.0327018
0.0628443
-1.03603
0.00119336
-0.00855544
0.0702197
-0.0665275
0.00790474
-0.00730831
-0.0763743
-0.00193301
0.00363759
-0.6526
1.21993
1.26491
-2.13703
0.623393
0.273705
0.882991
0.417348
0
-1.3
-2.1817
2.6001
-1.3
0.910059
0
0.0979806
-1.09471
0.00472541
-0.00694049
0.0999382
-0.0839248
-0.00382531
0.000518749
-0.0687642
0.006409
-0.0189844
-0.693798
1.17727
1.22991
-2.11252
-20.6384
-18.6061
-5.68023
33.3991
-33.6918
35.963
15.44
2.68532
-50.528
-3.72011
-4.33046
-4.95913
5.41373
3.52676
-29.1367
15.2183
17.8694
4.88369
-57.5209
-1.31752
-5.97175
-6.85466
2.20729
24.3114
-77.738
24.4434
14.5753
2.2517
-3.79011
23.4118
6.52306
0.0687172
0.223183
5.15521
-33.2759
15.5781
8.7798
0.505491
-49.6794
1.9039
-6.08507
-3.779
6.09841
23.2271
-32.104
25.9767
10.9737
2.0041
-20.0324
10.6012
1.64366
-0.538503
-0.200937
-1.46451
-17.1376
5.10218
6.37373
0.551153
-29.7994
8.33504
-8.0363
-5.66427
6.43288
8.46067
-49.4791
12.6064
11.8277
2.0685
-2.44594
31.7893
12.5537
2.65197
0.747329
20.0492
-56.2924
22.5026
8.00122
0.147257
-27.3441
7.33847
-13.7865
-9.7269
4.72088
21.3019
-39.043
25.4895
12.8224
3.11073
-7.2693
24.9028
24.3043
7.26568
0.0586144
14.3348
-84.9174
23.9408
17.2757
5.91796
-17.8039
8.77572
-11.0868
17.9707
-9.66749
50.9736
29.0376
257.853
32.3945
19.1302
0
0
0.0499577
419.868
-11.1772
61.763
-11.1518
2.03409
-0.473035
144.473
1.75482
27.2976
0
0
0.00963134
451.267
-9.49661
45.0428
-9.41107
8.97911
37.8392
245.772
41.7098
136.081
0
0
55.6455
291.285
-2.78131
14.0772
-2.82068
1.9285
-3.13348
150.088
3.13348
29.1032
0
0
0.000600053
357.297
-4.70903
55.6098
-5.26826
3.53985e-05
9.93626
194.911
30.8136
20.5785
0
0
21.0459
227.331
-0.175613
6.05951
-1.94581
0.00169985
-0.0388031
60.1776
0.0388031
22.1531
0
0
10.5928
240.771
-11.4103
67.1967
-10.7816
1.0161e-16
15.681
144.504
19.1178
86.6379
0
0
58.7421
265.838
-3.97272
15.232
-1.73366
1.07193
22.988
210.043
19.2246
76.6453
0
0
5.35983
215.046
-19.0882
62.6119
-4.72389
5.42253
-13.0943
211.74
33.6648
30.1953
0
0
35.6919
223.498
-1.21707
3.4771
0.0789617
0.663276
17.349
273.56
-15.6111
101.87
0
7.34191e-15
1.60174
176.007
