3.5
0.6233
0.273874
0.8817
0.4183
0
-1.3
-2.1817
2.6
-1.3
1.0451
-0.0491
-0.0805127
-0.842146
0.046422
-0.167217
0.743902
-0.185666
-0.582501
0.0242646
-0.743902
0.533972
-0.533972
-0.3304
2.0653
1.91081
-3
0.622335
0.277063
0.888691
0.406183
0
-1.29487
-2.1817
2.602
-1.3
1.0451
-0.0491
-0.0881025
-0.838236
0.0467149
-0.165257
0.740526
-0.185609
-0.581376
0.0264584
-0.743902
0.533972
-0.533972
-0.3304
2.0653
1.90886
-3
0.62137
0.280252
0.895682
0.394067
0
-1.28975
-2.1817
2.604
-1.3
1.0451
-0.0491
-0.0956923
-0.834326
0.0470078
-0.163296
0.73715
-0.185552
-0.58025
0.0286523
-0.743902
0.533972
-0.533972
-0.3304
2.0653
1.9069
-3
0.620405
0.28344
0.902673
0.38195
0
-1.28462
-2.1817
2.606
-1.3
1.0451
-0.0491
-0.103282
-0.830417
0.0473008
-0.161336
0.733774
-0.185495
-0.579125
0.0308461
-0.743902
0.533972
-0.533972
-0.3304
2.0653
1.90495
-3
0.61944
0.286629
0.909664
0.369833
0
-1.2795
-2.1817
2.608
-1.3
1.0451
-0.0491
-0.110872
-0.826507
0.0475937
-0.159376
0.730398
-0.185439
-0.578
0.0330399
-0.743902
0.533972
-0.533972
-0.3304
2.0653
1.903
-3
0.618475
0.289818
0.916655
0.357716
0
-1.27437
-2.1817
2.61
-1.3
1.0451
-0.0491
-0.118462
-0.822597
0.0478867
-0.157416
0.727022
-0.185382
-0.576874
0.0352337
-0.743902
0.533972
-0.533972
-0.3304
2.0653
1.90105
-3
0.61751
0.293006
0.923646
0.3456
0
-1.26925
-2.1817
2.612
-1.3
1.0451
-0.0491
-0.126051
-0.818687
0.0481796
-0.155456
0.723646
-0.185325
-0.575749
0.0374275
-0.743902
0.533972
-0.533972
-0.3304
2.0653
1.89909
-3
0.616545
0.296195
0.930637
0.333483
0
-1.26412
-2.1817
2.614
-1.3
1.0451
-0.0491
-0.133641
-0.814777
0.0484725
-0.153496
0.72027
-0.185268
-0.574623
0.0396213
-0.743902
0.533972
-0.533972
-0.3304
2.0653
1.89714
-3
0.61558
0.299383
0.937628
0.321366
0
-1.25899
-2.1817
2.616
-1.3
1.0451
-0.0491
-0.141231
-0.810867
0.0487655
-0.151536
0.716894
-0.185211
-0.573498
0.0418151
-0.743902
0.533972
-0.533972
-0.3304
2.0653
1.89519
-3
0.614615
0.302572
0.944619
0.309249
0
-1.25387
-2.1817
2.618
-1.3
1.0451
-0.0491
-0.148821
-0.806958
0.0490584
-0.149576
0.713518
-0.185154
-0.572373
0.0440089
-0.743902
0.533972
-0.533972
-0.3304
2.0653
1.89323
-3
2.24311
1.73875
9.30089
12.1293
-70.1947
15.9187
-20.5228
-24.2525
-20.3851
15.1153
2.35992
1.84526
9.37984
11.3825
-70.2798
15.6
-20.1738
-24.0031
-20.3106
15.0388
2.47627
1.9512
9.45788
10.6419
-70.3529
15.2817
-19.823
-23.7521
-20.2336
14.9624
2.59218
2.05656
9.53498
9.90756
-70.4142
14.9637
-19.4705
-23.4996
-20.1544
14.8862
2.70767
2.16133
9.61113
9.17974
-70.4635
14.6461
-19.1164
-23.2456
-20.0729
14.8101
2.82273
2.2655
9.6863
8.4585
-70.5011
14.3291
-18.7606
-22.9902
-19.9891
14.7343
2.93736
2.36907
9.76049
7.74396
-70.5268
14.0126
-18.4034
-22.7334
-19.9031
14.6585
3.05159
2.47203
9.83367
7.03625
-70.5409
13.6968
-18.0448
-22.4753
-19.8149
14.5829
3.1654
2.57437
9.90582
6.33547
-70.5433
13.3817
-17.6849
-22.2159
-19.7246
14.5075
-16.0262
-10.0227
7.46395
4.05419
-29.1613
6.07474
-7.62763
-5.56238
4.5797
4.66849
15.1552
55.5237
15.1552
4.59035
25.2329
188.619
25.2329
125.214
0
1.64778e-14
22.9404
234.933
15.6226
55.6329
15.6226
4.87201
0
0
0
0
0
0
23.4527
234.665
16.0859
55.7451
16.0859
5.15879
4.40992e-15
0
0
0
0
-1.36451e-14
23.9642
234.384
16.5451
55.8601
16.5451
5.4506
0
0
0
0
0
0
24.4748
234.088
17.0001
55.978
17.0001
5.74734
0
0
0
0
0
0
24.9842
233.778
17.4507
56.0986
17.4507
6.0489
0
0
0
0
0
0
25.4924
233.454
17.8969
56.2218
17.8969
6.35519
0
0
0
0
0
0
25.9993
233.116
18.3386
56.3476
18.3386
6.6661
0
0
0
0
0
0
26.5047
232.765
18.7758
56.4758
18.7758
6.98152
0
0
0
0
0
1.35042e-14
27.0085
232.399
25.369
56.242
25.369
44.303
0
0
0
0
0
0
14.2863
94.0485
