3.5
0.6233
0.273874
0.8817
0.4183
0
-1.3
-2.1817
2.6
-1.3
1.0451
-0.0491
-0.0805127
-0.842146
0.046422
-0.167217
0.743902
-0.185666
-0.582501
0.0242646
-0.743902
0.533972
-0.533972
-0.3304
2.0653
1.91081
-3
0.622335
0.277063
0.888691
0.406183
0
-1.29487
-2.1817
2.602
-1.3
1.0451
-0.0491
-0.0881025
-0.838236
0.0467149
-0.165257
0.740526
-0.185609
-0.581376
0.0264584
-0.743902
0.533972
-0.533972
-0.3304
2.0653
1.90886
-3
0.62137
0.280252
0.895682
0.394067
0
-1.28975
-2.1817
2.604
-1.3
1.0451
-0.0491
-0.0956923
-0.834326
0.0470078
-0.163296
0.73715
-0.185552
-0.58025
0.0286523
-0.743902
0.533972
-0.533972
-0.3304
2.0653
1.9069
-3
0.620405
0.28344
0.902673
0.38195
0
-1.28462
-2.1817
2.606
-1.3
1.0451
-0.0491
-0.103282
-0.830417
0.0473008
-0.161336
0.733774
-0.185495
-0.579125
0.0308461
-0.743902
0.533972
-0.533972
-0.3304
2.0653
1.90495
-3
0.61944
0.286629
0.909664
0.369833
0
-1.2795
-2.1817
2.608
-1.3
1.0451
-0.0491
-0.110872
-0.826507
0.0475937
-0.159376
0.730398
-0.185439
-0.578
0.0330399
-0.743902
0.533972
-0.533972
-0.3304
2.0653
1.903
-3
0.618475
0.289818
0.916655
0.357716
0
-1.27437
-2.1817
2.61
-1.3
1.0451
-0.0491
-0.118462
-0.822597
0.0478867
-0.157416
0.727022
-0.185382
-0.576874
0.0352337
-0.743902
0.533972
-0.533972
-0.3304
2.0653
1.90105
-3
0.61751
0.293006
0.923646
0.3456
0
-1.26925
-2.1817
2.612
-1.3
1.0451
-0.0491
-0.126051
-0.818687
0.0481796
-0.155456
0.723646
-0.185325
-0.575749
0.0374275
-0.743902
0.533972
-0.533972
-0.3304
2.0653
1.89909
-3
0.616545
0.296195
0.930637
0.333483
0
-1.26412
-2.1817
2.614
-1.3
1.0451
-0.0491
-0.133641
-0.814777
0.0484725
-0.153496
0.72027
-0.185268
-0.574623
0.0396213
-0.743902
0.533972
-0.533972
-0.3304
2.0653
1.89714
-3
0.61558
0.299383
0.937628
0.321366
0
-1.25899
-2.1817
2.616
-1.3
1.0451
-0.0491
-0.141231
-0.810867
0.0487655
-0.151536
0.716894
-0.185211
-0.573498
0.0418151
-0.743902
0.533972
-0.533972
-0.3304
2.0653
1.89519
-3
0.614615
0.302572
0.944619
0.309249
0
-1.25387
-2.1817
2.618
-1.3
1.0451
-0.0491
-0.148821
-0.806958
0.0490584
-0.149576
0.713518
-0.185154
-0.572373
0.0440089
-0.743902
0.533972
-0.533972
-0.3304
2.0653
1.89323
-3
-1.57357
-0.686938
8.92084
11.1282
-61.9548
14.2033
-18.3372
-20.8656
-15.5204
13.2408
-1.42639
-0.571642
8.98815
10.4637
-62.0865
13.9312
-18.0294
-20.6506
-15.4804
13.1687
-1.27989
-0.456894
9.05483
9.80386
-62.2081
13.6591
-17.7197
-20.434
-15.4383
13.0967
-1.13408
-0.342699
9.12086
9.14865
-62.3193
13.387
-17.4081
-20.2158
-15.394
13.0248
-0.988934
-0.229063
9.18621
8.49821
-62.4204
13.1148
-17.0946
-19.996
-15.3476
12.9531
-0.844457
-0.11599
9.25088
7.85267
-62.5112
12.8427
-16.7795
-19.7747
-15.2992
12.8816
-0.700641
-0.00348793
9.31485
7.21212
-62.5919
12.5708
-16.4626
-19.552
-15.2488
12.8102
-0.55748
0.108439
9.3781
6.57667
-62.6623
12.299
-16.1441
-19.3278
-15.1962
12.739
-0.414969
0.219783
9.44061
5.94644
-62.7227
12.0274
-15.8241
-19.1023
-15.1417
12.6679
-12.4685
-7.67073
7.94632
4.37538
-36.9645
7.3955
-9.45425
-8.6504
0.0187928
6.50878
17.0026
55.5454
17.0026
12.109
24.4489
167.837
24.4489
114.661
0
0
21.0602
207.552
17.3866
55.6379
17.3866
12.3203
0
0
0
0
0
0
21.5035
207.44
17.7679
55.7333
17.7679
12.5364
0
0
0
0
0
1.36451e-14
21.9469
207.317
18.1464
55.8316
18.1464
12.7573
0
0
0
0
0
0
22.3904
207.182
18.5219
55.9327
18.5219
12.9828
0
0
0
0
0
0
22.8338
207.036
18.8946
56.0367
18.8946
13.213
0
-3.00702e-14
0
0
0
0
23.2771
206.878
19.2641
56.1433
19.2641
13.4477
0
0
0
0
0
0
23.7201
206.71
19.6306
56.2527
19.6306
13.6869
0
0
0
0
-2.62448e-14
0
24.1627
206.529
19.9938
56.3646
19.9938
13.9305
0
0
0
0
0
1.35042e-14
24.6048
206.337
24.2447
56.3939
24.2447
37.4167
0
1.2126e-14
0
0
0
0
16.7822
120.083
