3.5
0.6233
0.273874
0.8817
0.4183
0
-1.3
-2.1817
2.6
-1.3
1.0451
-0.0491
-0.0805127
-0.842146
0.046422
-0.167217
0.743902
-0.185666
-0.582501
0.0242646
-0.743902
0.533972
-0.533972
-0.3304
2.0653
1.91081
-3
0.621883
0.278202
0.87475
0.413578
0.00932264
-1.29765
-2.17435
2.58591
-1.28631
1.01783
-0.0672011
-0.138686
-0.754536
0.041264
-0.148637
0.661247
-0.165037
-0.517779
0.0215685
-0.661247
0.474641
-0.474641
-0.293689
1.83582
1.6985
-2.66667
0.620467
0.282531
0.867801
0.408857
0.0186453
-1.2953
-2.16701
2.57182
-1.27261
0.990551
-0.0853023
-0.19686
-0.666925
0.036106
-0.130057
0.578591
-0.144407
-0.453056
0.0188724
-0.578591
0.415311
-0.415311
-0.256978
1.60634
1.48618
-2.33333
0.61905
0.286859
0.860851
0.404135
0.0279679
-1.29295
-2.15966
2.55773
-1.25892
0.963277
-0.103403
-0.255034
-0.579315
0.030948
-0.111478
0.495935
-0.123777
-0.388334
0.0161763
-0.495935
0.355981
-0.355981
-0.220267
1.37687
1.27387
-2
0.617634
0.291187
0.853902
0.399414
0.0372906
-1.29061
-2.15231
2.54364
-1.24523
0.936003
-0.121505
-0.313208
-0.491704
0.02579
-0.0928981
0.413279
-0.103148
-0.323611
0.0134802
-0.413279
0.296651
-0.296651
-0.183556
1.14739
1.06156
-1.66667
0.616217
0.295515
0.846952
0.394692
0.0466132
-1.28826
-2.14497
2.52955
-1.23154
0.908728
-0.139606
-0.371381
-0.404094
0.020632
-0.0743185
0.330623
-0.0825184
-0.258889
0.0107842
-0.330623
0.237321
-0.237321
-0.146845
0.917912
0.849248
-1.33333
0.614801
0.299843
0.840003
0.389971
0.0559358
-1.28591
-2.13762
2.51546
-1.21784
0.881454
-0.157707
-0.429555
-0.316484
0.015474
-0.0557389
0.247967
-0.0618888
-0.194167
0.00808806
-0.247967
0.177991
-0.177991
-0.110134
0.688434
0.636936
-1
0.613384
0.304171
0.833053
0.385249
0.0652585
-1.28356
-2.13027
2.50137
-1.20415
0.85418
-0.175808
-0.487729
-0.228873
0.010316
-0.0371593
0.165312
-0.0412593
-0.129444
0.00539196
-0.165312
0.11866
-0.11866
-0.0734228
0.458957
0.424624
-0.666666
0.611968
0.3085
0.826103
0.380527
0.0745811
-1.28121
-2.12293
2.48728
-1.19046
0.826905
-0.193909
-0.545903
-0.141263
0.00515799
-0.0185796
0.0826558
-0.0206297
-0.0647219
0.00269586
-0.0826558
0.0593302
-0.0593302
-0.0367117
0.229479
0.212312
-0.333333
0.610551
0.312828
0.819154
0.375806
0.0839038
-1.27886
-2.11558
2.47319
-1.17677
0.799631
-0.21201
-0.604076
-0.0536525
-1.32357e-09
-1.38328e-08
-5.7199e-08
-1.355e-07
4.2431e-07
-2.31612e-07
2.47654e-08
4.47165e-08
-1.22832e-08
-7.06727e-07
1.23609e-06
-3.43042e-07
5.68989e-07
-1.568
-0.700462
8.90255
11.0445
-61.6951
14.1517
-18.4192
-20.8084
-15.3896
13.2393
-0.992162
-0.554409
8.84163
11.6486
-60.6661
14.0613
-19.8717
-21.9756
-14.046
11.6892
-0.462318
-0.441542
8.75727
12.1884
-59.5621
13.9358
-21.2101
-22.9929
-12.7432
10.0464
0.0153084
-0.363483
8.65127
12.6629
-58.3817
13.776
-22.4236
-23.8514
-11.491
8.31842
0.433468
-0.322493
8.52553
13.0712
-57.1233
13.5825
-23.5013
-24.5422
-10.2976
6.51527
0.783852
-0.3215
8.38202
13.4126
-55.7859
13.3559
-24.4323
-25.0572
-9.16941
4.64954
1.05706
-0.364139
8.22282
13.686
-54.3688
13.0966
-25.2055
-25.3883
-8.11074
2.73642
1.24257
-0.454785
8.05009
13.8906
-52.8714
12.805
-25.8098
-25.5279
-7.12405
0.793682
1.32873
-0.598582
7.86604
14.0252
-51.2938
12.4815
-26.2339
-25.4689
-6.20953
-1.15836
0.880636
-1.05739
7.62557
13.9207
-49.0457
11.9633
-25.7407
-24.6368
-5.05732
-3.19106
17.0391
55.4374
17.0391
12.2287
24.4621
167.141
24.4621
114.228
0
1.49536e-14
21.013
206.668
16.955
54.9652
16.955
12.0915
24.4157
166.004
24.4157
113.624
0
1.52552e-14
21.9707
205.209
16.7918
54.4514
16.7918
11.9802
24.265
164.629
24.265
112.867
2.14463e-14
0
22.6563
203.527
16.5605
53.9015
16.5605
11.9054
24.0184
163.007
24.0184
111.956
0
0
23.0757
201.591
16.2726
53.3221
16.2726
11.8795
23.6837
161.128
23.6837
110.887
0
0
23.236
199.369
15.9398
52.7213
15.9398
11.9163
23.2691
158.983
23.2691
109.659
0
0
23.1453
196.83
15.5744
52.1086
15.5744
12.0313
22.7824
156.562
22.7824
108.272
0
0
22.8134
193.942
15.1889
51.4949
15.1889
12.2416
22.2312
153.857
22.2312
106.726
0
0
22.252
190.674
14.796
50.8927
14.796
12.5663
21.6232
150.86
21.6232
105.022
0
0
21.4745
186.995
14.4642
50.3747
14.4642
13.6905
20.7706
145.874
20.7706
102.302
0
0
20.1963
180.601
