0.25
0.616555
0.295995
0.925925
0.315584
0.0458137
-1.28732
-2.09945
2.56104
-1.25942
1.04491
-0.391356
-0.139853
-0.802688
-0.00462538
-0.0641013
0.745555
-0.188946
-0.565058
0.0239728
-0.727267
0.536609
-0.526091
-0.328896
1.98101
1.91252
-2.99749
0.617921
0.291912
0.946758
0.308079
0.0324059
-1.28724
-2.11735
2.57407
-1.27193
1.03348
-0.338629
-0.0884724
-0.884076
0.0451548
-0.160189
0.756927
-0.270187
-0.482683
-0.0522742
-0.64454
0.472296
-0.450499
-0.411418
1.89818
1.8497
-2.92319
0.61933
0.287462
0.969296
0.298271
0.0213065
-1.28887
-2.13295
2.58488
-1.28213
1.0198
-0.288214
-0.036681
-0.965246
0.0504474
-0.339649
0.826084
-0.353077
-0.399576
-0.134256
-0.56164
0.389212
-0.36719
-0.494572
1.81491
1.86494
-2.92213
0.620733
0.282692
0.993464
0.286194
0.0125113
-1.2926
-2.14625
2.59338
-1.29002
1.00601
-0.240115
0.0155006
-1.046
0.0603572
-0.521473
0.885384
-0.434793
-0.316629
-0.179761
-0.478602
0.306098
-0.283883
-0.577481
1.73158
1.92513
-2.9118
0.622346
0.277264
1.01841
0.273161
0.0060289
-1.2976
-2.15725
2.59959
-1.29534
0.989965
-0.194323
0.0689767
-1.12628
0.0828879
-0.711262
0.897962
-0.474644
-0.233365
-0.142644
-0.396125
0.223539
-0.200603
-0.660537
1.6485
1.99695
-2.83659
0.624544
0.270815
1.04302
0.260272
0.00186017
-1.3
-2.16597
2.60499
-1.29861
0.971617
-0.150835
0.124448
-1.20507
0.0980976
-0.920983
0.885963
-0.464001
-0.150075
-0.0594654
-0.313776
0.194442
-0.117608
-0.723242
1.56558
2.0756
-2.78563
0.627269
0.263107
1.0663
0.248479
0
-1.3
-2.17239
2.60966
-1.29956
0.951516
-0.109642
0.182103
-1.28187
0.118375
-1.13347
0.838342
-0.419926
-0.066966
2.44724e-13
-0.231126
0.167947
-0.034483
-0.733879
1.48294
2.13822
-2.71019
0.630554
0.254046
1.08835
0.238813
3.73653e-19
-1.3
-2.17669
2.61245
-1.3
0.93113
-0.0709208
0.242677
-1.35715
0.139736
-1.3478
0.781567
-0.34797
-6.19172e-17
-0.000141406
-0.155016
0.100506
-0.0156971
-0.689595
1.39996
2.21498
-2.64113
0.63404
0.24406
1.10937
0.23138
0
-1.3
-2.1792
2.61524
-1.3
0.91197
-0.0343044
0.304841
-1.4293
0.161048
-1.56197
0.720537
-0.267581
-0.00760314
5.50703e-14
-0.0901469
0.0993799
4.62856e-12
-0.693521
1.31819
2.2379
-2.56328
0.637571
0.233613
1.12938
0.225511
0
-1.3
-2.1817
2.618
-1.2978
0.891904
0
0.367005
-1.49892
0.178885
-1.79079
0.690354
-0.187698
0.000411559
0.0573484
-0.091514
0.169421
0.0791152
-0.722378
1.23496
2.21956
-2.50612
0.621365
-0.826835
3.72162
29.0954
-78.8501
23.1427
10.3885
1.14242
5.46282
14.9713
-19.6691
-8.68554
4.74743
0.645478
3.12032
0.455765
1.0109
-1.10877
5.86665
17.6946
-11.015
-3.54256
6.99338
2.17278
3.51437
0.639973
1.25912
-0.687584
-13.5237
2.0656
-18.6887
-7.93789
4.66053
-0.192616
2.6966
0.329064
0.0637939
-1.5667
7.98398
20.8745
-12.76
-5.409
3.88502
-1.46689
1.77746
0.129312
-1.92539
-2.66534
4.50121
20.4751
-2.78366
-1.44793
1.24509
1.18804
3.14253
0.574939
-2.13627
-2.31808
-13.8126
2.7479
-10.2369
-4.47362
2.88757
-3.99643
0.909951
-0.183186
1.15782
-1.21516
-1.02214
23.9282
-1.0076
0.111624
3.21908
-1.18974
0.68872
-0.200982
2.66521
0.273178
-17.0255
2.13589
-6.62107
-4.15843
0.879113
-3.52872
3.21272
0.13283
-3.56952
-3.93644
-9.21099
22.2092
-1.41294
-0.245534
2.71453
-0.398938
2.20518
0.392967
-0.00863032
-0.586742
-4.49631
-0.759762
5.21561
32.6371
4.94098
3.09464
64.6394
230.463
63.198
134.786
0
0
40.5988
116.229
-0.192268
46.041
0.192268
7.86942
6.75587e-15
-2.06173e-24
0
0
0
0
34.4816
103.87
7.48691
47.8662
6.81917
3.78026
2.30281e-16
1.58766e-14
-4.24911e-15
0
0
0
-1.54035e-16
95.626
2.85236
41.4589
1.92575
8.87726
0
4.48285e-24
0
0
-5.73405e-14
0
36.3056
104.263
1.27601
33.9539
-1.27601
6.50471
3.36385e-14
2.19274e-13
0
0
0
-2.33473e-14
37.8902
108.904
3.20346
12.0034
-4.45062
5.83546
8.10455e-14
-1.53288e-13
0
0
0
0
5.29875e-05
86.5555
2.05537
27.2881
-2.05537
5.68917
-6.25939e-16
-2.23599e-13
0
0
4.06909e-14
0
48.2094
138.79
3.52944
20.9623
3.13979
1.17567
1.26016e-13
-1.59683e-14
0
0
5.24895e-14
0
0.014285
91.3255
0.705349
14.1164
-0.695668
4.46485
0
0
0
0
0
0
51.5728
149.152
13.3713
16.0697
-4.2315
10.0441
-1.76954e-13
0
0
0
0
0
-3.34527e-14
12.0808
