2.52
0.6233
0.273874
0.8817
0.4183
0
-1.3
-2.1817
2.6
-1.3
1.0451
-0.0491
-0.0805127
-0.842146
0.046422
-0.167217
0.743902
-0.185666
-0.582501
0.0242646
-0.743902
0.533972
-0.533972
-0.3304
2.0653
1.91081
-3
0.621883
0.278202
0.87475
0.413578
0.00932264
-1.29765
-2.17435
2.58591
-1.28631
1.01783
-0.0672011
-0.138686
-0.754536
0.041264
-0.148637
0.661247
-0.165037
-0.517779
0.0215685
-0.661247
0.474641
-0.474641
-0.293689
1.83582
1.6985
-2.66667
0.620467
0.282531
0.867801
0.408857
0.0186453
-1.2953
-2.16701
2.57182
-1.27261
0.990551
-0.0853023
-0.19686
-0.666925
0.036106
-0.130057
0.578591
-0.144407
-0.453056
0.0188724
-0.578591
0.415311
-0.415311
-0.256978
1.60634
1.48618
-2.33333
0.61905
0.286859
0.860851
0.404135
0.0279679
-1.29295
-2.15966
2.55773
-1.25892
0.963277
-0.103403
-0.255034
-0.579315
0.030948
-0.111478
0.495935
-0.123777
-0.388334
0.0161763
-0.495935
0.355981
-0.355981
-0.220267
1.37687
1.27387
-2
0.617634
0.291187
0.853902
0.399414
0.0372906
-1.29061
-2.15231
2.54364
-1.24523
0.936003
-0.121505
-0.313208
-0.491704
0.02579
-0.0928981
0.413279
-0.103148
-0.323611
0.0134802
-0.413279
0.296651
-0.296651
-0.183556
1.14739
1.06156
-1.66667
0.616217
0.295515
0.846952
0.394692
0.0466132
-1.28826
-2.14497
2.52955
-1.23154
0.908728
-0.139606
-0.371381
-0.404094
0.020632
-0.0743185
0.330623
-0.0825184
-0.258889
0.0107842
-0.330623
0.237321
-0.237321
-0.146845
0.917912
0.849248
-1.33333
0.614801
0.299843
0.840003
0.389971
0.0559358
-1.28591
-2.13762
2.51546
-1.21784
0.881454
-0.157707
-0.429555
-0.316484
0.015474
-0.0557389
0.247967
-0.0618888
-0.194167
0.00808806
-0.247967
0.177991
-0.177991
-0.110134
0.688434
0.636936
-1
0.613384
0.304171
0.833053
0.385249
0.0652585
-1.28356
-2.13027
2.50137
-1.20415
0.85418
-0.175808
-0.487729
-0.228873
0.010316
-0.0371593
0.165312
-0.0412593
-0.129444
0.00539196
-0.165312
0.11866
-0.11866
-0.0734228
0.458957
0.424624
-0.666666
0.611968
0.3085
0.826103
0.380527
0.0745811
-1.28121
-2.12293
2.48728
-1.19046
0.826905
-0.193909
-0.545903
-0.141263
0.00515799
-0.0185796
0.0826558
-0.0206297
-0.0647219
0.00269586
-0.0826558
0.0593302
-0.0593302
-0.0367117
0.229479
0.212312
-0.333333
0.610551
0.312828
0.819154
0.375806
0.0839038
-1.27886
-2.11558
2.47319
-1.17677
0.799631
-0.21201
-0.604076
-0.0536525
-1.32357e-09
-1.38328e-08
-5.7199e-08
-1.355e-07
4.2431e-07
-2.31612e-07
2.47654e-08
4.47165e-08
-1.22832e-08
-7.06727e-07
1.23609e-06
-3.43042e-07
5.68989e-07
11.3052
7.37875
10.0673
13.9338
-87.9371
19.6272
-26.4846
-31.9911
-31.08
19.6497
11.1341
7.0392
9.96295
14.7047
-84.4401
19.1548
-28.3869
-33.1323
-27.7933
16.9842
10.8081
6.59468
9.81111
15.3069
-80.797
18.601
-29.9093
-33.8634
-24.6229
14.2885
10.3066
6.03757
9.61554
15.7355
-77.0002
17.9659
-31.034
-34.1712
-21.5797
11.5866
9.60603
5.3583
9.38043
15.9856
-73.0427
17.2495
-31.7426
-34.0425
-18.6699
8.90814
8.67898
4.54524
9.11038
16.0528
-68.9185
16.4517
-32.0163
-33.4648
-15.8947
6.28829
7.49473
3.58465
8.81039
15.9322
-64.6223
15.5723
-31.8353
-32.426
-13.25
3.76819
6.01894
2.46055
8.48584
15.6194
-60.1503
14.611
-31.1791
-30.9149
-10.7262
1.39504
4.21371
1.15466
8.14246
15.1095
-55.4998
13.5671
-30.0265
-28.9207
-8.30714
-0.777849
-1.40792
-2.44269
7.39947
13.0259
-45.8493
11.1092
-22.4308
-21.7975
-3.45813
-3.46
10.9765
54.7183
10.9765
0
27.1187
233.076
27.1187
147.233
-3.70806e-14
0
27.0049
293.718
11.7108
54.1496
11.7108
0
27.2715
226.456
27.2715
143.943
0
0
28.4955
285.02
12.2913
53.5478
12.2913
0
27.1877
219.284
27.1877
140.318
0
0
29.3517
275.744
12.7438
52.9285
12.7438
0
26.8843
211.522
26.8843
136.343
0
0
29.6081
265.797
13.096
52.3118
13.096
0
26.3788
203.134
26.3788
132.008
0
0
29.3036
255.085
13.378
51.7218
13.378
0
25.6891
194.083
25.6891
127.305
0
0
28.4819
243.517
13.6213
51.1875
13.6213
1.00803
24.8332
184.334
24.8332
122.228
0
0
27.1923
231.002
13.8591
50.7423
13.8591
4.2116
23.8292
173.854
23.8292
116.774
0
0
25.4905
217.452
14.1263
50.4247
14.1263
7.83339
22.6948
162.607
22.6948
110.941
0
0
23.4395
202.784
14.9118
50.7596
14.9118
17.3652
19.8584
136.796
19.8584
97.7176
0
0
18.6559
168.352
