3.5
0.6233
0.273874
0.8817
0.4183
0
-1.3
-2.1817
2.6
-1.3
1.0451
-0.0491
-0.0805127
-0.842146
0.046422
-0.167217
0.743902
-0.185666
-0.582501
0.0242646
-0.743902
0.533972
-0.533972
-0.3304
2.0653
1.91081
-3
0.623453
0.274411
0.883416
0.420662
0.000904806
-1.3
-2.1817
2.59828
-1.3
1.0451
-0.0491
-0.0810316
-0.842141
0.0464141
-0.16718
0.7438
-0.185666
-0.582501
0.0242646
-0.743786
0.533853
-0.533867
-0.3304
2.0653
1.9109
-3
0.623607
0.274947
0.885133
0.423024
0.00180961
-1.3
-2.1817
2.59657
-1.3
1.0451
-0.0491
-0.0815504
-0.842136
0.0464062
-0.167142
0.743697
-0.185666
-0.582501
0.0242646
-0.743669
0.533735
-0.533762
-0.3304
2.0653
1.91099
-3
0.62376
0.275483
0.886849
0.425386
0.00271442
-1.3
-2.1817
2.59485
-1.3
1.0451
-0.0491
-0.0820693
-0.842131
0.0463984
-0.167105
0.743594
-0.185666
-0.582501
0.0242646
-0.743553
0.533616
-0.533657
-0.3304
2.0653
1.91108
-3
0.623913
0.276019
0.888565
0.427748
0.00361922
-1.3
-2.1817
2.59313
-1.3
1.0451
-0.0491
-0.0825882
-0.842126
0.0463905
-0.167068
0.743491
-0.185666
-0.582501
0.0242646
-0.743436
0.533498
-0.533552
-0.3304
2.0653
1.91117
-3
0.624067
0.276556
0.890281
0.43011
0.00452403
-1.3
-2.1817
2.59142
-1.3
1.0451
-0.0491
-0.083107
-0.842121
0.0463827
-0.167031
0.743388
-0.185666
-0.582501
0.0242646
-0.74332
0.533379
-0.533447
-0.3304
2.0653
1.91126
-3
0.62422
0.277092
0.891998
0.432472
0.00542883
-1.3
-2.1817
2.5897
-1.3
1.0451
-0.0491
-0.0836259
-0.842116
0.0463748
-0.166994
0.743285
-0.185666
-0.582501
0.0242646
-0.743203
0.533261
-0.533343
-0.3304
2.0653
1.91135
-3
0.624373
0.277628
0.893714
0.434833
0.00633364
-1.3
-2.1817
2.58799
-1.3
1.0451
-0.0491
-0.0841447
-0.842111
0.0463669
-0.166957
0.743182
-0.185666
-0.582501
0.0242646
-0.743087
0.533142
-0.533238
-0.3304
2.0653
1.91144
-3
0.624527
0.278165
0.89543
0.437195
0.00723845
-1.3
-2.1817
2.58627
-1.3
1.0451
-0.0491
-0.0846636
-0.842106
0.0463591
-0.16692
0.743079
-0.185666
-0.582501
0.0242646
-0.74297
0.533024
-0.533133
-0.3304
2.0653
1.91153
-3
0.62468
0.278701
0.897147
0.439557
0.00814325
-1.3
-2.1817
2.58455
-1.3
1.0451
-0.0491
-0.0851825
-0.842101
0.0463512
-0.166883
0.742976
-0.185666
-0.582501
0.0242646
-0.742853
0.532905
-0.533028
-0.3304
2.0653
1.91162
-3
-2.0657
-1.01539
8.86369
10.9523
-60.7116
13.9429
-18.0175
-20.3557
-14.771
12.954
-2.1264
-1.10381
8.77133
11.0615
-60.6767
13.9825
-18.0237
-20.3564
-14.7635
12.9644
-2.18625
-1.19148
8.67888
11.1708
-60.641
14.022
-18.0299
-20.357
-14.7556
12.9748
-2.24524
-1.27841
8.58636
11.2804
-60.6045
14.0614
-18.036
-20.3575
-14.7474
12.9852
-2.30339
-1.3646
8.49377
11.3901
-60.5673
14.1008
-18.0421
-20.358
-14.7388
12.9957
-2.36069
-1.45003
8.40109
11.5
-60.5293
14.1401
-18.0482
-20.3584
-14.7299
13.0062
-2.41713
-1.53471
8.30835
11.61
-60.4906
14.1793
-18.0542
-20.3588
-14.7207
13.0167
-2.47272
-1.61864
8.21554
11.7202
-60.4511
14.2184
-18.0602
-20.3591
-14.7111
13.0272
-2.52745
-1.70182
8.12266
11.8306
-60.4108
14.2574
-18.0662
-20.3594
-14.7011
13.0377
-14.6503
-9.26341
7.19781
8.6266
-35.8067
8.96779
-11.3419
-10.0934
-0.224599
7.32319
17.279
55.5337
17.279
13.2496
24.3652
164.657
24.3652
113.013
0
0
20.7964
203.38
0
0
0
0
24.5799
164.702
24.5799
113.103
0
0
21.0446
203.43
0
-6.33571e-15
0
0
24.7948
164.745
24.7948
113.192
0
0
21.2931
203.479
0
0
0
0
25.0097
164.787
25.0097
113.279
0
0
21.5419
203.525
0
0
0
0
25.2248
164.827
25.2248
113.366
0
0
21.791
203.569
0
0
0
2.12406e-15
25.44
164.865
25.44
113.452
0
0
22.0403
203.611
0
0
0
0
25.6553
164.902
25.6553
113.536
0
0
22.2899
203.651
0
0
0
0
25.8707
164.937
25.8707
113.62
0
0
22.5396
203.689
0
0
0
0
26.0861
164.971
26.0861
113.702
0
0
22.7897
203.726
0
0
0
0
22.749
102.703
22.749
82.09
0
0
16.2022
121.649
