2.7
0.6233
0.273874
0.8817
0.4183
0
-1.3
-2.1817
2.6
-1.3
1.0451
-0.0491
-0.0805127
-0.842146
0.046422
-0.167217
0.743902
-0.185666
-0.582501
0.0242646
-0.743902
0.533972
-0.533972
-0.3304
2.0653
1.91081
-3
0.621883
0.278202
0.87475
0.413578
0.00932264
-1.29765
-2.17435
2.58591
-1.28631
1.01783
-0.0672011
-0.138686
-0.754536
0.041264
-0.148637
0.661247
-0.165037
-0.517779
0.0215685
-0.661247
0.474641
-0.474641
-0.293689
1.83582
1.6985
-2.66667
0.620467
0.282531
0.867801
0.408857
0.0186453
-1.2953
-2.16701
2.57182
-1.27261
0.990551
-0.0853023
-0.19686
-0.666925
0.036106
-0.130057
0.578591
-0.144407
-0.453056
0.0188724
-0.578591
0.415311
-0.415311
-0.256978
1.60634
1.48618
-2.33333
0.61905
0.286859
0.860851
0.404135
0.0279679
-1.29295
-2.15966
2.55773
-1.25892
0.963277
-0.103403
-0.255034
-0.579315
0.030948
-0.111478
0.495935
-0.123777
-0.388334
0.0161763
-0.495935
0.355981
-0.355981
-0.220267
1.37687
1.27387
-2
0.617634
0.291187
0.853902
0.399414
0.0372906
-1.29061
-2.15231
2.54364
-1.24523
0.936003
-0.121505
-0.313208
-0.491704
0.02579
-0.0928981
0.413279
-0.103148
-0.323611
0.0134802
-0.413279
0.296651
-0.296651
-0.183556
1.14739
1.06156
-1.66667
0.616217
0.295515
0.846952
0.394692
0.0466132
-1.28826
-2.14497
2.52955
-1.23154
0.908728
-0.139606
-0.371381
-0.404094
0.020632
-0.0743185
0.330623
-0.0825184
-0.258889
0.0107842
-0.330623
0.237321
-0.237321
-0.146845
0.917912
0.849248
-1.33333
0.614801
0.299843
0.840003
0.389971
0.0559358
-1.28591
-2.13762
2.51546
-1.21784
0.881454
-0.157707
-0.429555
-0.316484
0.015474
-0.0557389
0.247967
-0.0618888
-0.194167
0.00808806
-0.247967
0.177991
-0.177991
-0.110134
0.688434
0.636936
-1
0.613384
0.304171
0.833053
0.385249
0.0652585
-1.28356
-2.13027
2.50137
-1.20415
0.85418
-0.175808
-0.487729
-0.228873
0.010316
-0.0371593
0.165312
-0.0412593
-0.129444
0.00539196
-0.165312
0.11866
-0.11866
-0.0734228
0.458957
0.424624
-0.666666
0.611968
0.3085
0.826103
0.380527
0.0745811
-1.28121
-2.12293
2.48728
-1.19046
0.826905
-0.193909
-0.545903
-0.141263
0.00515799
-0.0185796
0.0826558
-0.0206297
-0.0647219
0.00269586
-0.0826558
0.0593302
-0.0593302
-0.0367117
0.229479
0.212312
-0.333333
0.610551
0.312828
0.819154
0.375806
0.0839038
-1.27886
-2.11558
2.47319
-1.17677
0.799631
-0.21201
-0.604076
-0.0536525
-1.32357e-09
-1.38328e-08
-5.7199e-08
-1.355e-07
4.2431e-07
-2.31612e-07
2.47654e-08
4.47165e-08
-1.22832e-08
-7.06727e-07
1.23609e-06
-3.43042e-07
5.68989e-07
9.94245
6.52443
9.94405
13.6327
-85.1656
19.048
-25.5861
-30.7923
-29.4145
18.953
9.84618
6.23342
9.84362
14.3842
-81.9204
18.6139
-27.4376
-31.9319
-26.3284
16.4036
9.60591
5.84473
9.69819
14.9777
-78.5364
18.1031
-28.9364
-32.6882
-23.3507
13.8178
9.20267
5.35135
9.51131
15.4087
-75.0065
17.5159
-30.0655
-33.0481
-20.4922
11.218
8.61437
4.74444
9.28696
15.6727
-71.3244
16.8522
-30.8071
-32.9992
-17.7595
8.63165
7.81568
4.01325
9.02946
15.7655
-67.4845
16.1121
-31.1433
-32.5293
-15.1541
6.09175
6.77798
3.14507
8.74352
15.6829
-63.482
15.2954
-31.0553
-31.6269
-12.6729
3.6368
5.46938
2.1251
8.4342
15.4206
-59.3134
14.4017
-30.5234
-30.2808
-10.3073
1.31098
3.85463
0.93639
8.10685
14.9743
-54.9764
13.4308
-29.5275
-28.4808
-8.04299
-0.835723
-1.10619
-2.25999
7.43018
13.1444
-46.2709
11.2227
-22.8855
-22.1789
-3.67099
-3.41746
11.616
54.797
11.616
0
26.8352
226.113
26.8352
143.75
0
0
26.3738
284.527
12.2644
54.2379
12.2644
-9.14816e-16
26.9648
220.05
26.9648
140.732
0
0
27.8045
276.563
12.767
53.645
12.767
8.23978e-16
26.8715
213.465
26.8715
137.396
0
0
28.6382
268.057
13.1478
53.0329
13.1478
0
26.5715
206.326
26.5715
133.731
0
0
28.9068
258.921
13.4332
52.4202
13.4332
0
26.0811
198.598
26.0811
129.727
0
0
28.6459
249.07
13.6511
51.8295
13.6511
0
25.4174
190.248
25.4174
125.377
0
0
27.8956
238.417
13.8312
51.2878
13.8312
2.23138
24.5973
181.244
24.5973
120.674
0
0
26.7012
226.878
14.0046
50.8262
14.0046
5.13174
23.6378
171.552
23.6378
115.616
0
0
25.1138
214.371
14.2038
50.4806
14.2038
8.4196
22.5557
161.143
22.5557
110.202
0
0
23.1915
200.817
14.8571
50.7108
14.8571
16.8828
19.9829
137.995
19.9829
98.3242
0
0
18.8616
169.969
