3.5
0.6233
0.273874
0.8817
0.4183
0
-1.3
-2.1817
2.6
-1.3
1.0451
-0.0491
-0.0805127
-0.842146
0.046422
-0.167217
0.743902
-0.185666
-0.582501
0.0242646
-0.743902
0.533972
-0.533972
-0.3304
2.0653
1.91081
-3
0.622335
0.277063
0.888691
0.406183
0
-1.29487
-2.1817
2.602
-1.3
1.0451
-0.0491
-0.0881025
-0.838236
0.0467149
-0.165257
0.740526
-0.185609
-0.581376
0.0264584
-0.743902
0.533972
-0.533972
-0.3304
2.0653
1.90886
-3
0.62137
0.280252
0.895682
0.394067
0
-1.28975
-2.1817
2.604
-1.3
1.0451
-0.0491
-0.0956923
-0.834326
0.0470078
-0.163296
0.73715
-0.185552
-0.58025
0.0286523
-0.743902
0.533972
-0.533972
-0.3304
2.0653
1.9069
-3
0.620405
0.28344
0.902673
0.38195
0
-1.28462
-2.1817
2.606
-1.3
1.0451
-0.0491
-0.103282
-0.830417
0.0473008
-0.161336
0.733774
-0.185495
-0.579125
0.0308461
-0.743902
0.533972
-0.533972
-0.3304
2.0653
1.90495
-3
0.61944
0.286629
0.909664
0.369833
0
-1.2795
-2.1817
2.608
-1.3
1.0451
-0.0491
-0.110872
-0.826507
0.0475937
-0.159376
0.730398
-0.185439
-0.578
0.0330399
-0.743902
0.533972
-0.533972
-0.3304
2.0653
1.903
-3
0.618475
0.289818
0.916655
0.357716
0
-1.27437
-2.1817
2.61
-1.3
1.0451
-0.0491
-0.118462
-0.822597
0.0478867
-0.157416
0.727022
-0.185382
-0.576874
0.0352337
-0.743902
0.533972
-0.533972
-0.3304
2.0653
1.90105
-3
0.61751
0.293006
0.923646
0.3456
0
-1.26925
-2.1817
2.612
-1.3
1.0451
-0.0491
-0.126051
-0.818687
0.0481796
-0.155456
0.723646
-0.185325
-0.575749
0.0374275
-0.743902
0.533972
-0.533972
-0.3304
2.0653
1.89909
-3
0.616545
0.296195
0.930637
0.333483
0
-1.26412
-2.1817
2.614
-1.3
1.0451
-0.0491
-0.133641
-0.814777
0.0484725
-0.153496
0.72027
-0.185268
-0.574623
0.0396213
-0.743902
0.533972
-0.533972
-0.3304
2.0653
1.89714
-3
0.61558
0.299383
0.937628
0.321366
0
-1.25899
-2.1817
2.616
-1.3
1.0451
-0.0491
-0.141231
-0.810867
0.0487655
-0.151536
0.716894
-0.185211
-0.573498
0.0418151
-0.743902
0.533972
-0.533972
-0.3304
2.0653
1.89519
-3
0.614615
0.302572
0.944619
0.309249
0
-1.25387
-2.1817
2.618
-1.3
1.0451
-0.0491
-0.148821
-0.806958
0.0490584
-0.149576
0.713518
-0.185154
-0.572373
0.0440089
-0.743902
0.533972
-0.533972
-0.3304
2.0653
1.89323
-3
1.49574
1.26281
9.22503
11.929
-68.5648
15.5792
-20.0902
-23.5823
-19.423
14.7441
1.6185
1.37104
9.3017
11.1985
-68.6591
15.2698
-19.7494
-23.3397
-19.3552
14.6685
1.74076
1.4787
9.3775
10.4738
-68.7418
14.9606
-19.4068
-23.0955
-19.2852
14.593
1.86254
1.58579
9.45243
9.75522
-68.8129
14.6517
-19.0624
-22.8498
-19.2128
14.5177
1.98384
1.69229
9.52645
9.04272
-68.8724
14.3431
-18.7163
-22.6026
-19.1382
14.4426
2.10467
1.79821
9.59956
8.33647
-68.9205
14.035
-18.3686
-22.354
-19.0614
14.3675
2.22503
1.90353
9.67174
7.63659
-68.9571
13.7273
-18.0194
-22.1039
-18.9824
14.2927
2.34494
2.00824
9.74297
6.9432
-68.9823
13.4202
-17.6688
-21.8526
-18.9013
14.218
2.46438
2.11235
9.81322
6.25639
-68.9961
13.1137
-17.3168
-21.5999
-18.818
14.1435
-15.3296
-9.56118
7.55992
4.11982
-30.7051
6.33609
-7.989
-6.17334
3.67743
5.03268
15.5179
55.5209
15.5179
6.06991
25.0784
184.505
25.0784
123.12
0
0
22.5687
229.516
15.9688
55.6268
15.9688
6.33769
0
0
0
0
0
0
23.0674
229.279
16.416
55.7357
16.416
6.61054
0
0
0
0
0
1.36451e-14
23.5655
229.028
16.8592
55.8475
16.8592
6.88837
0
0
0
0
0
0
24.0628
228.764
17.2986
55.9621
17.2986
7.17108
0
0
0
0
0
0
24.5592
228.487
17.7338
56.0794
17.7338
7.45857
0
0
0
0
0
0
25.0547
228.196
18.1649
56.1994
18.1649
7.75075
0
0
0
0
0
0
25.5489
227.891
18.5918
56.322
18.5918
8.04752
0
0
0
0
0
0
26.042
227.574
19.0144
56.447
19.0144
8.34878
0
0
0
-1.9436e-14
0
0
26.5336
227.242
25.1488
56.2788
25.1488
42.9481
0
0
0
-9.582e-15
0
0
14.7794
99.1997
