2.88
0.6233
0.273874
0.8817
0.4183
0
-1.3
-2.1817
2.6
-1.3
1.0451
-0.0491
-0.0805127
-0.842146
0.046422
-0.167217
0.743902
-0.185666
-0.582501
0.0242646
-0.743902
0.533972
-0.533972
-0.3304
2.0653
1.91081
-3
0.621883
0.278202
0.87475
0.413578
0.00932264
-1.29765
-2.17435
2.58591
-1.28631
1.01783
-0.0672011
-0.138686
-0.754536
0.041264
-0.148637
0.661247
-0.165037
-0.517779
0.0215685
-0.661247
0.474641
-0.474641
-0.293689
1.83582
1.6985
-2.66667
0.620467
0.282531
0.867801
0.408857
0.0186453
-1.2953
-2.16701
2.57182
-1.27261
0.990551
-0.0853023
-0.19686
-0.666925
0.036106
-0.130057
0.578591
-0.144407
-0.453056
0.0188724
-0.578591
0.415311
-0.415311
-0.256978
1.60634
1.48618
-2.33333
0.61905
0.286859
0.860851
0.404135
0.0279679
-1.29295
-2.15966
2.55773
-1.25892
0.963277
-0.103403
-0.255034
-0.579315
0.030948
-0.111478
0.495935
-0.123777
-0.388334
0.0161763
-0.495935
0.355981
-0.355981
-0.220267
1.37687
1.27387
-2
0.617634
0.291187
0.853902
0.399414
0.0372906
-1.29061
-2.15231
2.54364
-1.24523
0.936003
-0.121505
-0.313208
-0.491704
0.02579
-0.0928981
0.413279
-0.103148
-0.323611
0.0134802
-0.413279
0.296651
-0.296651
-0.183556
1.14739
1.06156
-1.66667
0.616217
0.295515
0.846952
0.394692
0.0466132
-1.28826
-2.14497
2.52955
-1.23154
0.908728
-0.139606
-0.371381
-0.404094
0.020632
-0.0743185
0.330623
-0.0825184
-0.258889
0.0107842
-0.330623
0.237321
-0.237321
-0.146845
0.917912
0.849248
-1.33333
0.614801
0.299843
0.840003
0.389971
0.0559358
-1.28591
-2.13762
2.51546
-1.21784
0.881454
-0.157707
-0.429555
-0.316484
0.015474
-0.0557389
0.247967
-0.0618888
-0.194167
0.00808806
-0.247967
0.177991
-0.177991
-0.110134
0.688434
0.636936
-1
0.613384
0.304171
0.833053
0.385249
0.0652585
-1.28356
-2.13027
2.50137
-1.20415
0.85418
-0.175808
-0.487729
-0.228873
0.010316
-0.0371593
0.165312
-0.0412593
-0.129444
0.00539196
-0.165312
0.11866
-0.11866
-0.0734228
0.458957
0.424624
-0.666666
0.611968
0.3085
0.826103
0.380527
0.0745811
-1.28121
-2.12293
2.48728
-1.19046
0.826905
-0.193909
-0.545903
-0.141263
0.00515799
-0.0185796
0.0826558
-0.0206297
-0.0647219
0.00269586
-0.0826558
0.0593302
-0.0593302
-0.0367117
0.229479
0.212312
-0.333333
0.610551
0.312828
0.819154
0.375806
0.0839038
-1.27886
-2.11558
2.47319
-1.17677
0.799631
-0.21201
-0.604076
-0.0536525
-1.32357e-09
-1.38328e-08
-5.7199e-08
-1.355e-07
4.2431e-07
-2.31612e-07
2.47654e-08
4.47165e-08
-1.22832e-08
-7.06727e-07
1.23609e-06
-3.43042e-07
5.68989e-07
8.75801
5.78171
9.83693
13.3701
-82.7555
18.5446
-24.8133
-29.753
-27.9678
18.3507
8.72751
5.53341
9.74002
14.1052
-79.731
18.1441
-26.6212
-30.8921
-25.0568
15.9026
8.56266
5.19383
9.60029
14.6915
-76.5739
17.6711
-28.1003
-31.6711
-22.2475
13.4127
8.24578
4.75648
9.42111
15.1249
-73.2778
17.1259
-29.234
-32.0776
-19.5506
10.9017
7.75621
4.21316
9.20625
15.4014
-69.8369
16.5085
-30.0055
-32.0993
-16.9726
8.39554
7.07032
3.55392
8.95982
15.5172
-66.246
15.819
-30.3973
-31.7246
-14.5156
5.92512
6.16142
2.76692
8.68625
15.4682
-62.5008
15.0573
-30.3915
-30.9421
-12.1773
3.52662
4.9997
1.83841
8.39031
15.2506
-58.598
14.2232
-29.9694
-29.7412
-9.95008
1.24163
3.55229
0.75261
8.07705
14.8604
-54.5356
13.3162
-29.1115
-28.112
-7.82105
-0.882829
-0.85475
-2.10774
7.45564
13.243
-46.6222
11.3171
-23.2618
-22.4957
-3.84809
-3.38305
12.1722
54.8649
12.1722
0
26.5891
220.058
26.5891
140.721
3.70806e-14
0
25.8247
276.533
12.7459
54.3143
12.7459
0
26.699
214.482
26.699
137.941
0
0
27.2039
269.213
13.1805
53.7292
13.1805
0
26.598
208.414
26.598
134.86
0
-1.34542e-14
28.019
261.383
13.499
53.1234
13.499
0
26.3013
201.821
26.3013
131.467
0
0
28.2991
252.96
13.7261
52.5141
13.7261
0
25.8247
194.672
25.8247
127.753
0
0
28.0771
243.863
13.8881
51.9228
13.8881
0.958421
25.1841
186.937
25.1841
123.712
0
0
27.39
234.013
14.013
51.3744
14.013
3.28442
24.3957
178.584
24.3957
119.337
0
0
26.2794
223.33
14.1301
50.8984
14.1301
5.91875
23.4756
169.585
23.4756
114.626
0
0
24.7926
211.737
14.27
50.528
14.27
8.91363
22.4394
159.911
22.4394
109.58
0
0
22.9832
199.161
14.8109
50.6698
14.8109
16.4804
20.086
138.994
20.086
98.8295
0
0
19.0327
171.317
