3.5
0.6233
0.273874
0.8817
0.4183
0
-1.3
-2.1817
2.6
-1.3
1.0451
-0.0491
-0.0805127
-0.842146
0.046422
-0.167217
0.743902
-0.185666
-0.582501
0.0242646
-0.743902
0.533972
-0.533972
-0.3304
2.0653
1.91081
-3
0.622335
0.277063
0.888691
0.406183
0
-1.29487
-2.1817
2.602
-1.3
1.0451
-0.0491
-0.0881025
-0.838236
0.0467149
-0.165257
0.740526
-0.185609
-0.581376
0.0264584
-0.743902
0.533972
-0.533972
-0.3304
2.0653
1.90886
-3
0.62137
0.280252
0.895682
0.394067
0
-1.28975
-2.1817
2.604
-1.3
1.0451
-0.0491
-0.0956923
-0.834326
0.0470078
-0.163296
0.73715
-0.185552
-0.58025
0.0286523
-0.743902
0.533972
-0.533972
-0.3304
2.0653
1.9069
-3
0.620405
0.28344
0.902673
0.38195
0
-1.28462
-2.1817
2.606
-1.3
1.0451
-0.0491
-0.103282
-0.830417
0.0473008
-0.161336
0.733774
-0.185495
-0.579125
0.0308461
-0.743902
0.533972
-0.533972
-0.3304
2.0653
1.90495
-3
0.61944
0.286629
0.909664
0.369833
0
-1.2795
-2.1817
2.608
-1.3
1.0451
-0.0491
-0.110872
-0.826507
0.0475937
-0.159376
0.730398
-0.185439
-0.578
0.0330399
-0.743902
0.533972
-0.533972
-0.3304
2.0653
1.903
-3
0.618475
0.289818
0.916655
0.357716
0
-1.27437
-2.1817
2.61
-1.3
1.0451
-0.0491
-0.118462
-0.822597
0.0478867
-0.157416
0.727022
-0.185382
-0.576874
0.0352337
-0.743902
0.533972
-0.533972
-0.3304
2.0653
1.90105
-3
0.61751
0.293006
0.923646
0.3456
0
-1.26925
-2.1817
2.612
-1.3
1.0451
-0.0491
-0.126051
-0.818687
0.0481796
-0.155456
0.723646
-0.185325
-0.575749
0.0374275
-0.743902
0.533972
-0.533972
-0.3304
2.0653
1.89909
-3
0.616545
0.296195
0.930637
0.333483
0
-1.26412
-2.1817
2.614
-1.3
1.0451
-0.0491
-0.133641
-0.814777
0.0484725
-0.153496
0.72027
-0.185268
-0.574623
0.0396213
-0.743902
0.533972
-0.533972
-0.3304
2.0653
1.89714
-3
0.61558
0.299383
0.937628
0.321366
0
-1.25899
-2.1817
2.616
-1.3
1.0451
-0.0491
-0.141231
-0.810867
0.0487655
-0.151536
0.716894
-0.185211
-0.573498
0.0418151
-0.743902
0.533972
-0.533972
-0.3304
2.0653
1.89519
-3
0.614615
0.302572
0.944619
0.309249
0
-1.25387
-2.1817
2.618
-1.3
1.0451
-0.0491
-0.148821
-0.806958
0.0490584
-0.149576
0.713518
-0.185154
-0.572373
0.0440089
-0.743902
0.533972
-0.533972
-0.3304
2.0653
1.89323
-3
0.0267418
0.328681
9.07799
11.5414
-65.3846
14.9171
-19.2466
-22.275
-17.5455
14.0205
0.161197
0.440293
9.15017
10.8427
-65.4969
14.6256
-18.9217
-22.0457
-17.4911
13.9466
0.295068
0.551345
9.2216
10.1492
-65.5982
14.3343
-18.5949
-21.8148
-17.4344
13.8728
0.42836
0.661833
9.29226
9.46112
-65.6886
14.0431
-18.2663
-21.5823
-17.3756
13.7992
0.561081
0.77175
9.36212
8.77851
-65.7681
13.752
-17.9359
-21.3483
-17.3145
13.7257
0.693238
0.881091
9.43119
8.10148
-65.8368
13.4612
-17.6039
-21.1129
-17.2514
13.6524
0.824836
0.989848
9.49943
7.43017
-65.8945
13.1708
-17.2703
-20.876
-17.1861
13.5792
0.955881
1.09802
9.56683
6.76468
-65.9415
12.8807
-16.9352
-20.6377
-17.1187
13.5062
1.08638
1.20559
9.63337
6.10511
-65.9777
12.591
-16.5985
-20.3981
-17.0492
13.4334
-13.9603
-8.65543
7.74639
4.24491
-33.7168
6.84589
-8.69401
-7.36523
1.9171
5.74303
16.2294
55.5255
16.2294
8.96763
24.7761
176.483
24.7761
119.044
0
0
21.8431
218.947
16.6482
55.625
16.6482
9.20828
0
0
0
0
0
0
22.3152
218.77
17.0637
55.7274
17.0637
9.45388
0
0
0
0
0
0
22.7871
218.581
17.4759
55.8328
17.4759
9.70436
0
0
0
0
0
0
23.2585
218.379
17.8846
55.9409
17.8846
9.95962
0
0
0
0
0
0
23.7295
218.165
18.2898
56.0519
18.2898
10.2196
0
0
-2.9818e-15
0
-3.55702e-14
0
24.1999
217.938
18.6913
56.1655
18.6913
10.4842
3.20138e-15
0
0
0
0
0
24.6695
217.699
19.0892
56.2817
19.0892
10.7533
0
0
0
0
0
0
25.1384
217.447
19.4833
56.4005
19.4833
11.0268
0
0
0
0
0
0
25.6062
217.183
24.7161
56.341
24.7161
40.2942
0
0
0
0
0
-8.55317e-15
15.7423
109.248
