3.5
0.6233
0.273874
0.8817
0.4183
0
-1.3
-2.1817
2.6
-1.3
1.0451
-0.0491
-0.0805127
-0.842146
0.046422
-0.167217
0.743902
-0.185666
-0.582501
0.0242646
-0.743902
0.533972
-0.533972
-0.3304
2.0653
1.91081
-3
0.623453
0.274411
0.883416
0.420662
0.000904806
-1.3
-2.1817
2.59828
-1.3
1.0451
-0.0491
-0.0810316
-0.842141
0.0464141
-0.16718
0.7438
-0.185666
-0.582501
0.0242646
-0.743786
0.533853
-0.533867
-0.3304
2.0653
1.9109
-3
0.623607
0.274947
0.885133
0.423024
0.00180961
-1.3
-2.1817
2.59657
-1.3
1.0451
-0.0491
-0.0815504
-0.842136
0.0464062
-0.167142
0.743697
-0.185666
-0.582501
0.0242646
-0.743669
0.533735
-0.533762
-0.3304
2.0653
1.91099
-3
0.62376
0.275483
0.886849
0.425386
0.00271442
-1.3
-2.1817
2.59485
-1.3
1.0451
-0.0491
-0.0820693
-0.842131
0.0463984
-0.167105
0.743594
-0.185666
-0.582501
0.0242646
-0.743553
0.533616
-0.533657
-0.3304
2.0653
1.91108
-3
0.623913
0.276019
0.888565
0.427748
0.00361922
-1.3
-2.1817
2.59313
-1.3
1.0451
-0.0491
-0.0825882
-0.842126
0.0463905
-0.167068
0.743491
-0.185666
-0.582501
0.0242646
-0.743436
0.533498
-0.533552
-0.3304
2.0653
1.91117
-3
0.624067
0.276556
0.890281
0.43011
0.00452403
-1.3
-2.1817
2.59142
-1.3
1.0451
-0.0491
-0.083107
-0.842121
0.0463827
-0.167031
0.743388
-0.185666
-0.582501
0.0242646
-0.74332
0.533379
-0.533447
-0.3304
2.0653
1.91126
-3
0.62422
0.277092
0.891998
0.432472
0.00542883
-1.3
-2.1817
2.5897
-1.3
1.0451
-0.0491
-0.0836259
-0.842116
0.0463748
-0.166994
0.743285
-0.185666
-0.582501
0.0242646
-0.743203
0.533261
-0.533343
-0.3304
2.0653
1.91135
-3
0.624373
0.277628
0.893714
0.434833
0.00633364
-1.3
-2.1817
2.58799
-1.3
1.0451
-0.0491
-0.0841447
-0.842111
0.0463669
-0.166957
0.743182
-0.185666
-0.582501
0.0242646
-0.743087
0.533142
-0.533238
-0.3304
2.0653
1.91144
-3
0.624527
0.278165
0.89543
0.437195
0.00723845
-1.3
-2.1817
2.58627
-1.3
1.0451
-0.0491
-0.0846636
-0.842106
0.0463591
-0.16692
0.743079
-0.185666
-0.582501
0.0242646
-0.74297
0.533024
-0.533133
-0.3304
2.0653
1.91153
-3
0.62468
0.278701
0.897147
0.439557
0.00814325
-1.3
-2.1817
2.58455
-1.3
1.0451
-0.0491
-0.0851825
-0.842101
0.0463512
-0.166883
0.742976
-0.185666
-0.582501
0.0242646
-0.742853
0.532905
-0.533028
-0.3304
2.0653
1.91162
-3
1.73985
1.37165
9.21844
11.8537
-68.5413
15.5677
-20.1129
-23.5806
-19.3756
14.7305
1.67749
1.27831
9.11632
11.9793
-68.4966
15.6132
-20.1238
-23.5835
-19.3618
14.7443
1.61607
1.1858
9.01413
12.1052
-68.4511
15.6586
-20.1346
-23.5864
-19.3477
14.7581
1.5556
1.09412
8.91189
12.2313
-68.4046
15.7039
-20.1453
-23.5891
-19.3331
14.772
1.49606
1.00329
8.80958
12.3575
-68.3573
15.7491
-20.156
-23.5918
-19.3182
14.7859
1.43748
0.913286
8.70721
12.4839
-68.3092
15.7942
-20.1666
-23.5944
-19.3029
14.7998
1.37984
0.824127
8.6048
12.6105
-68.2602
15.8391
-20.1772
-23.597
-19.2872
14.8137
1.32315
0.735811
8.50233
12.7372
-68.2103
15.884
-20.1877
-23.5994
-19.2712
14.8276
1.26741
0.64834
8.39982
12.8641
-68.1595
15.9288
-20.1981
-23.6018
-19.2549
14.8416
-18.4444
-11.6095
6.93024
7.57644
-28.0674
7.29053
-9.20553
-6.84877
4.32283
5.51583
15.4886
55.4427
15.4886
6.06542
25.153
184.31
25.153
122.907
0
0
22.6025
229.316
0
0
0
0
25.4059
184.351
25.4059
123.009
0
0
22.8899
229.356
0
0
0
8.24746e-16
25.6588
184.391
25.6588
123.11
0
0
23.1775
229.394
0
0
0
0
25.9117
184.428
25.9117
123.21
0
0
23.4653
229.43
0
0
0
0
26.1647
184.464
26.1647
123.309
0
0
23.7534
229.463
0
0
0
0
26.4178
184.498
26.4178
123.406
0
1.77248e-14
24.0417
229.494
0
0
0
0
26.6709
184.529
26.6709
123.503
0
0
24.3302
229.523
0
0
0
0
26.924
184.559
26.924
123.598
0
0
24.6189
229.55
0
0
0
0
27.1771
184.587
27.1771
123.692
0
0
24.9078
229.574
0
-6.30325e-15
0
0
21.6203
83.0895
21.6203
72.0878
0
0
14.0451
95.809
