3.42
0.6233
0.273874
0.8817
0.4183
0
-1.3
-2.1817
2.6
-1.3
1.0451
-0.0491
-0.0805127
-0.842146
0.046422
-0.167217
0.743902
-0.185666
-0.582501
0.0242646
-0.743902
0.533972
-0.533972
-0.3304
2.0653
1.91081
-3
0.623453
0.274411
0.883416
0.420662
0.000904806
-1.3
-2.1817
2.59828
-1.3
1.0451
-0.0491
-0.0810316
-0.842141
0.0464141
-0.16718
0.7438
-0.185666
-0.582501
0.0242646
-0.743786
0.533853
-0.533867
-0.3304
2.0653
1.9109
-3
0.623607
0.274947
0.885133
0.423024
0.00180961
-1.3
-2.1817
2.59657
-1.3
1.0451
-0.0491
-0.0815504
-0.842136
0.0464062
-0.167142
0.743697
-0.185666
-0.582501
0.0242646
-0.743669
0.533735
-0.533762
-0.3304
2.0653
1.91099
-3
0.62376
0.275483
0.886849
0.425386
0.00271442
-1.3
-2.1817
2.59485
-1.3
1.0451
-0.0491
-0.0820693
-0.842131
0.0463984
-0.167105
0.743594
-0.185666
-0.582501
0.0242646
-0.743553
0.533616
-0.533657
-0.3304
2.0653
1.91108
-3
0.623913
0.276019
0.888565
0.427748
0.00361922
-1.3
-2.1817
2.59313
-1.3
1.0451
-0.0491
-0.0825882
-0.842126
0.0463905
-0.167068
0.743491
-0.185666
-0.582501
0.0242646
-0.743436
0.533498
-0.533552
-0.3304
2.0653
1.91117
-3
0.624067
0.276556
0.890281
0.43011
0.00452403
-1.3
-2.1817
2.59142
-1.3
1.0451
-0.0491
-0.083107
-0.842121
0.0463827
-0.167031
0.743388
-0.185666
-0.582501
0.0242646
-0.74332
0.533379
-0.533447
-0.3304
2.0653
1.91126
-3
0.62422
0.277092
0.891998
0.432472
0.00542883
-1.3
-2.1817
2.5897
-1.3
1.0451
-0.0491
-0.0836259
-0.842116
0.0463748
-0.166994
0.743285
-0.185666
-0.582501
0.0242646
-0.743203
0.533261
-0.533343
-0.3304
2.0653
1.91135
-3
0.624373
0.277628
0.893714
0.434833
0.00633364
-1.3
-2.1817
2.58799
-1.3
1.0451
-0.0491
-0.0841447
-0.842111
0.0463669
-0.166957
0.743182
-0.185666
-0.582501
0.0242646
-0.743087
0.533142
-0.533238
-0.3304
2.0653
1.91144
-3
0.624527
0.278165
0.89543
0.437195
0.00723845
-1.3
-2.1817
2.58627
-1.3
1.0451
-0.0491
-0.0846636
-0.842106
0.0463591
-0.16692
0.743079
-0.185666
-0.582501
0.0242646
-0.74297
0.533024
-0.533133
-0.3304
2.0653
1.91153
-3
0.62468
0.278701
0.897147
0.439557
0.00814325
-1.3
-2.1817
2.58455
-1.3
1.0451
-0.0491
-0.0851825
-0.842101
0.0463512
-0.166883
0.742976
-0.185666
-0.582501
0.0242646
-0.742853
0.532905
-0.533028
-0.3304
2.0653
1.91162
-3
5.88254
3.96575
9.61009
12.8419
-77.079
17.3382
-22.4121
-27.1063
-24.3874
16.6709
5.81833
3.86702
9.49732
12.9856
-77.0237
17.3901
-22.428
-27.1117
-24.3668
16.6884
5.75517
3.76921
9.38451
13.1294
-76.9674
17.4419
-22.4438
-27.1169
-24.3458
16.706
5.69305
3.67233
9.27165
13.2734
-76.9101
17.4935
-22.4595
-27.1221
-24.3244
16.7236
5.63198
3.57639
9.15876
13.4177
-76.8519
17.5451
-22.4752
-27.1271
-24.3025
16.7412
5.57195
3.48138
9.04582
13.5621
-76.7927
17.5965
-22.4908
-27.1321
-24.2803
16.7589
5.51297
3.38731
8.93286
13.7066
-76.7325
17.6477
-22.5062
-27.137
-24.2577
16.7765
5.45505
3.29418
8.81986
13.8514
-76.6714
17.6989
-22.5216
-27.1418
-24.2347
16.7941
5.39818
3.202
8.70684
13.9963
-76.6093
17.7499
-22.5369
-27.1465
-24.2114
16.8118
-22.5743
-14.1586
6.63369
6.42615
-19.6281
5.463
-6.86188
-3.30173
9.27251
3.54185
13.5496
55.4
13.5496
0
26.0211
205.727
26.0211
133.709
3.09009e-14
0
24.5751
257.569
0
0
0
0
26.3154
205.764
26.3154
133.825
0
0
24.905
257.599
0
0
0
0
26.6097
205.799
26.6097
133.94
0
0
25.2352
257.625
0
0
0
0
26.9041
205.832
26.9041
134.053
0
0
25.5655
257.65
0
0
-1.77985e-15
0
27.1984
205.863
27.1984
134.165
0
0
25.8961
257.671
0
0
0
0
27.4926
205.892
27.4926
134.276
0
0
26.2268
257.69
0
0
0
0
27.7869
205.919
27.7869
134.385
0
0
26.5578
257.707
0
0
0
0
28.081
205.943
28.081
134.493
0
0
26.8889
257.721
0
0
0
0
28.3751
205.965
28.3751
134.599
0
0
27.2201
257.732
0
0
0
0
20.3813
61.7149
20.3813
61.1667
0
0
11.6905
67.6599
