2.52
0.6233
0.273874
0.8817
0.4183
0
-1.3
-2.1817
2.6
-1.3
1.0451
-0.0491
-0.0805127
-0.842146
0.046422
-0.167217
0.743902
-0.185666
-0.582501
0.0242646
-0.743902
0.533972
-0.533972
-0.3304
2.0653
1.91081
-3
0.623453
0.274411
0.883416
0.420662
0.000904806
-1.3
-2.1817
2.59828
-1.3
1.0451
-0.0491
-0.0810316
-0.842141
0.0464141
-0.16718
0.7438
-0.185666
-0.582501
0.0242646
-0.743786
0.533853
-0.533867
-0.3304
2.0653
1.9109
-3
0.623607
0.274947
0.885133
0.423024
0.00180961
-1.3
-2.1817
2.59657
-1.3
1.0451
-0.0491
-0.0815504
-0.842136
0.0464062
-0.167142
0.743697
-0.185666
-0.582501
0.0242646
-0.743669
0.533735
-0.533762
-0.3304
2.0653
1.91099
-3
0.62376
0.275483
0.886849
0.425386
0.00271442
-1.3
-2.1817
2.59485
-1.3
1.0451
-0.0491
-0.0820693
-0.842131
0.0463984
-0.167105
0.743594
-0.185666
-0.582501
0.0242646
-0.743553
0.533616
-0.533657
-0.3304
2.0653
1.91108
-3
0.623913
0.276019
0.888565
0.427748
0.00361922
-1.3
-2.1817
2.59313
-1.3
1.0451
-0.0491
-0.0825882
-0.842126
0.0463905
-0.167068
0.743491
-0.185666
-0.582501
0.0242646
-0.743436
0.533498
-0.533552
-0.3304
2.0653
1.91117
-3
0.624067
0.276556
0.890281
0.43011
0.00452403
-1.3
-2.1817
2.59142
-1.3
1.0451
-0.0491
-0.083107
-0.842121
0.0463827
-0.167031
0.743388
-0.185666
-0.582501
0.0242646
-0.74332
0.533379
-0.533447
-0.3304
2.0653
1.91126
-3
0.62422
0.277092
0.891998
0.432472
0.00542883
-1.3
-2.1817
2.5897
-1.3
1.0451
-0.0491
-0.0836259
-0.842116
0.0463748
-0.166994
0.743285
-0.185666
-0.582501
0.0242646
-0.743203
0.533261
-0.533343
-0.3304
2.0653
1.91135
-3
0.624373
0.277628
0.893714
0.434833
0.00633364
-1.3
-2.1817
2.58799
-1.3
1.0451
-0.0491
-0.0841447
-0.842111
0.0463669
-0.166957
0.743182
-0.185666
-0.582501
0.0242646
-0.743087
0.533142
-0.533238
-0.3304
2.0653
1.91144
-3
0.624527
0.278165
0.89543
0.437195
0.00723845
-1.3
-2.1817
2.58627
-1.3
1.0451
-0.0491
-0.0846636
-0.842106
0.0463591
-0.16692
0.743079
-0.185666
-0.582501
0.0242646
-0.74297
0.533024
-0.533133
-0.3304
2.0653
1.91153
-3
0.62468
0.278701
0.897147
0.439557
0.00814325
-1.3
-2.1817
2.58455
-1.3
1.0451
-0.0491
-0.0851825
-0.842101
0.0463512
-0.166883
0.742976
-0.185666
-0.582501
0.0242646
-0.742853
0.532905
-0.533028
-0.3304
2.0653
1.91162
-3
10.8697
7.08254
10.0891
14.0415
-87.3769
19.4718
-25.2051
-31.3716
-30.4197
19.0159
10.8032
6.97725
9.96353
14.2067
-87.3089
19.5315
-25.2271
-31.3798
-30.3909
19.0379
10.7379
6.87301
9.8379
14.3722
-87.2397
19.591
-25.2489
-31.388
-30.3617
19.06
10.6737
6.76982
9.71225
14.5379
-87.1694
19.6503
-25.2706
-31.396
-30.332
19.0821
10.6107
6.66768
9.58658
14.7038
-87.098
19.7095
-25.2922
-31.4039
-30.3019
19.1042
10.5489
6.56659
9.4609
14.8698
-87.0255
19.7685
-25.3137
-31.4117
-30.2714
19.1263
10.4883
6.46656
9.33521
15.0361
-86.9519
19.8273
-25.3351
-31.4194
-30.2404
19.1484
10.4289
6.36758
9.20951
15.2025
-86.8772
19.886
-25.3564
-31.427
-30.2091
19.1705
10.3706
6.26967
9.0838
15.369
-86.8014
19.9445
-25.3775
-31.4345
-30.1773
19.1926
-27.5456
-17.2208
6.26933
5.03154
-9.44832
3.26061
-4.01547
0.989129
15.2302
1.15645
11.2296
55.4269
11.2296
2.02163e-15
27.0806
231.541
27.0806
146.759
0
0
26.9587
291.609
0
0
0
0
27.4249
231.574
27.4249
146.892
0
0
27.3399
291.625
0
0
0
0
27.769
231.604
27.769
147.023
0
0
27.7213
291.639
0
0
0
0
28.1131
231.631
28.1131
147.153
0
0
28.1028
291.65
0
0
0
0
28.4571
231.657
28.4571
147.281
0
0
28.4845
291.657
0
0
0
0
28.801
231.679
28.801
147.407
0
0
28.8664
291.662
1.77554e-15
0
0
0
29.1447
231.7
29.1447
147.531
0
0
29.2484
291.664
0
0
0
0
29.4883
231.718
29.4883
147.654
0
0
29.6305
291.663
0
0
0
0
29.8317
231.733
29.8317
147.776
0
0
30.0127
291.659
0
0
0
0
18.8754
35.9511
18.8754
47.9738
0
0
8.84696
33.7449
