3.5
0.6233
0.273874
0.8817
0.4183
0
-1.3
-2.1817
2.6
-1.3
1.0451
-0.0491
-0.0805127
-0.842146
0.046422
-0.167217
0.743902
-0.185666
-0.582501
0.0242646
-0.743902
0.533972
-0.533972
-0.3304
2.0653
1.91081
-3
0.6233
0.273874
0.87999
0.42001
2.88353e-13
-1.3
-2.17999
2.6
-1.3
0.882807
-0.0436444
-0.0828667
-0.837823
0.0389688
-0.140369
0.69026
-0.18383
-0.56462
0.0581897
-0.69026
0.448241
-0.448241
-0.420308
2.0075
1.69282
-2.68149
0.6233
0.273874
0.87828
0.42172
5.76707e-13
-1.3
-2.17828
2.6
-1.3
0.720514
-0.0381889
-0.0852206
-0.8335
0.0315156
-0.113522
0.636618
-0.181993
-0.546739
0.0921147
-0.636618
0.36251
-0.36251
-0.510217
1.9497
1.47484
-2.36298
0.6233
0.273874
0.876571
0.423429
8.6506e-13
-1.3
-2.17657
2.6
-1.3
0.558221
-0.0327333
-0.0875745
-0.829177
0.0240624
-0.0866752
0.582976
-0.180157
-0.528859
0.12604
-0.582976
0.276779
-0.276779
-0.600125
1.89191
1.25685
-2.04447
0.6233
0.273874
0.874861
0.425139
1.15341e-12
-1.3
-2.17486
2.6
-1.3
0.395928
-0.0272778
-0.0899284
-0.824854
0.0166092
-0.0598281
0.529334
-0.17832
-0.510978
0.159965
-0.529334
0.191049
-0.191049
-0.690034
1.83411
1.03886
-1.72596
0.6233
0.273874
0.873151
0.426849
1.44177e-12
-1.3
-2.17315
2.6
-1.3
0.233635
-0.0218222
-0.0922824
-0.820531
0.00915602
-0.0329809
0.475691
-0.176484
-0.493097
0.19389
-0.475691
0.105318
-0.105318
-0.779942
1.77631
0.820876
-1.40745
0.6233
0.273874
0.871441
0.428559
1.73012e-12
-1.3
-2.17144
2.6
-1.3
0.071342
-0.0163667
-0.0946363
-0.816207
0.00170283
-0.00613378
0.422049
-0.174648
-0.475216
0.227815
-0.422049
0.019587
-0.019587
-0.86985
1.71851
0.60289
-1.08895
0.6233
0.273874
0.869732
0.430268
2.01847e-12
-1.3
-2.16973
2.6
-1.3
-0.0909509
-0.0109111
-0.0969902
-0.811884
-0.00575035
0.0207134
0.368407
-0.172811
-0.457336
0.26174
-0.368407
-0.0661438
0.0661438
-0.959759
1.66071
0.384903
-0.770436
0.6233
0.273874
0.868022
0.431978
2.30683e-12
-1.3
-2.16802
2.6
-1.3
-0.253244
-0.00545556
-0.0993441
-0.807561
-0.0132035
0.0475605
0.314765
-0.170975
-0.439455
0.295665
-0.314765
-0.151875
0.151875
-1.04967
1.60291
0.166917
-0.451927
0.6233
0.273874
0.866312
0.433688
2.59518e-12
-1.3
-2.16631
2.6
-1.3
-0.415537
0
-0.101698
-0.803238
-0.0206567
0.0744076
0.261123
-0.169138
-0.421574
0.32959
-0.261123
-0.237605
0.237605
-1.13958
1.54512
-0.05107
-0.133418
3.4122
2.27884
9.16877
12.0461
-68.983
15.7887
-22.6805
-25.1046
-19.8425
14.9478
11.0069
6.03812
9.04807
13.6424
-69.5223
16.6061
-30.2587
-30.204
-19.8995
15.5343
19.5853
10.1356
8.62016
14.7115
-70.2173
17.2901
-37.2754
-34.6663
-20.5255
15.7563
28.8452
14.3974
7.83925
15.082
-70.7855
17.737
-43.5299
-38.3796
-21.6485
15.5045
38.0022
18.4255
6.69374
14.5661
-70.8057
17.8021
-48.4937
-41.0358
-23.0723
14.6627
45.6208
21.5357
5.2509
13.0318
-69.7404
17.3202
-51.2478
-42.0919
-24.4166
13.1565
49.7486
22.8468
3.70074
10.535
-67.0907
16.1751
-50.6574
-40.8811
-25.127
11.0382
48.6566
21.6443
2.34316
7.43873
-62.6967
14.4059
-45.932
-36.9602
-24.649
8.55977
41.9576
17.8808
1.47063
4.36094
-56.9811
12.262
-37.3138
-30.5349
-22.7371
6.12942
13.825
2.49611
3.17672
0.795754
-51.0751
9.78239
-20.9771
-12.3325
-15.7329
5.22249
14.9669
54.1596
14.9669
3.82164
25.2618
186.136
25.2618
123.196
0
0
22.8969
232.138
13.5232
49.1169
13.5232
0
26.1706
191.307
26.1706
123.347
0
0
24.0123
241.05
10.4647
42.8314
10.4647
0
25.9535
196.643
25.9535
122.78
0
0
24.3342
250.422
5.71185
35.3327
5.71185
0
24.4153
201.261
24.4153
121.035
0
0
23.6684
259.035
-0.555713
27.0022
-0.555713
0
21.4326
203.793
21.4326
117.605
0
0
21.8344
264.919
-7.68027
18.7831
-7.68027
0
17.101
202.447
17.101
112.091
0
0
18.7709
265.382
-14.39
12.2233
-14.39
0
11.9149
195.515
11.9149
104.511
0
0
14.6972
257.701
-19.0426
9.04098
-19.0426
0
6.80608
182.403
6.80608
95.5921
0
-1.73599e-14
10.2151
240.646
-20.3776
10.209
-20.3776
0
2.8345
164.49
2.8345
86.6877
0
0
6.15937
215.892
-7.31478
32.0871
-7.31478
0
5.60747
138.815
5.60747
84.9182
15.4682
138.764
4.82036
174.751
