1.8
0.6233
0.273874
0.8817
0.4183
0
-1.3
-2.1817
2.6
-1.3
1.0451
-0.0491
-0.0805127
-0.842146
0.046422
-0.167217
0.743902
-0.185666
-0.582501
0.0242646
-0.743902
0.533972
-0.533972
-0.3304
2.0653
1.91081
-3
0.622335
0.277063
0.888691
0.406183
0
-1.29487
-2.1817
2.602
-1.3
1.0451
-0.0491
-0.0881025
-0.838236
0.0467149
-0.165257
0.740526
-0.185609
-0.581376
0.0264584
-0.743902
0.533972
-0.533972
-0.3304
2.0653
1.90886
-3
0.62137
0.280252
0.895682
0.394067
0
-1.28975
-2.1817
2.604
-1.3
1.0451
-0.0491
-0.0956923
-0.834326
0.0470078
-0.163296
0.73715
-0.185552
-0.58025
0.0286523
-0.743902
0.533972
-0.533972
-0.3304
2.0653
1.9069
-3
0.620405
0.28344
0.902673
0.38195
0
-1.28462
-2.1817
2.606
-1.3
1.0451
-0.0491
-0.103282
-0.830417
0.0473008
-0.161336
0.733774
-0.185495
-0.579125
0.0308461
-0.743902
0.533972
-0.533972
-0.3304
2.0653
1.90495
-3
0.61944
0.286629
0.909664
0.369833
0
-1.2795
-2.1817
2.608
-1.3
1.0451
-0.0491
-0.110872
-0.826507
0.0475937
-0.159376
0.730398
-0.185439
-0.578
0.0330399
-0.743902
0.533972
-0.533972
-0.3304
2.0653
1.903
-3
0.618475
0.289818
0.916655
0.357716
0
-1.27437
-2.1817
2.61
-1.3
1.0451
-0.0491
-0.118462
-0.822597
0.0478867
-0.157416
0.727022
-0.185382
-0.576874
0.0352337
-0.743902
0.533972
-0.533972
-0.3304
2.0653
1.90105
-3
0.61751
0.293006
0.923646
0.3456
0
-1.26925
-2.1817
2.612
-1.3
1.0451
-0.0491
-0.126051
-0.818687
0.0481796
-0.155456
0.723646
-0.185325
-0.575749
0.0374275
-0.743902
0.533972
-0.533972
-0.3304
2.0653
1.89909
-3
0.616545
0.296195
0.930637
0.333483
0
-1.26412
-2.1817
2.614
-1.3
1.0451
-0.0491
-0.133641
-0.814777
0.0484725
-0.153496
0.72027
-0.185268
-0.574623
0.0396213
-0.743902
0.533972
-0.533972
-0.3304
2.0653
1.89714
-3
0.61558
0.299383
0.937628
0.321366
0
-1.25899
-2.1817
2.616
-1.3
1.0451
-0.0491
-0.141231
-0.810867
0.0487655
-0.151536
0.716894
-0.185211
-0.573498
0.0418151
-0.743902
0.533972
-0.533972
-0.3304
2.0653
1.89519
-3
0.614615
0.302572
0.944619
0.309249
0
-1.25387
-2.1817
2.618
-1.3
1.0451
-0.0491
-0.148821
-0.806958
0.0490584
-0.149576
0.713518
-0.185154
-0.572373
0.0440089
-0.743902
0.533972
-0.533972
-0.3304
2.0653
1.89323
-3
16.6849
11.037
10.9197
16.4581
-100
22.8594
-29.3704
-37.9501
-39.9967
22.7206
16.6857
11.1105
11.044
15.3761
-100
22.3518
-28.8528
-37.5601
-39.7858
22.6242
16.6869
11.1833
11.1662
14.3071
-100
21.8462
-28.3339
-37.1687
-39.5718
22.5278
16.6886
11.2553
11.2863
13.2511
-100
21.3426
-27.8139
-36.776
-39.3546
22.4317
16.6906
11.3266
11.4044
12.2084
-100
20.8412
-27.293
-36.3822
-39.1344
22.3356
16.6931
11.3971
11.5203
11.1791
-100
20.3421
-26.7712
-35.9873
-38.9111
22.2398
16.696
11.4668
11.6341
10.1633
-100
19.8453
-26.2487
-35.5914
-38.685
22.1441
16.6994
11.5357
11.7458
9.16131
-100
19.351
-25.7257
-35.1946
-38.456
22.0486
16.7032
11.6038
11.8552
8.17314
-100
18.8593
-25.2023
-34.797
-38.2242
21.9532
-29.4776
-19.0433
5.44715
2.493
2.34859
0.733405
-0.25088
6.91327
22.9934
-2.77743
8.05132
56.3295
8.05132
0
28.3197
272.842
28.3197
168.615
0
0
30.5018
345.587
8.84739
56.5016
8.84739
3.29425e-15
0
0
0
0
0
0
31.2866
344.69
9.63416
56.6767
9.63416
0
0
0
0
0
0
-1.36451e-14
32.0665
343.769
10.4115
56.8546
10.4115
0
0
0
0
0
0
0
32.8415
342.824
11.1792
57.0352
11.1792
0
0
0
0
0
0
0
33.6112
341.854
11.9371
57.2182
11.9371
0
0
0
0
0
0
0
34.3754
340.861
12.6851
57.4036
12.6851
0
0
0
0
0
0
0
35.134
339.843
13.4231
57.5911
13.4231
0
0
0
0
0
0
0
35.8866
338.801
14.151
57.7807
14.151
0
0
0
0
0
0
0
36.6332
337.736
29.6234
54.7784
29.6234
71.1742
0
0
0
0
0
0
4.29702
-11.1751
