2.16
0.6233
0.273874
0.8817
0.4183
0
-1.3
-2.1817
2.6
-1.3
1.0451
-0.0491
-0.0805127
-0.842146
0.046422
-0.167217
0.743902
-0.185666
-0.582501
0.0242646
-0.743902
0.533972
-0.533972
-0.3304
2.0653
1.91081
-3
0.622335
0.277063
0.888691
0.406183
0
-1.29487
-2.1817
2.602
-1.3
1.0451
-0.0491
-0.0881025
-0.838236
0.0467149
-0.165257
0.740526
-0.185609
-0.581376
0.0264584
-0.743902
0.533972
-0.533972
-0.3304
2.0653
1.90886
-3
0.62137
0.280252
0.895682
0.394067
0
-1.28975
-2.1817
2.604
-1.3
1.0451
-0.0491
-0.0956923
-0.834326
0.0470078
-0.163296
0.73715
-0.185552
-0.58025
0.0286523
-0.743902
0.533972
-0.533972
-0.3304
2.0653
1.9069
-3
0.620405
0.28344
0.902673
0.38195
0
-1.28462
-2.1817
2.606
-1.3
1.0451
-0.0491
-0.103282
-0.830417
0.0473008
-0.161336
0.733774
-0.185495
-0.579125
0.0308461
-0.743902
0.533972
-0.533972
-0.3304
2.0653
1.90495
-3
0.61944
0.286629
0.909664
0.369833
0
-1.2795
-2.1817
2.608
-1.3
1.0451
-0.0491
-0.110872
-0.826507
0.0475937
-0.159376
0.730398
-0.185439
-0.578
0.0330399
-0.743902
0.533972
-0.533972
-0.3304
2.0653
1.903
-3
0.618475
0.289818
0.916655
0.357716
0
-1.27437
-2.1817
2.61
-1.3
1.0451
-0.0491
-0.118462
-0.822597
0.0478867
-0.157416
0.727022
-0.185382
-0.576874
0.0352337
-0.743902
0.533972
-0.533972
-0.3304
2.0653
1.90105
-3
0.61751
0.293006
0.923646
0.3456
0
-1.26925
-2.1817
2.612
-1.3
1.0451
-0.0491
-0.126051
-0.818687
0.0481796
-0.155456
0.723646
-0.185325
-0.575749
0.0374275
-0.743902
0.533972
-0.533972
-0.3304
2.0653
1.89909
-3
0.616545
0.296195
0.930637
0.333483
0
-1.26412
-2.1817
2.614
-1.3
1.0451
-0.0491
-0.133641
-0.814777
0.0484725
-0.153496
0.72027
-0.185268
-0.574623
0.0396213
-0.743902
0.533972
-0.533972
-0.3304
2.0653
1.89714
-3
0.61558
0.299383
0.937628
0.321366
0
-1.25899
-2.1817
2.616
-1.3
1.0451
-0.0491
-0.141231
-0.810867
0.0487655
-0.151536
0.716894
-0.185211
-0.573498
0.0418151
-0.743902
0.533972
-0.533972
-0.3304
2.0653
1.89519
-3
0.614615
0.302572
0.944619
0.309249
0
-1.25387
-2.1817
2.618
-1.3
1.0451
-0.0491
-0.148821
-0.806958
0.0490584
-0.149576
0.713518
-0.185154
-0.572373
0.0440089
-0.743902
0.533972
-0.533972
-0.3304
2.0653
1.89323
-3
12.8057
8.51906
10.4542
15.2037
-94.16
20.9187
-26.8959
-34.1212
-34.5246
20.5908
12.8378
8.6014
10.5661
14.2157
-94.111
20.464
-26.4257
-33.7707
-34.3512
20.5002
12.8702
8.68306
10.6762
13.2387
-94.0451
20.0108
-25.9541
-33.4187
-34.1749
20.4099
12.9027
8.76402
10.7846
12.2729
-93.9625
19.5591
-25.4813
-33.0655
-33.9957
20.3196
12.9354
8.84428
10.8912
11.3185
-93.8633
19.1092
-25.0073
-32.7109
-33.8137
20.2296
12.9684
8.92381
10.9961
10.3757
-93.7475
18.661
-24.5323
-32.3552
-33.629
20.1397
13.0015
9.00263
11.0991
9.44443
-93.6154
18.2147
-24.0563
-31.9985
-33.4414
20.0499
13.0349
9.0807
11.2002
8.52499
-93.467
17.7703
-23.5796
-31.6407
-33.2512
19.9604
13.0685
9.15801
11.2995
7.61748
-93.3025
17.328
-23.1022
-31.282
-33.0584
19.871
-25.8661
-16.5998
6.02139
2.97103
-6.45187
2.22646
-2.31126
3.42798
17.8512
-0.695512
9.97881
55.9623
9.97881
0
27.4701
249.271
27.4701
156.368
0
0
28.3949
314.668
10.6843
56.1177
10.6843
0
0
0
0
0
0
0
29.1046
313.947
11.382
56.276
11.382
0
0
0
0
0
0
0
29.8106
313.205
12.0717
56.4371
12.0717
0
0
0
0
0
0
0
30.5127
312.441
12.7533
56.6009
12.7533
0
0
0
0
0
0
0
31.2107
311.655
13.4266
56.7672
13.4266
0
0
0
0
0
0
0
31.9045
310.848
14.0916
56.936
14.0916
0
3.20138e-15
0
0
0
0
0
32.5937
310.02
14.7481
57.107
14.7481
0
0
0
0
0
0
0
33.2783
309.171
15.3959
57.2802
15.3959
0
0
0
0
0
0
0
33.9581
308.301
28.4806
55.3223
28.4806
63.8181
0
0
0
0
0
0
7.07278
18.2278
