3.5
0.6233
0.273874
0.8817
0.4183
0
-1.3
-2.1817
2.6
-1.3
1.0451
-0.0491
-0.0805127
-0.842146
0.046422
-0.167217
0.743902
-0.185666
-0.582501
0.0242646
-0.743902
0.533972
-0.533972
-0.3304
2.0653
1.91081
-3
0.622335
0.277063
0.888691
0.406183
0
-1.29487
-2.1817
2.602
-1.3
1.0451
-0.0491
-0.0881025
-0.838236
0.0467149
-0.165257
0.740526
-0.185609
-0.581376
0.0264584
-0.743902
0.533972
-0.533972
-0.3304
2.0653
1.90886
-3
0.62137
0.280252
0.895682
0.394067
0
-1.28975
-2.1817
2.604
-1.3
1.0451
-0.0491
-0.0956923
-0.834326
0.0470078
-0.163296
0.73715
-0.185552
-0.58025
0.0286523
-0.743902
0.533972
-0.533972
-0.3304
2.0653
1.9069
-3
0.620405
0.28344
0.902673
0.38195
0
-1.28462
-2.1817
2.606
-1.3
1.0451
-0.0491
-0.103282
-0.830417
0.0473008
-0.161336
0.733774
-0.185495
-0.579125
0.0308461
-0.743902
0.533972
-0.533972
-0.3304
2.0653
1.90495
-3
0.61944
0.286629
0.909664
0.369833
0
-1.2795
-2.1817
2.608
-1.3
1.0451
-0.0491
-0.110872
-0.826507
0.0475937
-0.159376
0.730398
-0.185439
-0.578
0.0330399
-0.743902
0.533972
-0.533972
-0.3304
2.0653
1.903
-3
0.618475
0.289818
0.916655
0.357716
0
-1.27437
-2.1817
2.61
-1.3
1.0451
-0.0491
-0.118462
-0.822597
0.0478867
-0.157416
0.727022
-0.185382
-0.576874
0.0352337
-0.743902
0.533972
-0.533972
-0.3304
2.0653
1.90105
-3
0.61751
0.293006
0.923646
0.3456
0
-1.26925
-2.1817
2.612
-1.3
1.0451
-0.0491
-0.126051
-0.818687
0.0481796
-0.155456
0.723646
-0.185325
-0.575749
0.0374275
-0.743902
0.533972
-0.533972
-0.3304
2.0653
1.89909
-3
0.616545
0.296195
0.930637
0.333483
0
-1.26412
-2.1817
2.614
-1.3
1.0451
-0.0491
-0.133641
-0.814777
0.0484725
-0.153496
0.72027
-0.185268
-0.574623
0.0396213
-0.743902
0.533972
-0.533972
-0.3304
2.0653
1.89714
-3
0.61558
0.299383
0.937628
0.321366
0
-1.25899
-2.1817
2.616
-1.3
1.0451
-0.0491
-0.141231
-0.810867
0.0487655
-0.151536
0.716894
-0.185211
-0.573498
0.0418151
-0.743902
0.533972
-0.533972
-0.3304
2.0653
1.89519
-3
0.614615
0.302572
0.944619
0.309249
0
-1.25387
-2.1817
2.618
-1.3
1.0451
-0.0491
-0.148821
-0.806958
0.0490584
-0.149576
0.713518
-0.185154
-0.572373
0.0440089
-0.743902
0.533972
-0.533972
-0.3304
2.0653
1.89323
-3
-0.442451
0.0306988
9.03159
11.4193
-64.3753
14.707
-18.9789
-21.8602
-16.9496
13.791
-0.304262
0.14339
9.10234
10.7307
-64.4933
14.4213
-18.659
-21.6351
-16.8994
13.7176
-0.166689
0.255526
9.17238
10.0471
-64.6006
14.1356
-18.3373
-21.4084
-16.847
13.6443
-0.029723
0.3671
9.24167
9.36866
-64.6971
13.85
-18.0137
-21.1801
-16.7925
13.5712
0.106642
0.478108
9.31022
8.69552
-64.783
13.5645
-17.6883
-20.9503
-16.7358
13.4983
0.242414
0.588542
9.37799
8.02777
-64.8581
13.2792
-17.3613
-20.7191
-16.6769
13.4255
0.377596
0.698398
9.44497
7.36551
-64.9226
12.9942
-17.0326
-20.4863
-16.616
13.3529
0.512196
0.807667
9.51116
6.70887
-64.9765
12.7095
-16.7024
-20.2522
-16.553
13.2804
0.646216
0.916345
9.57652
6.05794
-65.0198
12.4251
-16.3706
-20.0168
-16.4879
13.2081
-13.523
-8.36651
7.80535
4.28378
-34.6726
7.00765
-8.91774
-7.74344
1.35847
5.9684
16.4563
55.5298
16.4563
9.8903
24.68
173.938
24.68
117.753
0
0
21.6128
215.594
16.8648
55.6272
16.8648
10.1223
0
0
0
0
0
0
22.0764
215.436
17.2703
55.7276
17.2703
10.3592
0
0
0
0
0
-1.36451e-14
22.5399
215.266
17.6726
55.8308
17.6726
10.601
0
0
0
0
0
0
23.0031
215.084
18.0716
55.9369
18.0716
10.8475
0
0
0
0
0
0
23.466
214.89
18.4672
56.0458
18.4672
11.0988
-2.95383e-15
0
0
0
0
0
23.9284
214.683
18.8593
56.1574
18.8593
11.3546
0
0
0
0
0
0
24.3903
214.465
19.248
56.2716
19.248
11.6149
0
0
0
0
0
0
24.8514
214.234
19.633
56.3884
19.633
11.8796
0
0
0
0
0
1.35042e-14
25.3117
213.991
24.5779
56.3581
24.5779
39.4491
0
0
0
0
0
0
16.0482
112.437
