3.5
0.6233
0.273874
0.8817
0.4183
0
-1.3
-2.1817
2.6
-1.3
1.0451
-0.0491
-0.0805127
-0.842146
0.046422
-0.167217
0.743902
-0.185666
-0.582501
0.0242646
-0.743902
0.533972
-0.533972
-0.3304
2.0653
1.91081
-3
0.621883
0.278202
0.87475
0.413578
0.00932264
-1.29765
-2.17435
2.58591
-1.28631
1.01783
-0.0672011
-0.138686
-0.754536
0.041264
-0.148637
0.661247
-0.165037
-0.517779
0.0215685
-0.661247
0.474641
-0.474641
-0.293689
1.83582
1.6985
-2.66667
0.620467
0.282531
0.867801
0.408857
0.0186453
-1.2953
-2.16701
2.57182
-1.27261
0.990551
-0.0853023
-0.19686
-0.666925
0.036106
-0.130057
0.578591
-0.144407
-0.453056
0.0188724
-0.578591
0.415311
-0.415311
-0.256978
1.60634
1.48618
-2.33333
0.61905
0.286859
0.860851
0.404135
0.0279679
-1.29295
-2.15966
2.55773
-1.25892
0.963277
-0.103403
-0.255034
-0.579315
0.030948
-0.111478
0.495935
-0.123777
-0.388334
0.0161763
-0.495935
0.355981
-0.355981
-0.220267
1.37687
1.27387
-2
0.617634
0.291187
0.853902
0.399414
0.0372906
-1.29061
-2.15231
2.54364
-1.24523
0.936003
-0.121505
-0.313208
-0.491704
0.02579
-0.0928981
0.413279
-0.103148
-0.323611
0.0134802
-0.413279
0.296651
-0.296651
-0.183556
1.14739
1.06156
-1.66667
0.616217
0.295515
0.846952
0.394692
0.0466132
-1.28826
-2.14497
2.52955
-1.23154
0.908728
-0.139606
-0.371381
-0.404094
0.020632
-0.0743185
0.330623
-0.0825184
-0.258889
0.0107842
-0.330623
0.237321
-0.237321
-0.146845
0.917912
0.849248
-1.33333
0.614801
0.299843
0.840003
0.389971
0.0559358
-1.28591
-2.13762
2.51546
-1.21784
0.881454
-0.157707
-0.429555
-0.316484
0.015474
-0.0557389
0.247967
-0.0618888
-0.194167
0.00808806
-0.247967
0.177991
-0.177991
-0.110134
0.688434
0.636936
-1
0.613384
0.304171
0.833053
0.385249
0.0652585
-1.28356
-2.13027
2.50137
-1.20415
0.85418
-0.175808
-0.487729
-0.228873
0.010316
-0.0371593
0.165312
-0.0412593
-0.129444
0.00539196
-0.165312
0.11866
-0.11866
-0.0734228
0.458957
0.424624
-0.666666
0.611968
0.3085
0.826103
0.380527
0.0745811
-1.28121
-2.12293
2.48728
-1.19046
0.826905
-0.193909
-0.545903
-0.141263
0.00515799
-0.0185796
0.0826558
-0.0206297
-0.0647219
0.00269586
-0.0826558
0.0593302
-0.0593302
-0.0367117
0.229479
0.212312
-0.333333
0.610551
0.312828
0.819154
0.375806
0.0839038
-1.27886
-2.11558
2.47319
-1.17677
0.799631
-0.21201
-0.604076
-0.0536525
-1.32357e-09
-1.38328e-08
-5.7199e-08
-1.355e-07
4.2431e-07
-2.31612e-07
2.47654e-08
4.47165e-08
-1.22832e-08
-7.06727e-07
1.23609e-06
-3.43042e-07
5.68989e-07
-2.03365
-0.993097
8.86039
10.938
-60.7431
13.9535
-18.1464
-20.4103
-14.8239
13.0151
-1.42898
-0.828267
8.80134
11.5368
-59.8074
13.8778
-19.584
-21.5803
-13.5528
11.5061
-0.86613
-0.693895
8.71973
12.0752
-58.7994
13.7688
-20.9175
-22.6101
-12.3197
9.9021
-0.350788
-0.591374
8.61731
12.5524
-57.7178
13.6272
-22.1363
-23.491
-11.1343
8.2098
0.110429
-0.522684
8.49586
12.9677
-56.5615
13.4538
-23.2299
-24.2145
-10.005
6.43853
0.509931
-0.490424
8.35729
13.3204
-55.3295
13.249
-24.1877
-24.7723
-8.93827
4.60003
0.839131
-0.497842
8.20355
13.6096
-54.0212
13.0133
-24.9988
-25.1567
-7.93886
2.70849
1.08841
-0.548873
8.03667
13.8347
-52.6363
12.7473
-25.6526
-25.3601
-7.00965
0.780567
1.24711
-0.648162
7.85873
13.9947
-51.1748
12.4513
-26.1381
-25.3756
-6.15148
-1.16467
0.938238
-1.02255
7.63088
13.943
-49.1261
11.9844
-25.8162
-24.7052
-5.09671
-3.18729
17.2594
55.4623
17.2594
13.1216
24.367
164.749
24.367
113.029
0
0
20.795
203.51
17.1453
54.9939
17.1453
12.9121
24.3142
163.821
24.3142
112.528
0
0
21.7348
202.326
16.9549
54.4835
16.9549
12.7242
24.1622
162.666
24.1622
111.881
0
0
22.4161
200.933
16.6986
53.9361
16.6986
12.5676
23.9187
161.278
23.9187
111.086
0
0
22.8436
199.302
16.3871
53.358
16.3871
12.4537
23.5914
159.646
23.5914
110.142
0
0
23.023
197.403
16.0317
52.7567
16.0317
12.3951
23.1881
157.764
23.1881
109.046
0
0
22.9613
195.208
15.6438
52.1408
15.6438
12.4061
22.7161
155.622
22.7161
107.8
0
0
22.6667
192.687
15.235
51.5204
15.235
12.5024
22.1828
153.212
22.1828
106.403
0
0
22.1492
189.81
14.8174
50.9069
14.8174
12.7014
21.5953
150.528
21.5953
104.856
0
0
21.4203
186.549
14.4511
50.3642
14.4511
13.5971
20.7918
146.102
20.7918
102.417
0
0
20.234
180.908
