0.25
0.615899
0.298041
0.928783
0.309074
0.0465057
-1.28436
-2.10058
2.56746
-1.2605
1.044
-0.392966
-0.147111
-0.796281
-0.00931052
-0.0838654
0.734291
-0.190249
-0.569703
0.0235591
-0.722952
0.528966
-0.525798
-0.329872
1.98789
1.90372
-3
0.61732
0.293835
0.949923
0.301528
0.0329787
-1.28443
-2.11837
2.58115
-1.27284
1.03253
-0.340043
-0.0942307
-0.879614
0.0237561
-0.131389
0.779129
-0.271656
-0.486969
-0.0595409
-0.640188
0.490337
-0.444475
-0.412641
1.90521
1.9092
-2.94074
0.618851
0.289038
0.971836
0.292968
0.0217666
-1.28657
-2.13384
2.59246
-1.28288
1.01877
-0.289434
-0.0411975
-0.961302
0.0483416
-0.25234
0.788876
-0.308149
-0.403636
-0.142675
-0.556958
0.407081
-0.361198
-0.49561
1.82194
1.93398
-2.93066
0.620487
0.283443
0.993921
0.284408
0.0128614
-1.29197
-2.147
2.60146
-1.2906
1.00269
-0.241135
0.0125241
-1.04297
0.0740483
-0.375391
0.795081
-0.318059
-0.320587
-0.197634
-0.474007
0.323796
-0.278004
-0.57893
1.73875
2.01628
-2.94024
0.622544
0.276786
1.0165
0.275573
0.00626561
-1.29746
-2.15786
2.60814
-1.29603
0.984291
-0.195149
0.0689816
-1.12465
0.0961138
-0.498286
0.812781
-0.332952
-0.237449
-0.169832
-0.390886
0.240466
-0.194683
-0.662253
1.65551
2.09862
-2.96582
0.625186
0.269007
1.03946
0.266092
0.00197875
-1.29987
-2.16641
2.6125
-1.29912
0.963584
-0.151474
0.128557
-1.20651
0.118541
-0.621771
0.832058
-0.341316
-0.154327
-0.0870526
-0.30768
0.157146
-0.111364
-0.745445
1.57231
2.18151
-2.94703
0.628419
0.259967
1.06257
0.256611
0
-1.3
-2.17291
2.61455
-1.3
0.941328
-0.110108
0.191456
-1.28812
0.144613
-0.751838
0.834378
-0.314392
-0.0712349
-0.00455924
-0.23399
0.0738588
-0.0317095
-0.801204
1.48917
2.26437
-2.86907
0.63203
0.249851
1.08508
0.247878
0
-1.3
-2.17737
2.61614
-1.29955
0.919002
-0.0711936
0.256654
-1.36782
0.174279
-0.89368
0.810564
-0.239729
-1.00396e-12
0.00476554
-0.160476
0.0572192
0.0326155
-0.803756
1.40602
2.34712
-2.78824
0.635871
0.238578
1.10647
0.241712
0
-1.3
-2.17953
2.61736
-1.29675
0.896675
-0.0344489
0.324154
-1.44527
0.205879
-1.04444
0.769707
-0.159246
0.065855
-0.00136116
-0.0779941
0.041408
0.100938
-0.799658
1.32281
2.42999
-2.70696
0.64043
0.226522
1.12785
0.237489
0.0018293
-1.3
-2.1817
2.618
-1.29167
0.874462
0
0.393904
-1.5196
0.230849
-1.20522
0.787016
-0.0826373
0.0705939
0.0383467
-0.0788299
0.0228792
0.183539
-0.82468
1.24016
2.51102
-2.62569
-1.97757
-1.98744
7.79111
11.0511
-67.5668
12.6354
14.6353
3.69944
-10.4277
13.7854
-17.8739
-6.92211
8.18072
-2.82063
4.54729
0.266887
3.88258
-0.389674
-20.7253
12.6653
-16.3121
-6.24687
8.82536
-3.68408
4.14541
0.142259
3.15276
-0.822022
-20.1983
14.8459
-14.7812
-5.29271
8.73749
-2.92934
4.37383
0.239975
3.26462
-0.621761
-24.9663
12.8284
-13.433
-4.71126
9.18207
-2.47796
4.57559
0.302564
3.44599
-0.45405
-29.1203
10.9757
-13.9338
-4.83673
8.9394
-2.64323
4.46993
0.278784
3.11999
-0.624546
-27.2932
14.2033
-11.8971
-4.07665
8.92974
-4.01184
3.58693
0.0582728
4.45073
0.118666
-27.2003
15.3551
-12.4679
-4.50971
8.05219
-2.48642
5.66655
0.399443
5.63956
0.803392
-27.5459
15.7889
-8.57223
-2.45141
7.94244
-3.99429
2.95832
0.0210319
3.28002
-0.529109
-26.4196
16.8207
-16.8485
-8.63683
5.99644
-2.87414
4.62104
0.367637
4.33739
0.942122
-10.6676
14.7184
9.6185
57.9769
12.7801
11.8546
30.1982
175.106
30.0242
118.552
0
0
21.5831
209.026
12.1893
58.952
10.1839
9.79255
0
2.12928e-13
0
0
0
0
25.4535
218.95
12.7355
62.0346
13.5079
13.2766
0
-2.54092e-13
0
0
0
1.36451e-14
25.1074
223.434
12.4273
59.2995
11.7477
9.78297
0
6.47854e-14
0
0
0
0
19.4688
220.74
12.4248
60.1228
12.8905
12.2067
0
1.12233e-25
0
0
0
1.16737e-14
15.747
219.222
11.6966
58.7032
12.4543
10.2992
0
-1.53228e-13
0
0
0
0
18.4058
218.253
12.5333
58.6442
11.4688
11.3765
0
-2.68364e-13
0
0
0
0
23.3147
215.124
10.7214
55.6472
11.5448
7.9704
1.18081e-14
2.09401e-13
0
0
0
0
27.4784
210.987
9.68112
51.3983
9.70179
3.98145
0
0
0
0
0
0
32.727
205.366
12.6936
48.1913
12.1698
22.847
3.19802e-14
1.39654e-13
0
0
0
0
26.7426
123.276
