1.26
0.6233
0.273874
0.8817
0.4183
0
-1.3
-2.1817
2.6
-1.3
1.0451
-0.0491
-0.0805127
-0.842146
0.046422
-0.167217
0.743902
-0.185666
-0.582501
0.0242646
-0.743902
0.533972
-0.533972
-0.3304
2.0653
1.91081
-3
0.622335
0.277063
0.888691
0.406183
0
-1.29487
-2.1817
2.602
-1.3
1.0451
-0.0491
-0.0881025
-0.838236
0.0467149
-0.165257
0.740526
-0.185609
-0.581376
0.0264584
-0.743902
0.533972
-0.533972
-0.3304
2.0653
1.90886
-3
0.62137
0.280252
0.895682
0.394067
0
-1.28975
-2.1817
2.604
-1.3
1.0451
-0.0491
-0.0956923
-0.834326
0.0470078
-0.163296
0.73715
-0.185552
-0.58025
0.0286523
-0.743902
0.533972
-0.533972
-0.3304
2.0653
1.9069
-3
0.620405
0.28344
0.902673
0.38195
0
-1.28462
-2.1817
2.606
-1.3
1.0451
-0.0491
-0.103282
-0.830417
0.0473008
-0.161336
0.733774
-0.185495
-0.579125
0.0308461
-0.743902
0.533972
-0.533972
-0.3304
2.0653
1.90495
-3
0.61944
0.286629
0.909664
0.369833
0
-1.2795
-2.1817
2.608
-1.3
1.0451
-0.0491
-0.110872
-0.826507
0.0475937
-0.159376
0.730398
-0.185439
-0.578
0.0330399
-0.743902
0.533972
-0.533972
-0.3304
2.0653
1.903
-3
0.618475
0.289818
0.916655
0.357716
0
-1.27437
-2.1817
2.61
-1.3
1.0451
-0.0491
-0.118462
-0.822597
0.0478867
-0.157416
0.727022
-0.185382
-0.576874
0.0352337
-0.743902
0.533972
-0.533972
-0.3304
2.0653
1.90105
-3
0.61751
0.293006
0.923646
0.3456
0
-1.26925
-2.1817
2.612
-1.3
1.0451
-0.0491
-0.126051
-0.818687
0.0481796
-0.155456
0.723646
-0.185325
-0.575749
0.0374275
-0.743902
0.533972
-0.533972
-0.3304
2.0653
1.89909
-3
0.616545
0.296195
0.930637
0.333483
0
-1.26412
-2.1817
2.614
-1.3
1.0451
-0.0491
-0.133641
-0.814777
0.0484725
-0.153496
0.72027
-0.185268
-0.574623
0.0396213
-0.743902
0.533972
-0.533972
-0.3304
2.0653
1.89714
-3
0.61558
0.299383
0.937628
0.321366
0
-1.25899
-2.1817
2.616
-1.3
1.0451
-0.0491
-0.141231
-0.810867
0.0487655
-0.151536
0.716894
-0.185211
-0.573498
0.0418151
-0.743902
0.533972
-0.533972
-0.3304
2.0653
1.89519
-3
0.614615
0.302572
0.944619
0.309249
0
-1.25387
-2.1817
2.618
-1.3
1.0451
-0.0491
-0.148821
-0.806958
0.0490584
-0.149576
0.713518
-0.185154
-0.572373
0.0440089
-0.743902
0.533972
-0.533972
-0.3304
2.0653
1.89323
-3
26.1923
17.2823
12.1727
19.8676
-100
27.8943
-35.793
-47.8809
-54.1546
28.2585
26.1157
17.3343
12.3281
18.5409
-100
27.2496
-35.1512
-47.3876
-53.8483
28.1452
26.04
17.3854
12.4806
17.2319
-100
26.608
-34.5085
-46.8931
-53.5381
28.0321
25.9652
17.4357
12.6303
15.941
-100
25.9696
-33.8651
-46.3975
-53.2243
27.9192
25.8914
17.4849
12.777
14.6681
-100
25.3346
-33.2213
-45.9009
-52.9069
27.8064
25.8185
17.5332
12.9208
13.4136
-100
24.7032
-32.5771
-45.4035
-52.586
27.6938
25.7465
17.5806
13.0617
12.1775
-100
24.0754
-31.9328
-44.9054
-52.2616
27.5814
25.6755
17.627
13.1996
10.9601
-100
23.4514
-31.2885
-44.4067
-51.9339
27.4691
25.6054
17.6723
13.3344
9.76159
-100
22.8312
-30.6445
-43.9075
-51.603
27.3571
-38.3227
-25.1073
3.92106
1.1071
25.1468
-3.13893
5.08708
15.9455
36.3127
-8.17897
3.25679
57.7797
3.25679
0
30.4763
334.074
30.4763
200.783
6.20049e-14
-1.64778e-14
35.9426
425.731
4.28307
57.9927
4.28307
0
0
0
0
0
0
0
36.9183
424.381
5.29627
58.2086
5.29627
-6.60176e-15
0
0
0
0
0
0
37.8863
422.998
6.29618
58.4273
6.29618
0
0
0
0
0
0
0
38.8464
421.584
7.28262
58.6485
7.28262
0
0
0
0
0
0
0
39.7983
420.138
8.25539
58.8721
8.25539
-6.10944e-15
0
0
0
0
0
0
40.7416
418.661
9.21433
59.0979
9.21433
0
0
0
0
0
0
0
41.6761
417.153
10.1593
59.3256
10.1593
0
0
0
0
0
0
0
42.6015
415.614
11.09
59.5551
11.09
0
0
0
0
0
0
0
43.5176
414.044
32.4246
52.8945
32.4246
89.7077
0
0
0
0
0
0
-2.84397
-87.398
