3.5
0.6233
0.273874
0.8817
0.4183
0
-1.3
-2.1817
2.6
-1.3
1.0451
-0.0491
-0.0805127
-0.842146
0.046422
-0.167217
0.743902
-0.185666
-0.582501
0.0242646
-0.743902
0.533972
-0.533972
-0.3304
2.0653
1.91081
-3
0.623453
0.274411
0.883416
0.420662
0.000904806
-1.3
-2.1817
2.59828
-1.3
1.0451
-0.0491
-0.0810316
-0.842141
0.0464141
-0.16718
0.7438
-0.185666
-0.582501
0.0242646
-0.743786
0.533853
-0.533867
-0.3304
2.0653
1.9109
-3
0.623607
0.274947
0.885133
0.423024
0.00180961
-1.3
-2.1817
2.59657
-1.3
1.0451
-0.0491
-0.0815504
-0.842136
0.0464062
-0.167142
0.743697
-0.185666
-0.582501
0.0242646
-0.743669
0.533735
-0.533762
-0.3304
2.0653
1.91099
-3
0.62376
0.275483
0.886849
0.425386
0.00271442
-1.3
-2.1817
2.59485
-1.3
1.0451
-0.0491
-0.0820693
-0.842131
0.0463984
-0.167105
0.743594
-0.185666
-0.582501
0.0242646
-0.743553
0.533616
-0.533657
-0.3304
2.0653
1.91108
-3
0.623913
0.276019
0.888565
0.427748
0.00361922
-1.3
-2.1817
2.59313
-1.3
1.0451
-0.0491
-0.0825882
-0.842126
0.0463905
-0.167068
0.743491
-0.185666
-0.582501
0.0242646
-0.743436
0.533498
-0.533552
-0.3304
2.0653
1.91117
-3
0.624067
0.276556
0.890281
0.43011
0.00452403
-1.3
-2.1817
2.59142
-1.3
1.0451
-0.0491
-0.083107
-0.842121
0.0463827
-0.167031
0.743388
-0.185666
-0.582501
0.0242646
-0.74332
0.533379
-0.533447
-0.3304
2.0653
1.91126
-3
0.62422
0.277092
0.891998
0.432472
0.00542883
-1.3
-2.1817
2.5897
-1.3
1.0451
-0.0491
-0.0836259
-0.842116
0.0463748
-0.166994
0.743285
-0.185666
-0.582501
0.0242646
-0.743203
0.533261
-0.533343
-0.3304
2.0653
1.91135
-3
0.624373
0.277628
0.893714
0.434833
0.00633364
-1.3
-2.1817
2.58799
-1.3
1.0451
-0.0491
-0.0841447
-0.842111
0.0463669
-0.166957
0.743182
-0.185666
-0.582501
0.0242646
-0.743087
0.533142
-0.533238
-0.3304
2.0653
1.91144
-3
0.624527
0.278165
0.89543
0.437195
0.00723845
-1.3
-2.1817
2.58627
-1.3
1.0451
-0.0491
-0.0846636
-0.842106
0.0463591
-0.16692
0.743079
-0.185666
-0.582501
0.0242646
-0.74297
0.533024
-0.533133
-0.3304
2.0653
1.91153
-3
0.62468
0.278701
0.897147
0.439557
0.00814325
-1.3
-2.1817
2.58455
-1.3
1.0451
-0.0491
-0.0851825
-0.842101
0.0463512
-0.166883
0.742976
-0.185666
-0.582501
0.0242646
-0.742853
0.532905
-0.533028
-0.3304
2.0653
1.91162
-3
-1.11099
-0.416186
8.95224
11.1779
-62.6746
14.3504
-18.5417
-21.1635
-15.9263
13.3992
-1.1721
-0.505835
8.85743
11.2912
-62.6373
14.3914
-18.5491
-21.1647
-15.9171
13.4104
-1.23234
-0.594719
8.76254
11.4047
-62.5991
14.4324
-18.5564
-21.1659
-15.9077
13.4217
-1.29171
-0.682836
8.66758
11.5183
-62.5602
14.4733
-18.5637
-21.167
-15.8979
13.4329
-1.3502
-0.770184
8.57255
11.6322
-62.5204
14.5142
-18.571
-21.168
-15.8877
13.4443
-1.40782
-0.856761
8.47745
11.7462
-62.4799
14.5549
-18.5782
-21.169
-15.8772
13.4556
-1.46456
-0.942564
8.38228
11.8604
-62.4386
14.5955
-18.5853
-21.1699
-15.8663
13.467
-1.52042
-1.02759
8.28705
11.9748
-62.3964
14.6361
-18.5925
-21.1708
-15.8551
13.4783
-1.5754
-1.11184
8.19176
12.0893
-62.3535
14.6766
-18.5995
-21.1716
-15.8436
13.4897
-15.6022
-9.85236
7.13112
8.36373
-33.8663
8.54715
-10.8074
-9.28064
0.916278
6.87031
16.829
55.5062
16.829
11.4417
24.562
169.586
24.562
115.493
0
0
21.249
209.885
0
0
0
0
24.7863
169.63
24.7863
115.585
0
0
21.507
209.933
0
-6.33571e-15
0
0
25.0106
169.672
25.0106
115.677
0
0
21.7653
209.978
0
0
0
0
25.2351
169.713
25.2351
115.768
0
0
22.0239
210.022
0
0
0
0
25.4598
169.751
25.4598
115.858
0
0
22.2828
210.063
0
0
0
0
25.6845
169.789
25.6845
115.946
0
0
22.5419
210.103
0
0
0
0
25.9092
169.824
25.9092
116.034
0
0
22.8012
210.14
0
0
0
0
26.1341
169.858
26.1341
116.12
0
0
23.0607
210.175
0
0
0
0
26.359
169.89
26.359
116.206
0
-1.38598e-14
23.3205
210.209
-2.63903e-15
0
0
0
22.4667
97.7846
22.4667
79.5834
0
0
15.6616
115.168
