3.5
0.6233
0.273874
0.8817
0.4183
0
-1.3
-2.1817
2.6
-1.3
1.0451
-0.0491
-0.0805127
-0.842146
0.046422
-0.167217
0.743902
-0.185666
-0.582501
0.0242646
-0.743902
0.533972
-0.533972
-0.3304
2.0653
1.91081
-3
0.623453
0.274411
0.883416
0.420662
0.000904806
-1.3
-2.1817
2.59828
-1.3
1.0451
-0.0491
-0.0810316
-0.842141
0.0464141
-0.16718
0.7438
-0.185666
-0.582501
0.0242646
-0.743786
0.533853
-0.533867
-0.3304
2.0653
1.9109
-3
0.623607
0.274947
0.885133
0.423024
0.00180961
-1.3
-2.1817
2.59657
-1.3
1.0451
-0.0491
-0.0815504
-0.842136
0.0464062
-0.167142
0.743697
-0.185666
-0.582501
0.0242646
-0.743669
0.533735
-0.533762
-0.3304
2.0653
1.91099
-3
0.62376
0.275483
0.886849
0.425386
0.00271442
-1.3
-2.1817
2.59485
-1.3
1.0451
-0.0491
-0.0820693
-0.842131
0.0463984
-0.167105
0.743594
-0.185666
-0.582501
0.0242646
-0.743553
0.533616
-0.533657
-0.3304
2.0653
1.91108
-3
0.623913
0.276019
0.888565
0.427748
0.00361922
-1.3
-2.1817
2.59313
-1.3
1.0451
-0.0491
-0.0825882
-0.842126
0.0463905
-0.167068
0.743491
-0.185666
-0.582501
0.0242646
-0.743436
0.533498
-0.533552
-0.3304
2.0653
1.91117
-3
0.624067
0.276556
0.890281
0.43011
0.00452403
-1.3
-2.1817
2.59142
-1.3
1.0451
-0.0491
-0.083107
-0.842121
0.0463827
-0.167031
0.743388
-0.185666
-0.582501
0.0242646
-0.74332
0.533379
-0.533447
-0.3304
2.0653
1.91126
-3
0.62422
0.277092
0.891998
0.432472
0.00542883
-1.3
-2.1817
2.5897
-1.3
1.0451
-0.0491
-0.0836259
-0.842116
0.0463748
-0.166994
0.743285
-0.185666
-0.582501
0.0242646
-0.743203
0.533261
-0.533343
-0.3304
2.0653
1.91135
-3
0.624373
0.277628
0.893714
0.434833
0.00633364
-1.3
-2.1817
2.58799
-1.3
1.0451
-0.0491
-0.0841447
-0.842111
0.0463669
-0.166957
0.743182
-0.185666
-0.582501
0.0242646
-0.743087
0.533142
-0.533238
-0.3304
2.0653
1.91144
-3
0.624527
0.278165
0.89543
0.437195
0.00723845
-1.3
-2.1817
2.58627
-1.3
1.0451
-0.0491
-0.0846636
-0.842106
0.0463591
-0.16692
0.743079
-0.185666
-0.582501
0.0242646
-0.74297
0.533024
-0.533133
-0.3304
2.0653
1.91153
-3
0.62468
0.278701
0.897147
0.439557
0.00814325
-1.3
-2.1817
2.58455
-1.3
1.0451
-0.0491
-0.0851825
-0.842101
0.0463512
-0.166883
0.742976
-0.185666
-0.582501
0.0242646
-0.742853
0.532905
-0.533028
-0.3304
2.0653
1.91162
-3
0.469373
0.575165
9.09947
11.5521
-65.9259
15.0251
-19.4116
-22.5025
-17.8385
14.1368
0.407571
0.483473
9.00061
11.6722
-65.8845
15.0686
-19.4209
-22.5047
-17.8267
14.1494
0.346679
0.392582
8.90168
11.7926
-65.8423
15.1121
-19.4301
-22.5068
-17.8147
14.1621
0.286699
0.302496
8.80268
11.9131
-65.7992
15.1554
-19.4394
-22.5088
-17.8022
14.1749
0.227631
0.213215
8.70362
12.0338
-65.7552
15.1986
-19.4485
-22.5107
-17.7894
14.1876
0.169479
0.124743
8.60449
12.1547
-65.7105
15.2418
-19.4576
-22.5126
-17.7763
14.2003
0.112242
0.0370814
8.50531
12.2758
-65.6649
15.2848
-19.4667
-22.5145
-17.7628
14.2131
0.0559244
-0.0497665
8.40607
12.397
-65.6185
15.3278
-19.4757
-22.5162
-17.7489
14.2259
0.000526273
-0.135799
8.30677
12.5184
-65.5712
15.3706
-19.4846
-22.5179
-17.7347
14.2387
-17.1778
-10.8267
7.02009
7.92773
-30.6526
7.85065
-9.92052
-7.93345
2.80474
6.11985
16.0853
55.4676
16.0853
8.45722
24.889
177.747
24.889
119.601
0
0
21.9989
220.655
0
0
0
0
25.1291
177.789
25.1291
119.699
0
0
22.2732
220.699
0
0
0
0
25.3693
177.83
25.3693
119.796
0
0
22.5478
220.74
0
0
0
0
25.6096
177.869
25.6096
119.892
0
0
22.8226
220.779
0
0
0
0
25.8499
177.906
25.8499
119.986
0
0
23.0976
220.816
0
0
0
0
26.0904
177.941
26.0904
120.08
0
0
23.3729
220.851
0
0
0
0
26.3308
177.975
26.3308
120.172
0
0
23.6484
220.884
0
0
-1.71418e-15
0
26.5713
178.006
26.5713
120.263
0
0
23.9241
220.914
0
0
0
0
26.8119
178.036
26.8119
120.354
-2.17243e-14
0
24.2
220.942
0
0
0
0
21.9982
89.6398
21.9982
75.4302
0
0
14.7659
104.437
