3.5
0.62319
0.274272
0.88143
0.41749
0.000890409
-1.29981
-2.17704
2.59519
-1.3
1.04351
-0.0543502
-0.0830316
-0.838733
0.0458471
-0.168021
0.739614
-0.183004
-0.584645
0.0240038
-0.74741
0.550493
-0.531314
-0.3088
2.06604
1.90374
-2.96758
0.622254
0.27735
0.887897
0.406165
0.000704962
-1.29477
-2.18145
2.60162
-1.3
1.04479
-0.0511136
-0.0903284
-0.834839
0.0460953
-0.164837
0.737234
-0.184523
-0.579497
0.0261887
-0.744368
0.552069
-0.534466
-0.310376
2.06447
1.9018
-2.96993
0.62132
0.280428
0.894979
0.394227
0.000519515
-1.28973
-2.18115
2.60398
-1.29971
1.04427
-0.0533809
-0.0976252
-0.831318
0.0467103
-0.162887
0.73447
-0.184467
-0.578376
0.0283737
-0.739641
0.552069
-0.531058
-0.30905
2.06385
1.90071
-2.97144
0.620386
0.283506
0.902061
0.38229
0.000334067
-1.28468
-2.1817
2.60558
-1.29998
1.044
-0.0512644
-0.104586
-0.828262
0.0472091
-0.160934
0.731108
-0.18441
-0.577255
0.0307211
-0.738167
0.552069
-0.526331
-0.3088
2.06373
1.90056
-2.97203
0.619464
0.28657
0.909143
0.370352
0.000167034
-1.27958
-2.18095
2.60804
-1.29984
1.04511
-0.0497696
-0.110849
-0.826151
0.0475008
-0.159017
0.727746
-0.184353
-0.576087
0.032906
-0.736507
0.548772
-0.527906
-0.309649
2.06217
1.89862
-2.9727
0.618543
0.289634
0.916225
0.358414
0
-1.27447
-2.1817
2.60948
-1.2999
1.04492
-0.0496676
-0.117113
-0.824039
0.0477955
-0.157025
0.72422
-0.184296
-0.574966
0.0350909
-0.736791
0.545497
-0.523179
-0.3088
2.06003
1.89418
-2.97348
0.617622
0.292714
0.923192
0.346476
0
-1.26937
-2.18077
2.61196
-1.29991
1.0444
-0.048901
-0.124955
-0.819663
0.0479954
-0.154886
0.720405
-0.18424
-0.573416
0.0372758
-0.739645
0.540769
-0.52296
-0.308874
2.0641
1.89067
-2.97462
0.616665
0.295883
0.930034
0.334539
0
-1.26426
-2.18139
2.6134
-1.29982
1.04511
-0.048901
-0.132797
-0.815285
0.048367
-0.152891
0.717043
-0.184155
-0.572295
0.0394607
-0.739707
0.536041
-0.518232
-0.3088
2.06562
1.88872
-2.9764
0.615702
0.299068
0.936844
0.322612
0
-1.25916
-2.1807
2.61601
-1.29998
1.04511
-0.048901
-0.140638
-0.810897
0.048797
-0.150898
0.712941
-0.184098
-0.570865
0.0416457
-0.743309
0.531314
-0.519808
-0.3088
2.06142
1.88678
-2.97662
0.614771
0.302185
0.943399
0.310966
0.000120439
-1.25405
-2.18165
2.618
-1.3
1.04459
-0.048901
-0.14848
-0.806263
0.0509417
-0.150171
0.709579
-0.183318
-0.569744
0.045692
-0.748036
0.534466
-0.51508
-0.31149
2.06055
1.88377
-2.97189
4.75059
3.32944
9.56077
12.7524
-75.72
17.0503
-21.803
-26.3812
-23.5916
16.2801
4.66374
3.34564
9.656
11.9256
-75.4227
16.6486
-21.4361
-26.1064
-23.5577
16.2263
4.68449
3.41008
9.75124
11.1385
-75.4491
16.2992
-21.0439
-25.8295
-23.4774
16.1682
4.88698
3.56289
9.82699
10.3309
-75.4962
15.9509
-20.6868
-25.5624
-23.3874
16.0925
4.93964
3.64166
9.91967
9.57907
-75.4983
15.6061
-20.3169
-25.2977
-23.3466
16.0394
5.1327
3.78628
9.98821
8.77856
-75.5132
15.2576
-19.9287
-25.0106
-23.2742
15.9843
5.13612
3.8417
10.0841
8.03884
-75.4958
14.9152
-19.5309
-24.7256
-23.1597
15.9053
5.29332
3.96589
10.1499
7.28323
-75.4733
14.5708
-19.1719
-24.4606
-23.012
15.81
5.3489
4.04864
10.2446
6.52145
-75.4441
14.227
-18.7923
-24.1874
-22.9191
15.7416
-18.5142
-11.6299
7.16191
3.77621
-23.8144
5.17055
-6.31279
-3.45858
7.6414
3.5718
13.9309
55.5905
13.9309
0.0164583
25.5235
202.549
25.6545
132.292
0
0
24.1646
253.266
14.4125
55.8935
14.4125
0.0914236
0
0
0
0
0
0
24.6862
253.403
14.9707
56.101
14.9707
0.426139
0
0
0
0
0
0
25.278
253.182
15.4395
56.1207
15.4395
0.662273
0
0
0
0
0
0
25.7948
252.705
15.9904
56.3114
15.9904
1.04285
0
0
0
0
0
0
26.3848
252.411
16.446
56.3201
16.446
1.30581
0
0
0
0
3.55702e-14
0
26.8964
251.96
16.9892
56.5788
16.9892
1.72613
0
0
0
0
0
0
27.4839
251.597
17.4313
56.619
17.4313
2.03055
0
0
0
0
0
0
27.9897
250.92
17.9811
56.836
17.9811
2.42712
0
0
0
0
0
0
28.5743
250.715
26.1092
56.3071
26.105
48.8762
0
0
0
0
-1.50593e-15
0
12.8237
77.3746
