3.5
0.6233
0.273874
0.8817
0.4183
0
-1.3
-2.1817
2.6
-1.3
1.0451
-0.0491
-0.0805127
-0.842146
0.046422
-0.167217
0.743902
-0.185666
-0.582501
0.0242646
-0.743902
0.533972
-0.533972
-0.3304
2.0653
1.91081
-3
0.623453
0.274411
0.883416
0.420662
0.000904806
-1.3
-2.1817
2.59828
-1.3
1.0451
-0.0491
-0.0810316
-0.842141
0.0464141
-0.16718
0.7438
-0.185666
-0.582501
0.0242646
-0.743786
0.533853
-0.533867
-0.3304
2.0653
1.9109
-3
0.623607
0.274947
0.885133
0.423024
0.00180961
-1.3
-2.1817
2.59657
-1.3
1.0451
-0.0491
-0.0815504
-0.842136
0.0464062
-0.167142
0.743697
-0.185666
-0.582501
0.0242646
-0.743669
0.533735
-0.533762
-0.3304
2.0653
1.91099
-3
0.62376
0.275483
0.886849
0.425386
0.00271442
-1.3
-2.1817
2.59485
-1.3
1.0451
-0.0491
-0.0820693
-0.842131
0.0463984
-0.167105
0.743594
-0.185666
-0.582501
0.0242646
-0.743553
0.533616
-0.533657
-0.3304
2.0653
1.91108
-3
0.623913
0.276019
0.888565
0.427748
0.00361922
-1.3
-2.1817
2.59313
-1.3
1.0451
-0.0491
-0.0825882
-0.842126
0.0463905
-0.167068
0.743491
-0.185666
-0.582501
0.0242646
-0.743436
0.533498
-0.533552
-0.3304
2.0653
1.91117
-3
0.624067
0.276556
0.890281
0.43011
0.00452403
-1.3
-2.1817
2.59142
-1.3
1.0451
-0.0491
-0.083107
-0.842121
0.0463827
-0.167031
0.743388
-0.185666
-0.582501
0.0242646
-0.74332
0.533379
-0.533447
-0.3304
2.0653
1.91126
-3
0.62422
0.277092
0.891998
0.432472
0.00542883
-1.3
-2.1817
2.5897
-1.3
1.0451
-0.0491
-0.0836259
-0.842116
0.0463748
-0.166994
0.743285
-0.185666
-0.582501
0.0242646
-0.743203
0.533261
-0.533343
-0.3304
2.0653
1.91135
-3
0.624373
0.277628
0.893714
0.434833
0.00633364
-1.3
-2.1817
2.58799
-1.3
1.0451
-0.0491
-0.0841447
-0.842111
0.0463669
-0.166957
0.743182
-0.185666
-0.582501
0.0242646
-0.743087
0.533142
-0.533238
-0.3304
2.0653
1.91144
-3
0.624527
0.278165
0.89543
0.437195
0.00723845
-1.3
-2.1817
2.58627
-1.3
1.0451
-0.0491
-0.0846636
-0.842106
0.0463591
-0.16692
0.743079
-0.185666
-0.582501
0.0242646
-0.74297
0.533024
-0.533133
-0.3304
2.0653
1.91153
-3
0.62468
0.278701
0.897147
0.439557
0.00814325
-1.3
-2.1817
2.58455
-1.3
1.0451
-0.0491
-0.0851825
-0.842101
0.0463512
-0.166883
0.742976
-0.185666
-0.582501
0.0242646
-0.742853
0.532905
-0.533028
-0.3304
2.0653
1.91162
-3
-0.9218
-0.297473
8.96982
11.2226
-63.0637
14.4311
-18.6457
-21.3237
-16.1552
13.4874
-0.982993
-0.387365
8.87453
11.3367
-63.0259
14.4725
-18.6533
-21.325
-16.1458
13.4988
-1.04331
-0.476489
8.77916
11.451
-62.9873
14.5138
-18.6609
-21.3263
-16.136
13.5102
-1.10275
-0.564842
8.68371
11.5655
-62.9478
14.555
-18.6684
-21.3275
-16.1259
13.5217
-1.16131
-0.652421
8.5882
11.6802
-62.9076
14.5961
-18.6759
-21.3287
-16.1154
13.5332
-1.21899
-0.739225
8.49261
11.7951
-62.8665
14.6371
-18.6833
-21.3298
-16.1045
13.5447
-1.27579
-0.82525
8.39697
11.9101
-62.8247
14.6781
-18.6907
-21.3308
-16.0934
13.5562
-1.33171
-0.910494
8.30125
12.0253
-62.782
14.7189
-18.698
-21.3317
-16.0819
13.5678
-1.38674
-0.994955
8.20548
12.1406
-62.7386
14.7596
-18.7053
-21.3326
-16.07
13.5793
-15.7908
-9.96904
7.11787
8.31159
-33.4817
8.46378
-10.7014
-9.11948
1.14236
6.78052
16.7399
55.5011
16.7399
11.0839
24.6011
170.563
24.6011
115.984
0
0
21.3387
211.174
0
0
0
0
24.8272
170.606
24.8272
116.078
0
0
21.5987
211.221
2.09093e-15
0
0
0
25.0535
170.648
25.0535
116.17
0
0
21.8589
211.267
2.39023e-15
0
0
0
25.2799
170.689
25.2799
116.261
0
0
22.1195
211.31
0
0
0
0
25.5064
170.727
25.5064
116.352
0
0
22.3803
211.351
0
0
0
0
25.733
170.764
25.733
116.441
0
0
22.6413
211.389
0
0
0
0
25.9596
170.8
25.9596
116.529
0
0
22.9026
211.426
0
0
0
1.7868e-15
26.1863
170.833
26.1863
116.616
0
0
23.1641
211.461
0
0
1.55894e-15
0
26.4131
170.865
26.4131
116.702
0
0
23.4258
211.493
-2.63903e-15
0
0
0
22.4107
96.8098
22.4107
79.0865
0
0
15.5544
113.883
