3.06
0.6233
0.273874
0.8817
0.4183
0
-1.3
-2.1817
2.6
-1.3
1.0451
-0.0491
-0.0805127
-0.842146
0.046422
-0.167217
0.743902
-0.185666
-0.582501
0.0242646
-0.743902
0.533972
-0.533972
-0.3304
2.0653
1.91081
-3
0.623453
0.274411
0.883416
0.420662
0.000904806
-1.3
-2.1817
2.59828
-1.3
1.0451
-0.0491
-0.0810316
-0.842141
0.0464141
-0.16718
0.7438
-0.185666
-0.582501
0.0242646
-0.743786
0.533853
-0.533867
-0.3304
2.0653
1.9109
-3
0.623607
0.274947
0.885133
0.423024
0.00180961
-1.3
-2.1817
2.59657
-1.3
1.0451
-0.0491
-0.0815504
-0.842136
0.0464062
-0.167142
0.743697
-0.185666
-0.582501
0.0242646
-0.743669
0.533735
-0.533762
-0.3304
2.0653
1.91099
-3
0.62376
0.275483
0.886849
0.425386
0.00271442
-1.3
-2.1817
2.59485
-1.3
1.0451
-0.0491
-0.0820693
-0.842131
0.0463984
-0.167105
0.743594
-0.185666
-0.582501
0.0242646
-0.743553
0.533616
-0.533657
-0.3304
2.0653
1.91108
-3
0.623913
0.276019
0.888565
0.427748
0.00361922
-1.3
-2.1817
2.59313
-1.3
1.0451
-0.0491
-0.0825882
-0.842126
0.0463905
-0.167068
0.743491
-0.185666
-0.582501
0.0242646
-0.743436
0.533498
-0.533552
-0.3304
2.0653
1.91117
-3
0.624067
0.276556
0.890281
0.43011
0.00452403
-1.3
-2.1817
2.59142
-1.3
1.0451
-0.0491
-0.083107
-0.842121
0.0463827
-0.167031
0.743388
-0.185666
-0.582501
0.0242646
-0.74332
0.533379
-0.533447
-0.3304
2.0653
1.91126
-3
0.62422
0.277092
0.891998
0.432472
0.00542883
-1.3
-2.1817
2.5897
-1.3
1.0451
-0.0491
-0.0836259
-0.842116
0.0463748
-0.166994
0.743285
-0.185666
-0.582501
0.0242646
-0.743203
0.533261
-0.533343
-0.3304
2.0653
1.91135
-3
0.624373
0.277628
0.893714
0.434833
0.00633364
-1.3
-2.1817
2.58799
-1.3
1.0451
-0.0491
-0.0841447
-0.842111
0.0463669
-0.166957
0.743182
-0.185666
-0.582501
0.0242646
-0.743087
0.533142
-0.533238
-0.3304
2.0653
1.91144
-3
0.624527
0.278165
0.89543
0.437195
0.00723845
-1.3
-2.1817
2.58627
-1.3
1.0451
-0.0491
-0.0846636
-0.842106
0.0463591
-0.16692
0.743079
-0.185666
-0.582501
0.0242646
-0.74297
0.533024
-0.533133
-0.3304
2.0653
1.91153
-3
0.62468
0.278701
0.897147
0.439557
0.00814325
-1.3
-2.1817
2.58455
-1.3
1.0451
-0.0491
-0.0851825
-0.842101
0.0463512
-0.166883
0.742976
-0.185666
-0.582501
0.0242646
-0.742853
0.532905
-0.533028
-0.3304
2.0653
1.91162
-3
7.52612
4.99367
9.76705
13.2361
-80.4704
18.0411
-23.3295
-28.5095
-26.3755
17.4426
7.46117
4.89279
9.65005
13.3868
-80.4109
18.0955
-23.3474
-28.5158
-26.3522
17.4616
7.3973
4.79286
9.53302
13.5378
-80.3504
18.1498
-23.3652
-28.522
-26.3285
17.4807
7.33452
4.69391
9.41595
13.689
-80.2888
18.204
-23.3829
-28.5281
-26.3044
17.4998
7.27282
4.59593
9.29885
13.8403
-80.2262
18.2581
-23.4006
-28.5341
-26.2798
17.5189
7.21222
4.49893
9.18172
13.9919
-80.1626
18.312
-23.4181
-28.54
-26.2549
17.538
7.1527
4.4029
9.06456
14.1436
-80.098
18.3658
-23.4355
-28.5458
-26.2295
17.5571
7.09428
4.30785
8.94738
14.2955
-80.0324
18.4194
-23.4528
-28.5515
-26.2038
17.5762
7.03695
4.21378
8.83018
14.4475
-79.9658
18.4729
-23.47
-28.5571
-26.1776
17.5953
-24.2127
-15.1686
6.5145
5.96773
-16.2756
4.73745
-5.92683
-1.89013
11.2361
2.7568
12.7833
55.3994
12.7833
0
26.3685
214.23
26.3685
138.004
0
0
25.3596
268.784
0
0
0
0
26.6793
214.266
26.6793
138.126
0
0
25.7064
268.809
0
-6.33571e-15
0
0
26.9901
214.3
26.9901
138.246
0
0
26.0534
268.832
0
0
0
0
27.3008
214.331
27.3008
138.365
0
0
26.4006
268.851
0
0
1.77985e-15
0
27.6115
214.36
27.6115
138.482
0
0
26.7481
268.869
0
0
0
0
27.9221
214.387
27.9221
138.598
0
0
27.0957
268.883
0
0
0
0
28.2326
214.411
28.2326
138.712
0
0
27.4434
268.895
0
0
0
-8.93401e-16
28.5431
214.433
28.5431
138.825
0
0
27.7913
268.904
0
0
0
0
28.8534
214.454
28.8534
138.936
0
0
28.1393
268.91
0
0
0
0
19.8868
53.228
19.8868
56.8243
0
0
10.7545
56.4862
