3.5
0.6233
0.273874
0.8817
0.4183
0
-1.3
-2.1817
2.6
-1.3
1.0451
-0.0491
-0.0805127
-0.842146
0.046422
-0.167217
0.743902
-0.185666
-0.582501
0.0242646
-0.743902
0.533972
-0.533972
-0.3304
2.0653
1.91081
-3
0.623453
0.274411
0.883416
0.420662
0.000904806
-1.3
-2.1817
2.59828
-1.3
1.0451
-0.0491
-0.0810316
-0.842141
0.0464141
-0.16718
0.7438
-0.185666
-0.582501
0.0242646
-0.743786
0.533853
-0.533867
-0.3304
2.0653
1.9109
-3
0.623607
0.274947
0.885133
0.423024
0.00180961
-1.3
-2.1817
2.59657
-1.3
1.0451
-0.0491
-0.0815504
-0.842136
0.0464062
-0.167142
0.743697
-0.185666
-0.582501
0.0242646
-0.743669
0.533735
-0.533762
-0.3304
2.0653
1.91099
-3
0.62376
0.275483
0.886849
0.425386
0.00271442
-1.3
-2.1817
2.59485
-1.3
1.0451
-0.0491
-0.0820693
-0.842131
0.0463984
-0.167105
0.743594
-0.185666
-0.582501
0.0242646
-0.743553
0.533616
-0.533657
-0.3304
2.0653
1.91108
-3
0.623913
0.276019
0.888565
0.427748
0.00361922
-1.3
-2.1817
2.59313
-1.3
1.0451
-0.0491
-0.0825882
-0.842126
0.0463905
-0.167068
0.743491
-0.185666
-0.582501
0.0242646
-0.743436
0.533498
-0.533552
-0.3304
2.0653
1.91117
-3
0.624067
0.276556
0.890281
0.43011
0.00452403
-1.3
-2.1817
2.59142
-1.3
1.0451
-0.0491
-0.083107
-0.842121
0.0463827
-0.167031
0.743388
-0.185666
-0.582501
0.0242646
-0.74332
0.533379
-0.533447
-0.3304
2.0653
1.91126
-3
0.62422
0.277092
0.891998
0.432472
0.00542883
-1.3
-2.1817
2.5897
-1.3
1.0451
-0.0491
-0.0836259
-0.842116
0.0463748
-0.166994
0.743285
-0.185666
-0.582501
0.0242646
-0.743203
0.533261
-0.533343
-0.3304
2.0653
1.91135
-3
0.624373
0.277628
0.893714
0.434833
0.00633364
-1.3
-2.1817
2.58799
-1.3
1.0451
-0.0491
-0.0841447
-0.842111
0.0463669
-0.166957
0.743182
-0.185666
-0.582501
0.0242646
-0.743087
0.533142
-0.533238
-0.3304
2.0653
1.91144
-3
0.624527
0.278165
0.89543
0.437195
0.00723845
-1.3
-2.1817
2.58627
-1.3
1.0451
-0.0491
-0.0846636
-0.842106
0.0463591
-0.16692
0.743079
-0.185666
-0.582501
0.0242646
-0.74297
0.533024
-0.533133
-0.3304
2.0653
1.91153
-3
0.62468
0.278701
0.897147
0.439557
0.00814325
-1.3
-2.1817
2.58455
-1.3
1.0451
-0.0491
-0.0851825
-0.842101
0.0463512
-0.166883
0.742976
-0.185666
-0.582501
0.0242646
-0.742853
0.532905
-0.533028
-0.3304
2.0653
1.91162
-3
-0.511017
-0.0397484
9.00804
11.3198
-63.9087
14.6065
-18.8716
-21.6716
-16.6522
13.6791
-0.572389
-0.130172
8.91169
11.4357
-63.8698
14.6485
-18.8797
-21.6732
-16.6421
13.6909
-0.632876
-0.219817
8.81527
11.5518
-63.8301
14.6904
-18.8878
-21.6747
-16.6317
13.7027
-0.692476
-0.308681
8.71878
11.6681
-63.7896
14.7322
-18.8958
-21.6761
-16.6209
13.7145
-0.751187
-0.396762
8.62221
11.7846
-63.7483
14.774
-18.9038
-21.6775
-16.6097
13.7263
-0.809006
-0.484058
8.52558
11.9012
-63.7061
14.8156
-18.9117
-21.6788
-16.5982
13.7382
-0.865934
-0.570566
8.42889
12.018
-63.6632
14.8572
-18.9196
-21.6801
-16.5863
13.7501
-0.921967
-0.656283
8.33214
12.1349
-63.6194
14.8987
-18.9274
-21.6813
-16.5741
13.762
-0.977105
-0.741208
8.23533
12.2521
-63.5748
14.94
-18.9352
-21.6824
-16.5615
13.774
-16.2003
-10.2223
7.08906
8.19833
-32.6465
8.28276
-10.471
-8.76945
1.63323
6.58552
16.5465
55.4905
16.5465
10.3074
24.686
172.684
24.686
117.052
0
0
21.5336
213.974
0
0
0
0
24.9162
172.727
24.9162
117.146
0
0
21.7978
214.02
-2.09093e-15
0
0
0
25.1466
172.769
25.1466
117.24
0
0
22.0623
214.064
0
0
0
1.12078e-15
25.3771
172.809
25.3771
117.333
-2.00626e-14
0
22.327
214.106
0
0
0
0
25.6077
172.847
25.6077
117.424
0
0
22.592
214.145
0
0
0
0
25.8384
172.883
25.8384
117.515
0
0
22.8572
214.183
1.77554e-15
0
0
0
26.0691
172.918
26.0691
117.604
0
0
23.1227
214.219
0
0
0
0
26.2999
172.951
26.2999
117.693
0
0
23.3884
214.252
0
0
0
0
26.5307
172.982
26.5307
117.78
2.17243e-14
0
23.6543
214.283
0
0
4.17335e-15
0
22.289
94.6929
22.289
78.0073
0
0
15.3216
111.094
