1.98
0.6233
0.273874
0.8817
0.4183
0
-1.3
-2.1817
2.6
-1.3
1.0451
-0.0491
-0.0805127
-0.842146
0.046422
-0.167217
0.743902
-0.185666
-0.582501
0.0242646
-0.743902
0.533972
-0.533972
-0.3304
2.0653
1.91081
-3
0.623453
0.274411
0.883416
0.420662
0.000904806
-1.3
-2.1817
2.59828
-1.3
1.0451
-0.0491
-0.0810316
-0.842141
0.0464141
-0.16718
0.7438
-0.185666
-0.582501
0.0242646
-0.743786
0.533853
-0.533867
-0.3304
2.0653
1.9109
-3
0.623607
0.274947
0.885133
0.423024
0.00180961
-1.3
-2.1817
2.59657
-1.3
1.0451
-0.0491
-0.0815504
-0.842136
0.0464062
-0.167142
0.743697
-0.185666
-0.582501
0.0242646
-0.743669
0.533735
-0.533762
-0.3304
2.0653
1.91099
-3
0.62376
0.275483
0.886849
0.425386
0.00271442
-1.3
-2.1817
2.59485
-1.3
1.0451
-0.0491
-0.0820693
-0.842131
0.0463984
-0.167105
0.743594
-0.185666
-0.582501
0.0242646
-0.743553
0.533616
-0.533657
-0.3304
2.0653
1.91108
-3
0.623913
0.276019
0.888565
0.427748
0.00361922
-1.3
-2.1817
2.59313
-1.3
1.0451
-0.0491
-0.0825882
-0.842126
0.0463905
-0.167068
0.743491
-0.185666
-0.582501
0.0242646
-0.743436
0.533498
-0.533552
-0.3304
2.0653
1.91117
-3
0.624067
0.276556
0.890281
0.43011
0.00452403
-1.3
-2.1817
2.59142
-1.3
1.0451
-0.0491
-0.083107
-0.842121
0.0463827
-0.167031
0.743388
-0.185666
-0.582501
0.0242646
-0.74332
0.533379
-0.533447
-0.3304
2.0653
1.91126
-3
0.62422
0.277092
0.891998
0.432472
0.00542883
-1.3
-2.1817
2.5897
-1.3
1.0451
-0.0491
-0.0836259
-0.842116
0.0463748
-0.166994
0.743285
-0.185666
-0.582501
0.0242646
-0.743203
0.533261
-0.533343
-0.3304
2.0653
1.91135
-3
0.624373
0.277628
0.893714
0.434833
0.00633364
-1.3
-2.1817
2.58799
-1.3
1.0451
-0.0491
-0.0841447
-0.842111
0.0463669
-0.166957
0.743182
-0.185666
-0.582501
0.0242646
-0.743087
0.533142
-0.533238
-0.3304
2.0653
1.91144
-3
0.624527
0.278165
0.89543
0.437195
0.00723845
-1.3
-2.1817
2.58627
-1.3
1.0451
-0.0491
-0.0846636
-0.842106
0.0463591
-0.16692
0.743079
-0.185666
-0.582501
0.0242646
-0.74297
0.533024
-0.533133
-0.3304
2.0653
1.91153
-3
0.62468
0.278701
0.897147
0.439557
0.00814325
-1.3
-2.1817
2.58455
-1.3
1.0451
-0.0491
-0.0851825
-0.842101
0.0463512
-0.166883
0.742976
-0.185666
-0.582501
0.0242646
-0.742853
0.532905
-0.533028
-0.3304
2.0653
1.91162
-3
16.0309
10.3011
10.5937
15.2942
-98.0574
21.6826
-28.1247
-35.8098
-36.6613
21.4532
15.962
10.189
10.4547
15.4818
-97.9761
21.7503
-28.1529
-35.8211
-36.6241
21.48
15.8944
10.078
10.3158
15.6697
-97.8936
21.8177
-28.181
-35.8322
-36.5864
21.5067
15.8281
9.96821
10.1769
15.8578
-97.8098
21.885
-28.2089
-35.8432
-36.5482
21.5335
15.7631
9.85959
10.038
16.0461
-97.7248
21.9521
-28.2366
-35.8541
-36.5096
21.5602
15.6994
9.75215
9.89907
16.2346
-97.6386
22.019
-28.2643
-35.8648
-36.4705
21.5869
15.637
9.64588
9.76018
16.4233
-97.5511
22.0857
-28.2917
-35.8754
-36.4309
21.6136
15.5759
9.5408
9.6213
16.6121
-97.4624
22.1522
-28.319
-35.8859
-36.3909
21.6403
15.5161
9.43689
9.48244
16.8011
-97.3725
22.2185
-28.3462
-35.8962
-36.3504
21.667
-32.69
-20.3823
5.88378
3.57687
1.10996
0.978627
-1.04079
5.45378
21.395
-1.32266
8.84484
55.5451
8.84484
0
28.1939
258.293
28.1939
160.317
0
0
29.4359
326.868
0
0
0
0
28.5898
258.32
28.5898
160.467
0
1.25803e-14
29.8701
326.872
0
0
0
-3.29899e-15
28.9856
258.345
28.9856
160.615
0
0
30.3045
326.872
0
0
0
0
29.3811
258.368
29.3811
160.762
0
0
30.739
326.868
0
0
0
0
29.7765
258.387
29.7765
160.906
0
0
31.1736
326.862
0
0
0
0
30.1716
258.404
30.1716
161.049
0
0
31.6084
326.852
0
0
0
0
30.5666
258.418
30.5666
161.189
0
0
32.0432
326.838
0
0
0
0
30.9612
258.429
30.9612
161.328
0
0
32.4781
326.822
0
0
0
0
31.3557
258.437
31.3557
161.464
0
0
32.913
326.802
0
0
-4.17335e-15
0
17.3003
9.25074
17.3003
34.2677
0
0
5.8938
-1.38675
