0.25
0.619248
0.287477
0.807331
0.448037
0.0453673
-1.29999
-2.1068
2.55519
-1.25515
1.03393
-0.392949
-0.283521
-0.51602
-0.0277509
-0.117687
0.689849
-0.185212
-0.558933
0.0253866
-0.70541
0.524513
-0.527001
-0.332919
1.98665
1.88915
-2.92305
0.62031
0.284028
0.824221
0.443411
0.0321458
-1.2997
-2.12417
2.56746
-1.26757
1.02257
-0.340075
-0.233353
-0.594984
0.00705984
-0.118861
0.60707
-0.166764
-0.475976
-0.00251119
-0.622325
0.441585
-0.44717
-0.409114
1.90346
1.80723
-2.8427
0.62127
0.280896
0.83929
0.438864
0.0211994
-1.29936
-2.1392
2.57758
-1.27786
1.00966
-0.289511
-0.185425
-0.671688
0.0201136
-0.0924752
0.54166
-0.147273
-0.39301
0.0218695
-0.539305
0.35983
-0.368736
-0.464646
1.8203
1.72539
-2.76137
0.622194
0.277828
0.852772
0.434774
0.0122273
-1.29957
-2.15267
2.58735
-1.28743
0.995384
-0.241255
-0.139518
-0.744051
0.0336891
-0.0965778
0.475559
-0.136816
-0.31077
-0.00753942
-0.456653
0.292887
-0.287463
-0.513939
1.73722
1.65265
-2.6804
0.622866
0.275501
0.863721
0.430693
0.00588868
-1.3
-2.16362
2.59478
-1.29482
0.979114
-0.195306
-0.0933795
-0.814279
0.0465442
-0.0996244
0.393725
-0.148586
-0.227763
-0.0433971
-0.373996
0.228177
-0.206519
-0.586025
1.65418
1.65825
-2.59948
0.623459
0.27368
0.872385
0.426925
0.00186387
-1.3
-2.17239
2.60013
-1.29865
0.961542
-0.151662
-0.0457797
-0.884207
0.0563447
-0.119708
0.311897
-0.112649
-0.144893
4.87844e-05
-0.291439
0.183867
-0.128302
-0.632927
1.57118
1.71801
-2.51741
0.624471
0.271635
0.878964
0.425223
0.000145322
-1.29999
-2.17819
2.60523
-1.3
0.94396
-0.110317
0.00266724
-0.95194
0.0641862
-0.14539
0.236844
-0.0325456
-0.0618676
0.0362856
-0.208786
0.193535
-0.0486088
-0.617964
1.48842
1.761
-2.43839
0.625639
0.269524
0.8835
0.424717
0.000160679
-1.29932
-2.1817
2.61006
-1.3
0.926796
-0.0714752
0.051654
-1.01766
0.0806023
-0.180565
0.163312
0.0432376
0.000841432
0.0205128
-0.126692
0.172769
0.00824625
-0.57735
1.4056
1.78776
-2.36593
0.627042
0.267292
0.886288
0.426463
0.000208039
-1.29875
-2.1817
2.61473
-1.29998
0.91076
-0.0347261
0.101076
-1.08124
0.0996362
-0.221854
0.100189
0.122294
0.023467
-0.0164699
-0.0438767
0.137794
-0.00565052
-0.527719
1.32297
1.75745
-2.28888
0.62841
0.261595
0.888832
0.429567
0.000859899
-1.3
-2.1817
2.6175
-1.29996
0.896137
0
0.149894
-1.143
0.134782
-0.207594
0.0538511
0.20332
0.0666983
-0.0852624
0.0377504
0.0996012
0.00562814
-0.462592
1.25014
1.69879
-2.2232
-13.191
-7.33985
3.67979
4.55584
-36.2224
4.70466
5.16569
-1.07522
10.4654
23.1247
10.3981
1.40262
2.58932
34.5535
-64.4213
43.0313
13.6008
2.20295
-34.1928
-1.31541
2.36375
-1.06304
3.93925
10.0264
-39.1468
15.4331
11.1219
2.01408
-35.7635
2.25749
7.04503
-0.155369
0.469851
16.7639
-44.9022
23.3981
10.2812
1.16501
-41.2801
1.7638
8.57546
1.15264
1.14448
11.6879
-41.5883
21.8086
8.18822
0.234281
-34.9617
7.48888
18.55
5.72749
1.14342
-6.40383
-54.2993
3.92766
10.5209
1.72961
-36.5959
9.89604
4.29213
-0.752211
2.89625
9.21593
-37.5869
17.7284
13.8769
3.56294
-36.6774
10.8175
2.25973
-2.28006
0.72167
15.2199
-40.0174
17.2872
12.1917
2.77688
-32.4491
8.29605
-0.200351
-5.31548
-1.35075
14.6861
-37.7661
19.9373
14.6687
4.17357
-32.4671
11.9874
4.15219
-1.49011
4.52789
45.2965
-46.1305
41.3754
-58.5533
-45.0931
9.85951
32.5444
184.336
48.1977
-200.377
1.2286
92.2055
74.7229
-45.4224
87.6594
4.14062e-14
0
61.0465
217.408
40.7252
31.5412
-50.4937
1.13185
-456.925
353.646
477.288
28.4844
0
0
2.01814
285.4
83.0198
41.1507
-95.1429
0.150729
26.1222
151.173
-6.97591
52.348
0
0
4.22203
290.576
-91.8209
18.8195
83.6634
4.48772
33.1277
206.403
-11.0201
43.8613
0
0
0.0651105
303.042
-104.528
18.6347
97.3708
1.85465
484.683
197.916
-484.683
26.8104
0
0
0.226792
299.777
29.903
11.3437
-33.8607
1.5602
151.49
113.004
-158.761
94.7889
0
0
3.77804
304.205
47.8648
35.2785
-61.2146
2.94377
87.3096
168.291
-87.3096
35.0053
0
0
1.80954
296.733
-144.048
23.6502
133.442
6.65342
113.655
153.8
-70.0587
58.6058
0
0
1.13809
241.406
-65.469
18.2874
52.769
17.9984
159.238
175.239
-141.81
36.8912
0
0
7.16094
254.113
41.8949
53.3487
-60.4663
0.229256
277.517
284.878
-171.38
48.9666
-37.6111
126.7
60.3143
188.863
