3.24
0.6233
0.273874
0.8817
0.4183
0
-1.3
-2.1817
2.6
-1.3
1.0451
-0.0491
-0.0805127
-0.842146
0.046422
-0.167217
0.743902
-0.185666
-0.582501
0.0242646
-0.743902
0.533972
-0.533972
-0.3304
2.0653
1.91081
-3
0.622335
0.277063
0.888691
0.406183
0
-1.29487
-2.1817
2.602
-1.3
1.0451
-0.0491
-0.0881025
-0.838236
0.0467149
-0.165257
0.740526
-0.185609
-0.581376
0.0264584
-0.743902
0.533972
-0.533972
-0.3304
2.0653
1.90886
-3
0.62137
0.280252
0.895682
0.394067
0
-1.28975
-2.1817
2.604
-1.3
1.0451
-0.0491
-0.0956923
-0.834326
0.0470078
-0.163296
0.73715
-0.185552
-0.58025
0.0286523
-0.743902
0.533972
-0.533972
-0.3304
2.0653
1.9069
-3
0.620405
0.28344
0.902673
0.38195
0
-1.28462
-2.1817
2.606
-1.3
1.0451
-0.0491
-0.103282
-0.830417
0.0473008
-0.161336
0.733774
-0.185495
-0.579125
0.0308461
-0.743902
0.533972
-0.533972
-0.3304
2.0653
1.90495
-3
0.61944
0.286629
0.909664
0.369833
0
-1.2795
-2.1817
2.608
-1.3
1.0451
-0.0491
-0.110872
-0.826507
0.0475937
-0.159376
0.730398
-0.185439
-0.578
0.0330399
-0.743902
0.533972
-0.533972
-0.3304
2.0653
1.903
-3
0.618475
0.289818
0.916655
0.357716
0
-1.27437
-2.1817
2.61
-1.3
1.0451
-0.0491
-0.118462
-0.822597
0.0478867
-0.157416
0.727022
-0.185382
-0.576874
0.0352337
-0.743902
0.533972
-0.533972
-0.3304
2.0653
1.90105
-3
0.61751
0.293006
0.923646
0.3456
0
-1.26925
-2.1817
2.612
-1.3
1.0451
-0.0491
-0.126051
-0.818687
0.0481796
-0.155456
0.723646
-0.185325
-0.575749
0.0374275
-0.743902
0.533972
-0.533972
-0.3304
2.0653
1.89909
-3
0.616545
0.296195
0.930637
0.333483
0
-1.26412
-2.1817
2.614
-1.3
1.0451
-0.0491
-0.133641
-0.814777
0.0484725
-0.153496
0.72027
-0.185268
-0.574623
0.0396213
-0.743902
0.533972
-0.533972
-0.3304
2.0653
1.89714
-3
0.61558
0.299383
0.937628
0.321366
0
-1.25899
-2.1817
2.616
-1.3
1.0451
-0.0491
-0.141231
-0.810867
0.0487655
-0.151536
0.716894
-0.185211
-0.573498
0.0418151
-0.743902
0.533972
-0.533972
-0.3304
2.0653
1.89519
-3
0.614615
0.302572
0.944619
0.309249
0
-1.25387
-2.1817
2.618
-1.3
1.0451
-0.0491
-0.148821
-0.806958
0.0490584
-0.149576
0.713518
-0.185154
-0.572373
0.0440089
-0.743902
0.533972
-0.533972
-0.3304
2.0653
1.89323
-3
6.11402
4.21155
9.70543
13.2018
-78.7701
17.706
-22.8005
-27.7807
-25.4462
17.0705
6.1999
4.30918
9.79632
12.3689
-78.8069
17.3387
-22.4084
-27.4953
-25.3359
16.9892
6.28557
4.40621
9.886
11.544
-78.83
16.9721
-22.0146
-27.2083
-25.2232
16.9081
6.37104
4.50261
9.97446
10.7271
-78.8395
16.6064
-21.6193
-26.9199
-25.1079
16.8271
6.45632
4.59839
10.0617
9.91846
-78.8354
16.2415
-21.2225
-26.6301
-24.9901
16.7462
6.54141
4.69354
10.1476
9.11816
-78.8178
15.8777
-20.8243
-26.339
-24.8699
16.6656
6.62631
4.78804
10.2323
8.32635
-78.7868
15.5148
-20.4248
-26.0466
-24.7473
16.585
6.71104
4.88189
10.3156
7.54313
-78.7424
15.1531
-20.0242
-25.753
-24.6223
16.5047
6.7956
4.97507
10.3976
6.76864
-78.6848
14.7925
-19.6225
-25.4583
-24.4949
16.4245
-19.6333
-12.4209
6.95449
3.6919
-21.0378
4.6989
-5.72594
-2.34694
9.32749
2.75109
13.2696
55.5954
13.2696
5.11887e-16
26.0407
210.286
26.0407
136.283
0
0
24.8945
263.448
13.8229
55.7216
13.8229
0
0
0
0
0
0
0
25.478
263.018
14.3708
55.8507
14.3708
0
0
0
0
0
0
0
26.0597
262.571
14.9132
55.9827
14.9132
0
0
0
0
0
0
0
26.6394
262.107
15.45
56.1175
15.45
0
0
0
0
0
0
0
27.2169
261.627
15.981
56.2549
15.981
0
0
0
0
0
0
0
27.7921
261.131
16.5062
56.3948
16.5062
0
0
0
0
0
0
0
28.3648
260.617
17.0255
56.5372
17.0255
0
0
0
0
0
0
0
28.9349
260.087
17.5387
56.682
17.5387
0
0
0
0
0
0
1.35042e-14
29.5023
259.541
26.5093
55.994
26.5093
51.3731
0
1.2126e-14
0
0
0
8.55317e-15
11.6974
66.935
