1.44
0.6233
0.273874
0.8817
0.4183
0
-1.3
-2.1817
2.6
-1.3
1.0451
-0.0491
-0.0805127
-0.842146
0.046422
-0.167217
0.743902
-0.185666
-0.582501
0.0242646
-0.743902
0.533972
-0.533972
-0.3304
2.0653
1.91081
-3
0.623453
0.274411
0.883416
0.420662
0.000904806
-1.3
-2.1817
2.59828
-1.3
1.0451
-0.0491
-0.0810316
-0.842141
0.0464141
-0.16718
0.7438
-0.185666
-0.582501
0.0242646
-0.743786
0.533853
-0.533867
-0.3304
2.0653
1.9109
-3
0.623607
0.274947
0.885133
0.423024
0.00180961
-1.3
-2.1817
2.59657
-1.3
1.0451
-0.0491
-0.0815504
-0.842136
0.0464062
-0.167142
0.743697
-0.185666
-0.582501
0.0242646
-0.743669
0.533735
-0.533762
-0.3304
2.0653
1.91099
-3
0.62376
0.275483
0.886849
0.425386
0.00271442
-1.3
-2.1817
2.59485
-1.3
1.0451
-0.0491
-0.0820693
-0.842131
0.0463984
-0.167105
0.743594
-0.185666
-0.582501
0.0242646
-0.743553
0.533616
-0.533657
-0.3304
2.0653
1.91108
-3
0.623913
0.276019
0.888565
0.427748
0.00361922
-1.3
-2.1817
2.59313
-1.3
1.0451
-0.0491
-0.0825882
-0.842126
0.0463905
-0.167068
0.743491
-0.185666
-0.582501
0.0242646
-0.743436
0.533498
-0.533552
-0.3304
2.0653
1.91117
-3
0.624067
0.276556
0.890281
0.43011
0.00452403
-1.3
-2.1817
2.59142
-1.3
1.0451
-0.0491
-0.083107
-0.842121
0.0463827
-0.167031
0.743388
-0.185666
-0.582501
0.0242646
-0.74332
0.533379
-0.533447
-0.3304
2.0653
1.91126
-3
0.62422
0.277092
0.891998
0.432472
0.00542883
-1.3
-2.1817
2.5897
-1.3
1.0451
-0.0491
-0.0836259
-0.842116
0.0463748
-0.166994
0.743285
-0.185666
-0.582501
0.0242646
-0.743203
0.533261
-0.533343
-0.3304
2.0653
1.91135
-3
0.624373
0.277628
0.893714
0.434833
0.00633364
-1.3
-2.1817
2.58799
-1.3
1.0451
-0.0491
-0.0841447
-0.842111
0.0463669
-0.166957
0.743182
-0.185666
-0.582501
0.0242646
-0.743087
0.533142
-0.533238
-0.3304
2.0653
1.91144
-3
0.624527
0.278165
0.89543
0.437195
0.00723845
-1.3
-2.1817
2.58627
-1.3
1.0451
-0.0491
-0.0846636
-0.842106
0.0463591
-0.16692
0.743079
-0.185666
-0.582501
0.0242646
-0.74297
0.533024
-0.533133
-0.3304
2.0653
1.91153
-3
0.62468
0.278701
0.897147
0.439557
0.00814325
-1.3
-2.1817
2.58455
-1.3
1.0451
-0.0491
-0.0851825
-0.842101
0.0463512
-0.166883
0.742976
-0.185666
-0.582501
0.0242646
-0.742853
0.532905
-0.533028
-0.3304
2.0653
1.91162
-3
25.0451
15.9052
11.4963
17.5099
-100
25.5504
-33.2953
-43.6206
-47.5595
25.736
24.9719
15.7809
11.3341
17.7367
-100
25.6321
-33.3343
-43.6371
-47.5076
25.7709
24.9002
15.6581
11.1718
17.9637
-100
25.7135
-33.3732
-43.6534
-47.4552
25.8057
24.8301
15.5366
11.0097
18.1909
-100
25.7947
-33.4119
-43.6696
-47.4023
25.8406
24.7614
15.4166
10.8475
18.4184
-100
25.8756
-33.4503
-43.6856
-47.3488
25.8754
24.6943
15.2979
10.6855
18.6461
-100
25.9563
-33.4886
-43.7014
-47.2948
25.9101
24.6287
15.1806
10.5234
18.8739
-100
26.0367
-33.5266
-43.717
-47.2403
25.9449
24.5646
15.0647
10.3615
19.102
-100
26.1168
-33.5645
-43.7324
-47.1853
25.9796
24.502
14.9502
10.1996
19.3302
-100
26.1967
-33.6021
-43.7477
-47.1297
26.0142
-41.6737
-25.8854
5.1896
1.00831
19.6075
-3.01362
4.22553
13.3104
32.1595
-5.67817
4.71972
55.973
4.71972
0
30.1795
305.106
30.1795
184.126
0
0
33.7878
388.529
0
0
0
0
30.6656
305.125
30.6656
184.306
0
0
34.3147
388.509
5.22732e-16
0
0
0
31.1513
305.142
31.1513
184.484
0
0
34.8416
388.485
0
0
1.97952e-16
0
31.6367
305.155
31.6367
184.66
0
0
35.3686
388.458
0
0
0
0
32.1218
305.164
32.1218
184.833
0
0
35.8957
388.426
0
0
0
0
32.6064
305.17
32.6064
185.004
0
0
36.4228
388.391
0
0
0
0
33.0907
305.173
33.0907
185.172
-4.81998e-14
0
36.9499
388.352
0
0
0
0
33.5746
305.173
33.5746
185.338
0
0
37.4771
388.309
0
0
0
0
34.058
305.169
34.058
185.502
0
0
38.0041
388.261
0
0
0
-1.09053e-14
14.5088
0
14.5088
10.2001
0
0
0.710563
-62.826
