3.5
0.6233
0.273874
0.8817
0.4183
0
-1.3
-2.1817
2.6
-1.3
1.0451
-0.0491
-0.0805127
-0.842146
0.046422
-0.167217
0.743902
-0.185666
-0.582501
0.0242646
-0.743902
0.533972
-0.533972
-0.3304
2.0653
1.91081
-3
0.623453
0.274411
0.883416
0.420662
0.000904806
-1.3
-2.1817
2.59828
-1.3
1.0451
-0.0491
-0.0810316
-0.842141
0.0464141
-0.16718
0.7438
-0.185666
-0.582501
0.0242646
-0.743786
0.533853
-0.533867
-0.3304
2.0653
1.9109
-3
0.623607
0.274947
0.885133
0.423024
0.00180961
-1.3
-2.1817
2.59657
-1.3
1.0451
-0.0491
-0.0815504
-0.842136
0.0464062
-0.167142
0.743697
-0.185666
-0.582501
0.0242646
-0.743669
0.533735
-0.533762
-0.3304
2.0653
1.91099
-3
0.62376
0.275483
0.886849
0.425386
0.00271442
-1.3
-2.1817
2.59485
-1.3
1.0451
-0.0491
-0.0820693
-0.842131
0.0463984
-0.167105
0.743594
-0.185666
-0.582501
0.0242646
-0.743553
0.533616
-0.533657
-0.3304
2.0653
1.91108
-3
0.623913
0.276019
0.888565
0.427748
0.00361922
-1.3
-2.1817
2.59313
-1.3
1.0451
-0.0491
-0.0825882
-0.842126
0.0463905
-0.167068
0.743491
-0.185666
-0.582501
0.0242646
-0.743436
0.533498
-0.533552
-0.3304
2.0653
1.91117
-3
0.624067
0.276556
0.890281
0.43011
0.00452403
-1.3
-2.1817
2.59142
-1.3
1.0451
-0.0491
-0.083107
-0.842121
0.0463827
-0.167031
0.743388
-0.185666
-0.582501
0.0242646
-0.74332
0.533379
-0.533447
-0.3304
2.0653
1.91126
-3
0.62422
0.277092
0.891998
0.432472
0.00542883
-1.3
-2.1817
2.5897
-1.3
1.0451
-0.0491
-0.0836259
-0.842116
0.0463748
-0.166994
0.743285
-0.185666
-0.582501
0.0242646
-0.743203
0.533261
-0.533343
-0.3304
2.0653
1.91135
-3
0.624373
0.277628
0.893714
0.434833
0.00633364
-1.3
-2.1817
2.58799
-1.3
1.0451
-0.0491
-0.0841447
-0.842111
0.0463669
-0.166957
0.743182
-0.185666
-0.582501
0.0242646
-0.743087
0.533142
-0.533238
-0.3304
2.0653
1.91144
-3
0.624527
0.278165
0.89543
0.437195
0.00723845
-1.3
-2.1817
2.58627
-1.3
1.0451
-0.0491
-0.0846636
-0.842106
0.0463591
-0.16692
0.743079
-0.185666
-0.582501
0.0242646
-0.74297
0.533024
-0.533133
-0.3304
2.0653
1.91153
-3
0.62468
0.278701
0.897147
0.439557
0.00814325
-1.3
-2.1817
2.58455
-1.3
1.0451
-0.0491
-0.0851825
-0.842101
0.0463512
-0.166883
0.742976
-0.185666
-0.582501
0.0242646
-0.742853
0.532905
-0.533028
-0.3304
2.0653
1.91162
-3
3.45154
2.44404
9.37957
12.2611
-72.0671
16.299
-21.0606
-25.0355
-21.4465
15.5314
3.38842
2.34848
9.27305
12.3942
-72.018
16.3472
-21.0735
-25.0394
-21.4299
15.5468
3.32628
2.25378
9.16648
12.5275
-71.968
16.3952
-21.0864
-25.0432
-21.4129
15.5621
3.26513
2.15997
9.05985
12.661
-71.9171
16.4431
-21.0992
-25.047
-21.3955
15.5776
3.20497
2.06702
8.95317
12.7946
-71.8653
16.4909
-21.1119
-25.0507
-21.3777
15.593
3.14579
1.97496
8.84644
12.9285
-71.8126
16.5386
-21.1246
-25.0542
-21.3596
15.6084
3.0876
1.88377
8.73967
13.0625
-71.759
16.5862
-21.1372
-25.0577
-21.341
15.6239
3.03041
1.79347
8.63285
13.1967
-71.7044
16.6337
-21.1497
-25.0612
-21.3221
15.6393
2.9742
1.70406
8.526
13.331
-71.649
16.681
-21.1622
-25.0645
-21.3029
15.6548
-20.1508
-12.6633
6.80838
7.10206
-24.5823
6.53564
-8.23946
-5.38509
6.36803
4.70104
14.6861
55.4179
14.6861
2.85352
25.5104
193.156
25.5104
127.366
0
0
23.4167
240.987
0
0
0
0
25.7803
193.196
25.7803
127.474
3.98794e-14
0
23.7217
241.023
0
0
0
0
26.0504
193.233
26.0504
127.581
0
0
24.0269
241.056
0
0
0
0
26.3204
193.269
26.3204
127.686
0
0
24.3323
241.087
0
0
0
0
26.5905
193.303
26.5905
127.79
0
0
24.6379
241.116
0
0
0
0
26.8606
193.334
26.8606
127.893
0
0
24.9437
241.142
0
0
0
0
27.1307
193.364
27.1307
127.995
0
0
25.2498
241.166
0
0
0
0
27.4008
193.392
27.4008
128.095
0
0
25.556
241.187
0
0
0
0
27.6708
193.417
27.6708
128.194
0
0
25.8624
241.206
0
0
0
0
21.1097
74.2608
21.1097
67.5796
0
8.48041e-15
13.073
84.1809
