3.5
0.6233
0.273874
0.8817
0.4183
0
-1.3
-2.1817
2.6
-1.3
1.0451
-0.0491
-0.0805127
-0.842146
0.046422
-0.167217
0.743902
-0.185666
-0.582501
0.0242646
-0.743902
0.533972
-0.533972
-0.3304
2.0653
1.91081
-3
0.621883
0.278202
0.87475
0.413578
0.00932264
-1.29765
-2.17435
2.58591
-1.28631
1.01783
-0.0672011
-0.138686
-0.754536
0.041264
-0.148637
0.661247
-0.165037
-0.517779
0.0215685
-0.661247
0.474641
-0.474641
-0.293689
1.83582
1.6985
-2.66667
0.620467
0.282531
0.867801
0.408857
0.0186453
-1.2953
-2.16701
2.57182
-1.27261
0.990551
-0.0853023
-0.19686
-0.666925
0.036106
-0.130057
0.578591
-0.144407
-0.453056
0.0188724
-0.578591
0.415311
-0.415311
-0.256978
1.60634
1.48618
-2.33333
0.61905
0.286859
0.860851
0.404135
0.0279679
-1.29295
-2.15966
2.55773
-1.25892
0.963277
-0.103403
-0.255034
-0.579315
0.030948
-0.111478
0.495935
-0.123777
-0.388334
0.0161763
-0.495935
0.355981
-0.355981
-0.220267
1.37687
1.27387
-2
0.617634
0.291187
0.853902
0.399414
0.0372906
-1.29061
-2.15231
2.54364
-1.24523
0.936003
-0.121505
-0.313208
-0.491704
0.02579
-0.0928981
0.413279
-0.103148
-0.323611
0.0134802
-0.413279
0.296651
-0.296651
-0.183556
1.14739
1.06156
-1.66667
0.616217
0.295515
0.846952
0.394692
0.0466132
-1.28826
-2.14497
2.52955
-1.23154
0.908728
-0.139606
-0.371381
-0.404094
0.020632
-0.0743185
0.330623
-0.0825184
-0.258889
0.0107842
-0.330623
0.237321
-0.237321
-0.146845
0.917912
0.849248
-1.33333
0.614801
0.299843
0.840003
0.389971
0.0559358
-1.28591
-2.13762
2.51546
-1.21784
0.881454
-0.157707
-0.429555
-0.316484
0.015474
-0.0557389
0.247967
-0.0618888
-0.194167
0.00808806
-0.247967
0.177991
-0.177991
-0.110134
0.688434
0.636936
-1
0.613384
0.304171
0.833053
0.385249
0.0652585
-1.28356
-2.13027
2.50137
-1.20415
0.85418
-0.175808
-0.487729
-0.228873
0.010316
-0.0371593
0.165312
-0.0412593
-0.129444
0.00539196
-0.165312
0.11866
-0.11866
-0.0734228
0.458957
0.424624
-0.666666
0.611968
0.3085
0.826103
0.380527
0.0745811
-1.28121
-2.12293
2.48728
-1.19046
0.826905
-0.193909
-0.545903
-0.141263
0.00515799
-0.0185796
0.0826558
-0.0206297
-0.0647219
0.00269586
-0.0826558
0.0593302
-0.0593302
-0.0367117
0.229479
0.212312
-0.333333
0.610551
0.312828
0.819154
0.375806
0.0839038
-1.27886
-2.11558
2.47319
-1.17677
0.799631
-0.21201
-0.604076
-0.0536525
-1.32357e-09
-1.38328e-08
-5.7199e-08
-1.355e-07
4.2431e-07
-2.31612e-07
2.47654e-08
4.47165e-08
-1.22832e-08
-7.06727e-07
1.23609e-06
-3.43042e-07
5.68989e-07
-1.88596
-0.900282
8.87376
10.9718
-61.0451
14.0164
-18.2328
-20.5365
-15.0033
13.0861
-1.29045
-0.741418
8.81411
11.5723
-60.0797
13.936
-19.6751
-21.7056
-13.7092
11.5641
-0.73809
-0.613877
8.73164
12.1111
-59.0413
13.8218
-21.0101
-22.7314
-12.4539
9.94779
-0.234728
-0.519126
8.62807
12.5874
-57.9283
13.6744
-22.2272
-23.6052
-11.2474
8.24417
0.212812
-0.459235
8.50526
13.0005
-56.7396
13.4946
-23.3158
-24.3183
-10.0977
6.46279
0.596712
-0.436906
8.36512
13.3496
-55.4741
13.2828
-24.265
-24.8625
-9.01148
4.61565
0.908127
-0.455512
8.20964
13.6338
-54.1312
13.0397
-25.0641
-25.23
-7.99326
2.71727
1.13715
-0.519125
8.0409
13.8524
-52.7106
12.7656
-25.7022
-25.4131
-7.0458
0.784656
1.27281
-0.63255
7.86103
14.0043
-51.2122
12.4608
-26.1681
-25.405
-6.16975
-1.16273
0.920174
-1.03347
7.62922
13.936
-49.1009
11.9778
-25.7926
-24.6838
-5.08437
-3.18844
17.1895
55.4544
17.1895
12.8384
24.3972
165.508
24.3972
113.41
0
0
20.8641
204.512
17.085
54.9848
17.085
12.6519
24.3464
164.513
24.3464
112.876
0
0
21.8096
203.241
16.9032
54.4733
16.9032
12.4883
24.1948
163.289
24.1948
112.194
0
0
22.4923
201.755
16.6548
53.9251
16.6548
12.3577
23.9503
161.826
23.9503
111.362
0
0
22.9172
200.027
16.3508
53.3466
16.3508
12.2717
23.6207
160.116
23.6207
110.378
0
0
23.0905
198.026
16.0026
52.7455
16.0026
12.2434
23.2137
158.15
23.2137
109.24
0
0
23.0196
195.722
15.6218
52.1306
15.6218
12.2874
22.7371
155.919
22.7371
107.949
0
0
22.7131
193.084
15.2204
51.5123
15.2204
12.42
22.1981
153.416
22.1981
106.505
0
0
22.1816
190.083
14.8107
50.9024
14.8107
12.6589
21.6041
150.632
21.6041
104.908
0
0
21.4374
186.69
14.4553
50.3675
14.4553
13.6264
20.7852
146.03
20.7852
102.381
0
0
20.2222
180.812
