0.25
0.616164
0.297137
0.929424
0.308484
0.0493021
-1.28721
-2.10362
2.57661
-1.25973
1.045
-0.393391
-0.141083
-0.804147
0.0157793
-0.0835686
0.718896
-0.212279
-0.577087
0.0261275
-0.725377
0.531813
-0.528103
-0.329891
1.98909
1.907
-2.99985
0.617483
0.293269
0.950886
0.30032
0.0352777
-1.28648
-2.12147
2.58918
-1.27223
1.03354
-0.34044
-0.0899732
-0.885685
0.0454426
-0.0968063
0.783036
-0.293899
-0.494483
-0.0342284
-0.642567
0.453221
-0.450013
-0.412556
1.90621
1.83994
-2.93175
0.618832
0.289072
0.973859
0.289844
0.0238506
-1.28755
-2.137
2.59945
-1.28241
1.01998
-0.289804
-0.0388637
-0.966367
0.0485615
-0.173022
0.866292
-0.377156
-0.411376
-0.0970548
-0.559256
0.369953
-0.366723
-0.488221
1.8229
1.86188
-2.88912
0.620223
0.284535
0.998504
0.277056
0.0147359
-1.2903
-2.15023
2.60742
-1.29029
1.00439
-0.24148
0.0128552
-1.04689
0.0545314
-0.251643
0.949529
-0.460358
-0.328128
-0.171537
-0.476077
0.286909
-0.283505
-0.561198
1.73965
1.94442
-2.92507
0.621724
0.279436
1.02518
0.261959
0.00793232
-1.29507
-2.16114
2.61308
-1.29582
0.987059
-0.195466
0.0668752
-1.12919
0.0620852
-0.335439
1.02669
-0.543492
-0.24493
-0.171798
-0.393016
0.203609
-0.200204
-0.623882
1.65654
2.02642
-2.97489
0.623449
0.273774
1.0537
0.244551
0.00327751
-1.29984
-2.16975
2.61642
-1.29907
0.968174
-0.151761
0.123165
-1.21241
0.0733907
-0.425804
1.08823
-0.626699
-0.161746
-0.0888845
-0.309824
0.120307
-0.11692
-0.679883
1.57336
2.10908
-2.99592
0.625671
0.267508
1.08393
0.224829
0
-1.3
-2.17604
2.618
-1.3
0.948929
-0.110365
0.182047
-1.29575
0.0938539
-0.526948
1.11851
-0.709969
-0.0809266
-0.00558118
-0.226526
0.0569138
-0.0336082
-0.69279
1.49027
2.19116
-3
0.628382
0.260064
1.11442
0.204619
0
-1.3
-2.18002
2.618
-1.29951
0.929685
-0.0712637
0.244644
-1.37908
0.123218
-0.6473
1.09767
-0.727583
-8.18903e-14
0.000538055
-0.1433
-0.00665215
0.0175071
-0.648871
1.40725
2.2738
-2.97415
0.631446
0.25152
1.14438
0.186226
0
-1.3
-2.1817
2.61686
-1.29877
0.911369
-0.0344864
0.310097
-1.46069
0.157072
-0.780506
1.05064
-0.66212
0.0050279
-0.0136599
-0.0602399
-0.0894097
0.0341589
-0.659384
1.32398
2.35632
-2.91959
0.634732
0.242056
1.17356
0.169822
0.000139664
-1.3
-2.1817
2.61437
-1.29661
0.893053
0
0.377776
-1.53963
0.187699
-0.942301
1.06449
-0.579121
0.00905983
0.0160324
-0.000907929
-0.0878345
0.0822755
-0.660447
1.24151
2.43642
-2.84157
-5.32237
-3.58913
8.229
17.0184
-65.3683
15.7564
15.6945
3.81296
-24.4733
9.39884
-23.9749
-11.0573
8.7565
-1.31223
6.88987
0.642605
7.95619
1.6922
-33.9815
9.45093
-24.6831
-11.3674
8.64169
-1.32837
6.84242
0.631798
8.26403
1.95025
-32.2331
12.081
-22.3216
-9.96679
8.90936
-1.26313
6.75305
0.625423
7.58487
1.66637
-34.9714
11.1989
-18.7556
-7.67783
9.41326
-1.35993
6.44033
0.590748
7.90115
1.96294
-40.0557
8.84851
-15.965
-5.78619
9.81123
-1.94032
6.06217
0.497958
6.30987
1.07031
-40.8031
9.52576
-17.3482
-6.01254
9.38196
-2.79998
5.84674
0.412456
9.20781
2.66886
-35.1591
15.2397
-10.5061
-3.11174
8.61086
-4.96385
3.4848
-0.172886
7.12057
1.46725
-35.0085
15.9701
-8.38559
-3.25928
7.56313
-4.60949
3.51765
-0.140189
1.23469
-1.80694
-33.5432
17.142
-21.0335
-9.95492
5.96073
1.76157
6.05867
0.905157
7.79964
3.14588
-1.2059
14.2803
8.67282
64.8223
8.81158
10.0481
45.2561
180.344
47.0806
118.499
0
0
22.2596
249.389
5.27293
74.8843
5.19992
15.8291
-1.2762e-13
-1.76471e-13
0
0
0
0
11.0795
267.86
4.53463
75.2559
4.00694
15.1731
2.51254e-13
0
4.24911e-15
0
0
0
12.1139
268.461
6.47705
73.3673
7.05532
14.4553
6.87565e-14
-2.07636e-13
0
0
0
0
14.1252
262.878
7.33498
69.729
7.68651
10.944
0
1.19999e-13
0
0
0
0
6.58655
259.378
10.8551
66.6183
10.7964
8.54816
2.31292e-13
-2.37689e-14
0
0
3.55702e-14
0
10.1572
256.418
10.9351
63.0094
10.1805
5.17368
2.74248e-13
0
0
0
0
0
25.4697
251.34
9.26931
57.9792
9.34178
1.51341
0
2.10421e-13
0
0
0
0
31.2253
244.349
8.883
50.5864
8.2042
0.467693
5.19685e-14
2.19637e-14
0
0
0
0
35.7976
237.159
14.5943
48.774
14.1968
33.4862
1.09718e-14
0
0
0
0
0
27.485
78.5422
