0.25
0.620604
0.285786
0.81531
0.44593
0.0418147
-1.29664
-2.10991
2.55972
-1.26461
1.03172
-0.370406
-0.263503
-0.545543
-0.369579
0.561026
0.46457
-0.175281
-0.542049
0.00806214
-0.683607
0.492767
-0.480943
-0.309571
1.89079
1.86318
-2.71051
0.62071
0.283072
0.828361
0.442115
0.0290647
-1.29802
-2.12659
2.57134
-1.27568
1.02083
-0.320195
-0.218499
-0.618549
-0.308343
0.490383
0.388683
-0.137341
-0.459
-0.068898
-0.600342
0.418245
-0.398402
-0.392208
1.8076
1.78154
-2.62821
0.621609
0.279757
0.841626
0.439641
0.0186271
-1.29988
-2.14081
2.58169
-1.28443
1.00775
-0.272295
-0.17383
-0.689441
-0.247357
0.423509
0.318766
-0.0890774
-0.375755
-0.0672797
-0.517513
0.344217
-0.315109
-0.470712
1.72442
1.7062
-2.5521
0.622512
0.276785
0.852846
0.437166
0.0105021
-1.3
-2.15264
2.59069
-1.29091
0.993493
-0.226702
-0.129052
-0.758233
-0.200349
0.344831
0.277562
-0.110201
-0.292499
0.00883814
-0.434627
0.265958
-0.233295
-0.513369
1.64134
1.63796
-2.4765
0.622926
0.275159
0.861623
0.433914
0.00468776
-1.29981
-2.1624
2.59592
-1.29509
0.979293
-0.183419
-0.0855165
-0.82388
-0.162761
0.255642
0.248347
-0.126188
-0.209317
0.00693745
-0.351471
0.187635
-0.150404
-0.509212
1.55818
1.56728
-2.39546
0.623032
0.274243
0.868411
0.430352
0.0011877
-1.29961
-2.16985
2.59907
-1.297
0.96513
-0.142448
-0.0423308
-0.887577
-0.13082
0.171966
0.233007
-0.143971
-0.126002
-0.0432572
-0.268309
0.113701
-0.0687539
-0.519076
1.47496
1.4854
-2.31596
0.623431
0.273534
0.874694
0.425774
0
-1.3
-2.17521
2.60059
-1.2985
0.950605
-0.103791
-0.00168879
-0.945912
-0.0961309
0.109737
0.201879
-0.166585
-0.0427573
-0.0138756
-0.192921
0.0394423
-0.0541064
-0.536755
1.39166
1.40845
-2.23656
0.623283
0.273935
0.878639
0.42116
0.000204614
-1.3
-2.17853
2.59975
-1.3
0.935695
-0.0669182
0.0374349
-1.00124
-0.0589982
0.053527
0.145769
-0.123822
0.0105928
0.0418579
-0.119428
-0.0301615
-0.0553478
-0.57007
1.3084
1.33241
-2.15627
0.623281
0.274118
0.881651
0.417721
0.000498857
-1.2994
-2.1809
2.59891
-1.3
0.91986
-0.0328748
0.0744463
-1.05215
-0.019381
-0.00501815
0.109699
-0.0553304
-0.0101394
0.0206031
-0.0852815
-0.0202866
0.012159
-0.646468
1.22556
1.25011
-2.07439
0.623445
0.273743
0.884698
0.415671
0
-1.29957
-2.1817
2.59951
-1.29966
0.901902
0
0.109454
-1.10763
0.00782642
-0.0283556
0.094414
-0.0227733
-0.0424031
-0.0145643
-0.0907102
0.0214779
0.0523914
-0.687978
1.18349
1.20499
-2.02088
-14.2453
-6.81881
5.5153
12.135
-33.2028
12.3575
5.19071
-1.05545
9.24313
20.5589
-13.4616
-7.37585
5.07976
11.3661
-31.879
12.4886
5.28454
-0.951737
6.35949
21.4561
-8.73918
-3.63717
7.17234
14.3652
-39.4684
13.7177
6.41848
-0.342068
2.23652
17.9787
-4.57019
-1.36353
6.40602
14.1613
-29.3326
12.7625
8.4925
1.56893
-17.1567
3.90162
-3.18381
-0.972747
6.8822
17.0609
-37.4234
14.3275
10.0477
2.19091
-13.7569
6.14926
-0.444109
0.101609
6.07138
5.79425
-38.3473
9.74481
8.43188
1.56442
-4.96601
15.2415
-2.01116
-0.775603
6.93975
12.6828
-39.1633
13.5488
11.2288
2.13192
-25.9133
10.7361
-1.87635
-1.81955
5.63275
6.05947
-22.2612
9.06544
6.41896
0.0319912
-33.7466
8.72484
-10.0747
-5.84881
6.86627
9.41539
-36.6452
12.2503
7.9261
0.483542
-3.17016
27.0428
-3.00381
-2.93676
6.96191
1.47352
-32.7808
11.33
17.3039
5.92763
-42.4383
16.2861
6.20992
48.7658
5.56983
9.5269
23.5667
114.537
23.5667
61.6311
0
-1.49536e-14
55.0259
183.574
2.80177
51.0013
2.41101
13.8092
18.43
114.432
24.0206
56.6582
0
0
53.4203
195.184
7.80449
51.5732
7.94957
6.72886
27.5105
128.806
26.1542
73.3932
2.14463e-14
0
43.8193
172.144
7.16926
41.9217
7.44955
2.05193
14.1397
110.492
26.5194
50.5532
0
0
6.44594
154.018
6.67439
48.3647
6.73474
1.04446
36.7985
126.854
19.2931
69.2242
0
0
12.3321
144.433
6.23084
40.6992
6.36677
0.407616
1.15003
116.631
5.14876
55.8472
0
0
27.2653
157.586
7.73727
46.8602
7.81742
3.45292
27.3467
129.308
27.6371
72.045
0
0
13.9898
231.57
5.49895
42.6154
5.49165
7.73773
11.435
85.3927
13.0713
38.7603
1.99634e-14
0
3.63993
242.849
7.04096
56.4177
8.09536
9.18463
27.8234
121.775
14.36
70.7666
0
0
46.3433
207.35
-2.14877
57.8096
3.01495
1.50459
-9.74574
126.155
9.93821
42.1275
0
0
1.11374
327.866
