3.5
0.6233
0.273874
0.8817
0.4183
0
-1.3
-2.1817
2.6
-1.3
1.0451
-0.0491
-0.0805127
-0.842146
0.046422
-0.167217
0.743902
-0.185666
-0.582501
0.0242646
-0.743902
0.533972
-0.533972
-0.3304
2.0653
1.91081
-3
0.6233
0.273874
0.87999
0.42001
2.88353e-13
-1.3
-2.17999
2.6
-1.3
0.882807
-0.0436444
-0.0828667
-0.837823
0.0389688
-0.140369
0.69026
-0.18383
-0.56462
0.0581897
-0.69026
0.448241
-0.448241
-0.420308
2.0075
1.69282
-2.68149
0.6233
0.273874
0.87828
0.42172
5.76707e-13
-1.3
-2.17828
2.6
-1.3
0.720514
-0.0381889
-0.0852206
-0.8335
0.0315156
-0.113522
0.636618
-0.181993
-0.546739
0.0921147
-0.636618
0.36251
-0.36251
-0.510217
1.9497
1.47484
-2.36298
0.6233
0.273874
0.876571
0.423429
8.6506e-13
-1.3
-2.17657
2.6
-1.3
0.558221
-0.0327333
-0.0875745
-0.829177
0.0240624
-0.0866752
0.582976
-0.180157
-0.528859
0.12604
-0.582976
0.276779
-0.276779
-0.600125
1.89191
1.25685
-2.04447
0.6233
0.273874
0.874861
0.425139
1.15341e-12
-1.3
-2.17486
2.6
-1.3
0.395928
-0.0272778
-0.0899284
-0.824854
0.0166092
-0.0598281
0.529334
-0.17832
-0.510978
0.159965
-0.529334
0.191049
-0.191049
-0.690034
1.83411
1.03886
-1.72596
0.6233
0.273874
0.873151
0.426849
1.44177e-12
-1.3
-2.17315
2.6
-1.3
0.233635
-0.0218222
-0.0922824
-0.820531
0.00915602
-0.0329809
0.475691
-0.176484
-0.493097
0.19389
-0.475691
0.105318
-0.105318
-0.779942
1.77631
0.820876
-1.40745
0.6233
0.273874
0.871441
0.428559
1.73012e-12
-1.3
-2.17144
2.6
-1.3
0.071342
-0.0163667
-0.0946363
-0.816207
0.00170283
-0.00613378
0.422049
-0.174648
-0.475216
0.227815
-0.422049
0.019587
-0.019587
-0.86985
1.71851
0.60289
-1.08895
0.6233
0.273874
0.869732
0.430268
2.01847e-12
-1.3
-2.16973
2.6
-1.3
-0.0909509
-0.0109111
-0.0969902
-0.811884
-0.00575035
0.0207134
0.368407
-0.172811
-0.457336
0.26174
-0.368407
-0.0661438
0.0661438
-0.959759
1.66071
0.384903
-0.770436
0.6233
0.273874
0.868022
0.431978
2.30683e-12
-1.3
-2.16802
2.6
-1.3
-0.253244
-0.00545556
-0.0993441
-0.807561
-0.0132035
0.0475605
0.314765
-0.170975
-0.439455
0.295665
-0.314765
-0.151875
0.151875
-1.04967
1.60291
0.166917
-0.451927
0.6233
0.273874
0.866312
0.433688
2.59518e-12
-1.3
-2.16631
2.6
-1.3
-0.415537
0
-0.101698
-0.803238
-0.0206567
0.0744076
0.261123
-0.169138
-0.421574
0.32959
-0.261123
-0.237605
0.237605
-1.13958
1.54512
-0.05107
-0.133418
1.68292
1.23396
9.05757
11.6901
-66.1688
15.1723
-21.2842
-23.6073
-18.139
14.2784
8.98899
4.85084
8.94683
13.2048
-66.9173
15.9891
-28.5052
-28.4599
-18.331
14.8797
17.2877
8.81759
8.54321
14.2278
-67.828
16.6866
-35.2566
-32.7519
-19.0726
15.1396
26.3051
12.974
7.80014
14.5916
-68.6344
17.1654
-41.3474
-36.3749
-20.3014
14.9511
35.3022
16.9431
6.70269
14.1097
-68.9334
17.2849
-46.2679
-39.0297
-21.8354
14.1984
42.9024
20.0666
5.31113
12.6456
-68.2036
16.8826
-49.1232
-40.1847
-23.3136
12.8036
47.2053
21.4841
3.80487
10.2406
-65.9512
15.8398
-48.792
-39.1772
-24.2009
10.809
46.4907
20.48
2.4729
7.23352
-62.0014
14.1855
-44.4628
-35.547
-23.9522
8.45058
40.3088
16.973
1.60242
4.21714
-56.7421
12.1539
-36.3108
-29.4536
-22.3126
6.12051
15.2722
3.30236
3.04141
0.906345
-51.1394
9.84485
-21.8046
-13.2908
-16.0597
5.18998
15.7106
54.5006
15.7106
6.84729
24.9585
178.897
24.9585
119.706
0
0
22.1993
222.485
14.2553
49.714
14.2553
-1.35605e-16
25.8126
184.368
25.8126
120.127
0
0
23.2746
231.681
11.2507
43.7102
11.2507
0
25.6023
190.055
25.6023
119.877
0
0
23.6058
241.406
6.60462
36.5026
6.60462
0
24.1318
195.124
24.1318
118.513
0
0
23.001
250.514
0.469645
28.4408
0.469645
0
21.269
198.265
21.269
115.539
0
0
21.2776
257.117
-6.54143
20.4187
-6.54143
0
17.0889
197.735
17.0889
110.552
0
0
18.3632
258.606
-13.2138
13.9295
-13.2138
0
12.0513
191.841
12.0513
103.544
0
0
14.4538
252.289
-17.9522
10.659
-17.9522
0
7.04693
179.936
7.04693
95.1943
0
0
10.1186
236.871
-19.502
11.6013
-19.502
0
3.10751
163.279
3.10751
86.8009
0
0
6.16362
213.855
-8.12072
30.7774
-8.12072
0
5.31058
139.535
5.31058
84.6007
16.1054
139.026
4.76853
176.109
