3.5
0.6233
0.273874
0.8817
0.4183
0
-1.3
-2.1817
2.6
-1.3
1.0451
-0.0491
-0.0805127
-0.842146
0.046422
-0.167217
0.743902
-0.185666
-0.582501
0.0242646
-0.743902
0.533972
-0.533972
-0.3304
2.0653
1.91081
-3
0.622335
0.277063
0.888691
0.406183
0
-1.29487
-2.1817
2.602
-1.3
1.0451
-0.0491
-0.0881025
-0.838236
0.0467149
-0.165257
0.740526
-0.185609
-0.581376
0.0264584
-0.743902
0.533972
-0.533972
-0.3304
2.0653
1.90886
-3
0.62137
0.280252
0.895682
0.394067
0
-1.28975
-2.1817
2.604
-1.3
1.0451
-0.0491
-0.0956923
-0.834326
0.0470078
-0.163296
0.73715
-0.185552
-0.58025
0.0286523
-0.743902
0.533972
-0.533972
-0.3304
2.0653
1.9069
-3
0.620405
0.28344
0.902673
0.38195
0
-1.28462
-2.1817
2.606
-1.3
1.0451
-0.0491
-0.103282
-0.830417
0.0473008
-0.161336
0.733774
-0.185495
-0.579125
0.0308461
-0.743902
0.533972
-0.533972
-0.3304
2.0653
1.90495
-3
0.61944
0.286629
0.909664
0.369833
0
-1.2795
-2.1817
2.608
-1.3
1.0451
-0.0491
-0.110872
-0.826507
0.0475937
-0.159376
0.730398
-0.185439
-0.578
0.0330399
-0.743902
0.533972
-0.533972
-0.3304
2.0653
1.903
-3
0.618475
0.289818
0.916655
0.357716
0
-1.27437
-2.1817
2.61
-1.3
1.0451
-0.0491
-0.118462
-0.822597
0.0478867
-0.157416
0.727022
-0.185382
-0.576874
0.0352337
-0.743902
0.533972
-0.533972
-0.3304
2.0653
1.90105
-3
0.61751
0.293006
0.923646
0.3456
0
-1.26925
-2.1817
2.612
-1.3
1.0451
-0.0491
-0.126051
-0.818687
0.0481796
-0.155456
0.723646
-0.185325
-0.575749
0.0374275
-0.743902
0.533972
-0.533972
-0.3304
2.0653
1.89909
-3
0.616545
0.296195
0.930637
0.333483
0
-1.26412
-2.1817
2.614
-1.3
1.0451
-0.0491
-0.133641
-0.814777
0.0484725
-0.153496
0.72027
-0.185268
-0.574623
0.0396213
-0.743902
0.533972
-0.533972
-0.3304
2.0653
1.89714
-3
0.61558
0.299383
0.937628
0.321366
0
-1.25899
-2.1817
2.616
-1.3
1.0451
-0.0491
-0.141231
-0.810867
0.0487655
-0.151536
0.716894
-0.185211
-0.573498
0.0418151
-0.743902
0.533972
-0.533972
-0.3304
2.0653
1.89519
-3
0.614615
0.302572
0.944619
0.309249
0
-1.25387
-2.1817
2.618
-1.3
1.0451
-0.0491
-0.148821
-0.806958
0.0490584
-0.149576
0.713518
-0.185154
-0.572373
0.0440089
-0.743902
0.533972
-0.533972
-0.3304
2.0653
1.89323
-3
1.85546
1.49182
9.26145
12.0252
-69.3483
15.7424
-20.2982
-23.9045
-19.8855
14.9225
1.97535
1.59923
9.33922
11.2868
-69.4381
15.4285
-19.9534
-23.6586
-19.8144
14.8465
2.09477
1.70606
9.4161
10.5545
-69.5162
15.1149
-19.6069
-23.4111
-19.7411
14.7706
2.21373
1.81232
9.49207
9.82831
-69.5826
14.8016
-19.2586
-23.1621
-19.6654
14.6948
2.33223
1.91798
9.56712
9.10844
-69.6372
14.4888
-18.9086
-22.9117
-19.5875
14.6192
2.45028
2.02306
9.64122
8.39499
-69.6802
14.1764
-18.5571
-22.6598
-19.5074
14.5438
2.56789
2.12754
9.71436
7.68807
-69.7116
13.8645
-18.204
-22.4065
-19.425
14.4685
2.68506
2.23141
9.78653
6.98779
-69.7315
13.5532
-17.8495
-22.1519
-19.3405
14.3934
2.80179
2.33466
9.8577
6.29427
-69.7398
13.2425
-17.4937
-21.896
-19.2538
14.3185
-15.6649
-9.78325
7.51382
4.0884
-29.963
6.21047
-7.8153
-5.87967
4.11113
4.85763
15.3434
55.5218
15.3434
5.35824
25.1527
186.482
25.1527
124.126
0
0
22.7474
232.12
15.8022
55.6293
15.8022
5.63269
0
0
0
0
0
0
23.2526
231.868
16.2571
55.7398
16.2571
5.91224
0
0
0
0
0
0
23.7572
231.602
16.7081
55.8532
16.7081
6.1968
0
0
0
0
0
0
24.2608
231.323
17.1549
55.9693
17.1549
6.48625
0
0
0
0
0
0
24.7635
231.03
17.5976
56.0882
17.5976
6.78051
0
0
0
0
0
0
25.2651
230.723
18.036
56.2097
18.036
7.07947
3.20138e-15
3.62923e-14
0
0
0
0
25.7655
230.403
18.47
56.3339
18.47
7.38304
0
0
0
0
-2.62448e-14
0
26.2644
230.069
18.8995
56.4605
18.8995
7.69112
0
0
0
0
0
0
26.7619
229.721
25.2548
56.2615
25.2548
43.5998
0
0
0
0
0
0
14.5423
96.7237
