3.5
0.6233
0.273874
0.8817
0.4183
0
-1.3
-2.1817
2.6
-1.3
1.0451
-0.0491
-0.0805127
-0.842146
0.046422
-0.167217
0.743902
-0.185666
-0.582501
0.0242646
-0.743902
0.533972
-0.533972
-0.3304
2.0653
1.91081
-3
0.622335
0.277063
0.888691
0.406183
0
-1.29487
-2.1817
2.602
-1.3
1.0451
-0.0491
-0.0881025
-0.838236
0.0467149
-0.165257
0.740526
-0.185609
-0.581376
0.0264584
-0.743902
0.533972
-0.533972
-0.3304
2.0653
1.90886
-3
0.62137
0.280252
0.895682
0.394067
0
-1.28975
-2.1817
2.604
-1.3
1.0451
-0.0491
-0.0956923
-0.834326
0.0470078
-0.163296
0.73715
-0.185552
-0.58025
0.0286523
-0.743902
0.533972
-0.533972
-0.3304
2.0653
1.9069
-3
0.620405
0.28344
0.902673
0.38195
0
-1.28462
-2.1817
2.606
-1.3
1.0451
-0.0491
-0.103282
-0.830417
0.0473008
-0.161336
0.733774
-0.185495
-0.579125
0.0308461
-0.743902
0.533972
-0.533972
-0.3304
2.0653
1.90495
-3
0.61944
0.286629
0.909664
0.369833
0
-1.2795
-2.1817
2.608
-1.3
1.0451
-0.0491
-0.110872
-0.826507
0.0475937
-0.159376
0.730398
-0.185439
-0.578
0.0330399
-0.743902
0.533972
-0.533972
-0.3304
2.0653
1.903
-3
0.618475
0.289818
0.916655
0.357716
0
-1.27437
-2.1817
2.61
-1.3
1.0451
-0.0491
-0.118462
-0.822597
0.0478867
-0.157416
0.727022
-0.185382
-0.576874
0.0352337
-0.743902
0.533972
-0.533972
-0.3304
2.0653
1.90105
-3
0.61751
0.293006
0.923646
0.3456
0
-1.26925
-2.1817
2.612
-1.3
1.0451
-0.0491
-0.126051
-0.818687
0.0481796
-0.155456
0.723646
-0.185325
-0.575749
0.0374275
-0.743902
0.533972
-0.533972
-0.3304
2.0653
1.89909
-3
0.616545
0.296195
0.930637
0.333483
0
-1.26412
-2.1817
2.614
-1.3
1.0451
-0.0491
-0.133641
-0.814777
0.0484725
-0.153496
0.72027
-0.185268
-0.574623
0.0396213
-0.743902
0.533972
-0.533972
-0.3304
2.0653
1.89714
-3
0.61558
0.299383
0.937628
0.321366
0
-1.25899
-2.1817
2.616
-1.3
1.0451
-0.0491
-0.141231
-0.810867
0.0487655
-0.151536
0.716894
-0.185211
-0.573498
0.0418151
-0.743902
0.533972
-0.533972
-0.3304
2.0653
1.89519
-3
0.614615
0.302572
0.944619
0.309249
0
-1.25387
-2.1817
2.618
-1.3
1.0451
-0.0491
-0.148821
-0.806958
0.0490584
-0.149576
0.713518
-0.185154
-0.572373
0.0440089
-0.743902
0.533972
-0.533972
-0.3304
2.0653
1.89323
-3
4.15015
2.95535
9.4977
12.6503
-74.3911
16.793
-21.637
-25.9786
-22.862
16.0715
4.25173
3.05749
9.58252
11.8614
-74.4525
16.4506
-21.2669
-25.7116
-22.7699
15.9927
4.35299
3.15903
9.66628
11.0795
-74.5011
16.1087
-20.8951
-25.443
-22.6754
15.914
4.45392
3.25998
9.74896
10.3048
-74.5369
15.7673
-20.5217
-25.173
-22.5785
15.8355
4.55454
3.36032
9.83054
9.53749
-74.5601
15.4266
-20.1467
-24.9015
-22.4792
15.7571
4.65485
3.46004
9.91101
8.7776
-74.5706
15.0867
-19.7703
-24.6286
-22.3775
15.6789
4.75486
3.55914
9.99033
8.02529
-74.5686
14.7475
-19.3924
-24.3544
-22.2736
15.6009
4.85457
3.65762
10.0685
7.28066
-74.554
14.4092
-19.0133
-24.079
-22.1673
15.523
4.95399
3.75545
10.1455
6.54385
-74.527
14.0719
-18.6329
-23.8023
-22.0588
15.4453
-17.8034
-11.2025
7.21559
3.88046
-25.1864
5.40164
-6.69714
-3.98913
6.90286
3.7305
14.2278
55.5468
14.2278
0.798487
25.6292
199.217
25.6292
130.619
-3.10024e-14
-1.64778e-14
23.897
248.884
14.7373
55.6644
14.7373
1.11575
0
0
0
0
0
0
24.4442
248.537
15.2421
55.7849
15.2421
1.43828
0
0
0
0
0
0
24.9901
248.175
15.7422
55.9084
15.7422
1.76597
0
0
0
0
0
0
25.5346
247.797
16.2372
56.0345
16.2372
2.09871
0
2.47733e-14
0
0
0
0
26.0774
247.404
16.7273
56.1634
16.7273
2.43639
0
0
0
-2.31266e-14
0
-1.9878e-14
26.6185
246.995
17.2123
56.2949
17.2123
2.77888
0
0
0
0
0
0
27.1577
246.571
17.6921
56.4289
17.6921
3.12608
0
0
0
0
0
0
27.6948
246.132
18.1665
56.5653
18.1665
3.47785
0
0
0
0
0
0
28.2298
245.679
25.9308
56.1321
25.9308
47.775
3.47315e-15
0
0
0
0
0
13.0184
80.783
