2.34
0.6233
0.273874
0.8817
0.4183
0
-1.3
-2.1817
2.6
-1.3
1.0451
-0.0491
-0.0805127
-0.842146
0.046422
-0.167217
0.743902
-0.185666
-0.582501
0.0242646
-0.743902
0.533972
-0.533972
-0.3304
2.0653
1.91081
-3
0.621883
0.278202
0.87475
0.413578
0.00932264
-1.29765
-2.17435
2.58591
-1.28631
1.01783
-0.0672011
-0.138686
-0.754536
0.041264
-0.148637
0.661247
-0.165037
-0.517779
0.0215685
-0.661247
0.474641
-0.474641
-0.293689
1.83582
1.6985
-2.66667
0.620467
0.282531
0.867801
0.408857
0.0186453
-1.2953
-2.16701
2.57182
-1.27261
0.990551
-0.0853023
-0.19686
-0.666925
0.036106
-0.130057
0.578591
-0.144407
-0.453056
0.0188724
-0.578591
0.415311
-0.415311
-0.256978
1.60634
1.48618
-2.33333
0.61905
0.286859
0.860851
0.404135
0.0279679
-1.29295
-2.15966
2.55773
-1.25892
0.963277
-0.103403
-0.255034
-0.579315
0.030948
-0.111478
0.495935
-0.123777
-0.388334
0.0161763
-0.495935
0.355981
-0.355981
-0.220267
1.37687
1.27387
-2
0.617634
0.291187
0.853902
0.399414
0.0372906
-1.29061
-2.15231
2.54364
-1.24523
0.936003
-0.121505
-0.313208
-0.491704
0.02579
-0.0928981
0.413279
-0.103148
-0.323611
0.0134802
-0.413279
0.296651
-0.296651
-0.183556
1.14739
1.06156
-1.66667
0.616217
0.295515
0.846952
0.394692
0.0466132
-1.28826
-2.14497
2.52955
-1.23154
0.908728
-0.139606
-0.371381
-0.404094
0.020632
-0.0743185
0.330623
-0.0825184
-0.258889
0.0107842
-0.330623
0.237321
-0.237321
-0.146845
0.917912
0.849248
-1.33333
0.614801
0.299843
0.840003
0.389971
0.0559358
-1.28591
-2.13762
2.51546
-1.21784
0.881454
-0.157707
-0.429555
-0.316484
0.015474
-0.0557389
0.247967
-0.0618888
-0.194167
0.00808806
-0.247967
0.177991
-0.177991
-0.110134
0.688434
0.636936
-1
0.613384
0.304171
0.833053
0.385249
0.0652585
-1.28356
-2.13027
2.50137
-1.20415
0.85418
-0.175808
-0.487729
-0.228873
0.010316
-0.0371593
0.165312
-0.0412593
-0.129444
0.00539196
-0.165312
0.11866
-0.11866
-0.0734228
0.458957
0.424624
-0.666666
0.611968
0.3085
0.826103
0.380527
0.0745811
-1.28121
-2.12293
2.48728
-1.19046
0.826905
-0.193909
-0.545903
-0.141263
0.00515799
-0.0185796
0.0826558
-0.0206297
-0.0647219
0.00269586
-0.0826558
0.0593302
-0.0593302
-0.0367117
0.229479
0.212312
-0.333333
0.610551
0.312828
0.819154
0.375806
0.0839038
-1.27886
-2.11558
2.47319
-1.17677
0.799631
-0.21201
-0.604076
-0.0536525
-1.32357e-09
-1.38328e-08
-5.7199e-08
-1.355e-07
4.2431e-07
-2.31612e-07
2.47654e-08
4.47165e-08
-1.22832e-08
-7.06727e-07
1.23609e-06
-3.43042e-07
5.68989e-07
12.8896
8.3718
10.2105
14.2825
-91.1577
20.3005
-27.5415
-33.3891
-33.0176
20.4647
12.6328
7.97659
10.1019
15.0764
-87.3706
19.7842
-29.5039
-34.5333
-29.4993
17.6647
12.2084
7.46804
9.94279
15.6894
-83.4289
19.181
-31.0548
-35.2367
-26.1062
14.8416
11.5942
6.8378
9.73732
16.1159
-79.3245
18.491
-32.1758
-35.4853
-22.8494
12.0215
10.7647
6.07546
9.48993
16.3508
-75.0497
17.714
-32.8477
-35.2657
-19.735
9.236
9.69031
5.1684
9.20552
16.3889
-70.5979
16.85
-33.0505
-34.5648
-16.7636
6.52315
8.33779
4.10167
8.88942
16.2254
-65.9633
15.8985
-32.7636
-33.3701
-13.9301
3.92706
6.67
2.85796
8.54741
15.8549
-61.1416
14.8592
-31.9655
-31.6698
-11.2235
1.49838
4.64597
1.41744
8.18561
15.2725
-56.1299
13.7314
-30.6336
-29.4527
-8.62584
-0.705719
-1.77508
-2.66505
7.36189
12.8817
-45.3363
10.9709
-21.8735
-21.3319
-3.19865
-3.51333
10.2337
54.6262
10.2337
0
27.449
241.167
27.449
151.28
0
0
27.7378
304.399
11.0675
54.0463
11.0675
0
27.6293
233.908
27.6293
147.678
0
0
29.2991
294.856
11.7384
53.4343
11.7384
0
27.5572
226.059
27.5572
143.719
0
0
30.1825
284.694
12.2739
52.8068
12.2739
0
27.2506
217.58
27.2506
139.387
3.25899e-14
0
30.4261
273.813
12.7038
52.1854
12.7038
0
26.7282
208.431
26.7282
134.672
0
0
30.0724
262.111
13.06
51.5961
13.06
0
26.0091
198.574
26.0091
129.564
0
0
29.1694
249.49
13.3764
51.0701
13.3764
0
25.1126
187.97
25.1126
124.057
0
0
27.7709
235.852
13.6888
50.6436
13.6888
3.12249
24.0577
176.58
24.0577
118.146
0
0
25.9378
221.103
14.0344
50.358
14.0344
7.12837
22.8637
164.37
22.8637
111.831
0
6.64717e-15
23.7389
205.153
14.9775
50.8186
14.9775
17.9518
19.7061
135.337
19.7061
96.979
0
0
18.4049
166.383
