3.5
0.6233
0.273874
0.8817
0.4183
0
-1.3
-2.1817
2.6
-1.3
1.0451
-0.0491
-0.0805127
-0.842146
0.046422
-0.167217
0.743902
-0.185666
-0.582501
0.0242646
-0.743902
0.533972
-0.533972
-0.3304
2.0653
1.91081
-3
0.623453
0.274411
0.883416
0.420662
0.000904806
-1.3
-2.1817
2.59828
-1.3
1.0451
-0.0491
-0.0810316
-0.842141
0.0464141
-0.16718
0.7438
-0.185666
-0.582501
0.0242646
-0.743786
0.533853
-0.533867
-0.3304
2.0653
1.9109
-3
0.623607
0.274947
0.885133
0.423024
0.00180961
-1.3
-2.1817
2.59657
-1.3
1.0451
-0.0491
-0.0815504
-0.842136
0.0464062
-0.167142
0.743697
-0.185666
-0.582501
0.0242646
-0.743669
0.533735
-0.533762
-0.3304
2.0653
1.91099
-3
0.62376
0.275483
0.886849
0.425386
0.00271442
-1.3
-2.1817
2.59485
-1.3
1.0451
-0.0491
-0.0820693
-0.842131
0.0463984
-0.167105
0.743594
-0.185666
-0.582501
0.0242646
-0.743553
0.533616
-0.533657
-0.3304
2.0653
1.91108
-3
0.623913
0.276019
0.888565
0.427748
0.00361922
-1.3
-2.1817
2.59313
-1.3
1.0451
-0.0491
-0.0825882
-0.842126
0.0463905
-0.167068
0.743491
-0.185666
-0.582501
0.0242646
-0.743436
0.533498
-0.533552
-0.3304
2.0653
1.91117
-3
0.624067
0.276556
0.890281
0.43011
0.00452403
-1.3
-2.1817
2.59142
-1.3
1.0451
-0.0491
-0.083107
-0.842121
0.0463827
-0.167031
0.743388
-0.185666
-0.582501
0.0242646
-0.74332
0.533379
-0.533447
-0.3304
2.0653
1.91126
-3
0.62422
0.277092
0.891998
0.432472
0.00542883
-1.3
-2.1817
2.5897
-1.3
1.0451
-0.0491
-0.0836259
-0.842116
0.0463748
-0.166994
0.743285
-0.185666
-0.582501
0.0242646
-0.743203
0.533261
-0.533343
-0.3304
2.0653
1.91135
-3
0.624373
0.277628
0.893714
0.434833
0.00633364
-1.3
-2.1817
2.58799
-1.3
1.0451
-0.0491
-0.0841447
-0.842111
0.0463669
-0.166957
0.743182
-0.185666
-0.582501
0.0242646
-0.743087
0.533142
-0.533238
-0.3304
2.0653
1.91144
-3
0.624527
0.278165
0.89543
0.437195
0.00723845
-1.3
-2.1817
2.58627
-1.3
1.0451
-0.0491
-0.0846636
-0.842106
0.0463591
-0.16692
0.743079
-0.185666
-0.582501
0.0242646
-0.74297
0.533024
-0.533133
-0.3304
2.0653
1.91153
-3
0.62468
0.278701
0.897147
0.439557
0.00814325
-1.3
-2.1817
2.58455
-1.3
1.0451
-0.0491
-0.0851825
-0.842101
0.0463512
-0.166883
0.742976
-0.185666
-0.582501
0.0242646
-0.742853
0.532905
-0.533028
-0.3304
2.0653
1.91162
-3
1.06086
0.946029
9.15479
11.6924
-67.1434
15.2777
-19.7379
-23.0043
-18.5541
14.4131
0.998798
0.853571
9.05442
11.8151
-67.1004
15.3221
-19.7479
-23.0068
-18.5414
14.4263
0.937661
0.761928
8.95397
11.938
-67.0566
15.3665
-19.7579
-23.0092
-18.5284
14.4395
0.877449
0.671102
8.85346
12.0611
-67.012
15.4107
-19.7678
-23.0116
-18.515
14.4528
0.818165
0.581097
8.75288
12.1844
-66.9665
15.4549
-19.7777
-23.0139
-18.5012
14.4661
0.759811
0.491914
8.65225
12.3079
-66.9202
15.4989
-19.7875
-23.0161
-18.487
14.4793
0.702388
0.403555
8.55156
12.4315
-66.873
15.5429
-19.7972
-23.0182
-18.4725
14.4927
0.645897
0.316024
8.45082
12.5553
-66.8249
15.5867
-19.8069
-23.0203
-18.4576
14.506
0.590341
0.229323
8.35003
12.6792
-66.7761
15.6304
-19.8165
-23.0223
-18.4424
14.5193
-17.7675
-11.1912
6.97832
7.76427
-29.4492
7.5899
-9.58787
-7.42865
3.51151
5.83872
15.8074
55.4553
15.8074
7.34287
25.0118
180.802
25.0118
121.139
0
0
22.2799
224.687
0
0
0
0
25.2578
180.844
25.2578
121.239
0
0
22.5602
224.729
-2.09093e-15
0
0
0
25.5039
180.884
25.5039
121.338
0
0
22.8408
224.769
0
0
0
0
25.7501
180.922
25.7501
121.436
0
0
23.1217
224.806
0
0
0
0
25.9964
180.959
25.9964
121.533
0
0
23.4028
224.842
0
0
0
0
26.2427
180.993
26.2427
121.628
0
0
23.6842
224.875
0
0
0
0
26.489
181.026
26.489
121.722
0
0
23.9657
224.906
0
0
0
0
26.7354
181.057
26.7354
121.815
-2.42749e-14
0
24.2475
224.934
0
0
0
0
26.9818
181.086
26.9818
121.907
0
0
24.5295
224.961
0
6.30325e-15
0
0
21.8224
86.5905
21.8224
73.8745
0
0
14.4304
100.421
