3.5
0.6233
0.273874
0.8817
0.4183
0
-1.3
-2.1817
2.6
-1.3
1.0451
-0.0491
-0.0805127
-0.842146
0.046422
-0.167217
0.743902
-0.185666
-0.582501
0.0242646
-0.743902
0.533972
-0.533972
-0.3304
2.0653
1.91081
-3
0.621883
0.278202
0.87475
0.413578
0.00932264
-1.29765
-2.17435
2.58591
-1.28631
1.01783
-0.0672011
-0.138686
-0.754536
0.041264
-0.148637
0.661247
-0.165037
-0.517779
0.0215685
-0.661247
0.474641
-0.474641
-0.293689
1.83582
1.6985
-2.66667
0.620467
0.282531
0.867801
0.408857
0.0186453
-1.2953
-2.16701
2.57182
-1.27261
0.990551
-0.0853023
-0.19686
-0.666925
0.036106
-0.130057
0.578591
-0.144407
-0.453056
0.0188724
-0.578591
0.415311
-0.415311
-0.256978
1.60634
1.48618
-2.33333
0.61905
0.286859
0.860851
0.404135
0.0279679
-1.29295
-2.15966
2.55773
-1.25892
0.963277
-0.103403
-0.255034
-0.579315
0.030948
-0.111478
0.495935
-0.123777
-0.388334
0.0161763
-0.495935
0.355981
-0.355981
-0.220267
1.37687
1.27387
-2
0.617634
0.291187
0.853902
0.399414
0.0372906
-1.29061
-2.15231
2.54364
-1.24523
0.936003
-0.121505
-0.313208
-0.491704
0.02579
-0.0928981
0.413279
-0.103148
-0.323611
0.0134802
-0.413279
0.296651
-0.296651
-0.183556
1.14739
1.06156
-1.66667
0.616217
0.295515
0.846952
0.394692
0.0466132
-1.28826
-2.14497
2.52955
-1.23154
0.908728
-0.139606
-0.371381
-0.404094
0.020632
-0.0743185
0.330623
-0.0825184
-0.258889
0.0107842
-0.330623
0.237321
-0.237321
-0.146845
0.917912
0.849248
-1.33333
0.614801
0.299843
0.840003
0.389971
0.0559358
-1.28591
-2.13762
2.51546
-1.21784
0.881454
-0.157707
-0.429555
-0.316484
0.015474
-0.0557389
0.247967
-0.0618888
-0.194167
0.00808806
-0.247967
0.177991
-0.177991
-0.110134
0.688434
0.636936
-1
0.613384
0.304171
0.833053
0.385249
0.0652585
-1.28356
-2.13027
2.50137
-1.20415
0.85418
-0.175808
-0.487729
-0.228873
0.010316
-0.0371593
0.165312
-0.0412593
-0.129444
0.00539196
-0.165312
0.11866
-0.11866
-0.0734228
0.458957
0.424624
-0.666666
0.611968
0.3085
0.826103
0.380527
0.0745811
-1.28121
-2.12293
2.48728
-1.19046
0.826905
-0.193909
-0.545903
-0.141263
0.00515799
-0.0185796
0.0826558
-0.0206297
-0.0647219
0.00269586
-0.0826558
0.0593302
-0.0593302
-0.0367117
0.229479
0.212312
-0.333333
0.610551
0.312828
0.819154
0.375806
0.0839038
-1.27886
-2.11558
2.47319
-1.17677
0.799631
-0.21201
-0.604076
-0.0536525
-1.32357e-09
-1.38328e-08
-5.7199e-08
-1.355e-07
4.2431e-07
-2.31612e-07
2.47654e-08
4.47165e-08
-1.22832e-08
-7.06727e-07
1.23609e-06
-3.43042e-07
5.68989e-07
4.58844
3.16585
9.45974
12.4392
-74.2624
16.7715
-22.155
-26.1156
-22.8811
16.2558
4.79545
3.07189
9.37619
13.1184
-72.0276
16.4926
-23.814
-27.2586
-20.5942
14.167
4.90287
2.90959
9.25755
13.6824
-69.683
16.156
-25.2292
-28.125
-18.3847
12.0165
4.89752
2.67436
9.10658
14.1281
-67.224
15.7622
-26.3865
-28.7036
-16.2629
9.81988
4.76404
2.36034
8.9263
14.4529
-64.6467
15.3114
-27.2714
-28.9837
-14.2361
7.59669
4.48485
1.96035
8.71999
14.654
-61.9474
14.804
-27.8689
-28.9548
-12.308
5.37065
4.04008
1.46579
8.49115
14.7288
-59.1233
14.2401
-28.1639
-28.607
-10.4787
3.16967
3.40754
0.866589
8.24351
14.6744
-56.1723
13.6197
-28.1406
-27.9308
-8.74482
1.02591
2.56274
0.151187
7.981
14.4881
-53.093
12.9427
-27.7829
-26.9174
-7.09842
-1.02414
-0.0524468
-1.62202
7.53583
13.5572
-47.7429
11.6174
-24.4409
-23.4982
-4.4108
-3.28149
14.1334
55.1005
14.1334
0.432293
25.7263
198.719
25.7263
130.041
0
0
23.8872
248.362
14.4429
54.5806
14.4429
1.22794
25.7695
194.894
25.7695
128.118
0
0
25.0902
243.354
14.6375
54.0236
14.6375
2.10483
25.6444
190.677
25.6444
125.953
-2.14463e-14
0
25.8455
237.948
14.7353
53.4399
14.7353
3.08485
25.3633
186.045
25.3633
123.538
0
0
26.1733
232.083
14.7559
52.8429
14.7559
4.1932
24.9391
180.976
24.9391
120.866
0
0
26.0961
225.697
14.7198
52.2484
14.7198
5.45848
24.3844
175.446
24.3844
117.934
0
0
25.6396
218.73
14.6488
51.6756
14.6488
6.91276
23.7122
169.434
23.7122
114.737
0
0
24.8328
211.12
14.5656
51.1465
14.5656
8.59161
22.9352
162.919
22.9352
111.275
0
0
23.7089
202.81
14.4936
50.6861
14.4936
10.5341
22.0659
155.88
22.0659
107.547
0
0
22.3057
193.743
14.6584
50.5368
14.6584
15.1943
20.4101
142.178
20.4101
100.439
0
0
19.5754
175.613
