3.5
0.6233
0.273874
0.8817
0.4183
0
-1.3
-2.1817
2.6
-1.3
1.0451
-0.0491
-0.0805127
-0.842146
0.046422
-0.167217
0.743902
-0.185666
-0.582501
0.0242646
-0.743902
0.533972
-0.533972
-0.3304
2.0653
1.91081
-3
0.622335
0.277063
0.888691
0.406183
0
-1.29487
-2.1817
2.602
-1.3
1.0451
-0.0491
-0.0881025
-0.838236
0.0467149
-0.165257
0.740526
-0.185609
-0.581376
0.0264584
-0.743902
0.533972
-0.533972
-0.3304
2.0653
1.90886
-3
0.62137
0.280252
0.895682
0.394067
0
-1.28975
-2.1817
2.604
-1.3
1.0451
-0.0491
-0.0956923
-0.834326
0.0470078
-0.163296
0.73715
-0.185552
-0.58025
0.0286523
-0.743902
0.533972
-0.533972
-0.3304
2.0653
1.9069
-3
0.620405
0.28344
0.902673
0.38195
0
-1.28462
-2.1817
2.606
-1.3
1.0451
-0.0491
-0.103282
-0.830417
0.0473008
-0.161336
0.733774
-0.185495
-0.579125
0.0308461
-0.743902
0.533972
-0.533972
-0.3304
2.0653
1.90495
-3
0.61944
0.286629
0.909664
0.369833
0
-1.2795
-2.1817
2.608
-1.3
1.0451
-0.0491
-0.110872
-0.826507
0.0475937
-0.159376
0.730398
-0.185439
-0.578
0.0330399
-0.743902
0.533972
-0.533972
-0.3304
2.0653
1.903
-3
0.618475
0.289818
0.916655
0.357716
0
-1.27437
-2.1817
2.61
-1.3
1.0451
-0.0491
-0.118462
-0.822597
0.0478867
-0.157416
0.727022
-0.185382
-0.576874
0.0352337
-0.743902
0.533972
-0.533972
-0.3304
2.0653
1.90105
-3
0.61751
0.293006
0.923646
0.3456
0
-1.26925
-2.1817
2.612
-1.3
1.0451
-0.0491
-0.126051
-0.818687
0.0481796
-0.155456
0.723646
-0.185325
-0.575749
0.0374275
-0.743902
0.533972
-0.533972
-0.3304
2.0653
1.89909
-3
0.616545
0.296195
0.930637
0.333483
0
-1.26412
-2.1817
2.614
-1.3
1.0451
-0.0491
-0.133641
-0.814777
0.0484725
-0.153496
0.72027
-0.185268
-0.574623
0.0396213
-0.743902
0.533972
-0.533972
-0.3304
2.0653
1.89714
-3
0.61558
0.299383
0.937628
0.321366
0
-1.25899
-2.1817
2.616
-1.3
1.0451
-0.0491
-0.141231
-0.810867
0.0487655
-0.151536
0.716894
-0.185211
-0.573498
0.0418151
-0.743902
0.533972
-0.533972
-0.3304
2.0653
1.89519
-3
0.614615
0.302572
0.944619
0.309249
0
-1.25387
-2.1817
2.618
-1.3
1.0451
-0.0491
-0.148821
-0.806958
0.0490584
-0.149576
0.713518
-0.185154
-0.572373
0.0440089
-0.743902
0.533972
-0.533972
-0.3304
2.0653
1.89323
-3
-2.15905
-1.05799
8.86411
10.9793
-60.7088
13.944
-18.0069
-20.3537
-14.7847
12.9577
-2.00722
-0.94135
8.92966
10.3273
-60.8477
13.6791
-17.7053
-20.1439
-14.7499
12.8862
-1.85611
-0.825249
8.99461
9.67963
-60.9765
13.4139
-17.4018
-19.9325
-14.713
12.8149
-1.70572
-0.709698
9.05894
9.03635
-61.0954
13.1487
-17.0964
-19.7195
-14.6741
12.7437
-1.55603
-0.5947
9.12265
8.39759
-61.2043
12.8834
-16.7891
-19.5049
-14.6331
12.6726
-1.40706
-0.480263
9.18572
7.76347
-61.3032
12.6181
-16.48
-19.2887
-14.5901
12.6017
-1.25877
-0.366391
9.24812
7.13408
-61.3922
12.3529
-16.1693
-19.0711
-14.545
12.531
-1.11119
-0.253089
9.30986
6.50954
-61.4712
12.0877
-15.8568
-18.8521
-14.4979
12.4604
-0.964285
-0.140365
9.3709
5.88996
-61.5403
11.8228
-15.5428
-18.6316
-14.4488
12.39
-11.9227
-7.311
8.01865
4.42164
-38.1442
7.59511
-9.7304
-9.1172
-0.670769
6.78687
17.285
55.5565
17.285
13.2544
24.3297
164.697
24.3297
113.073
0
0
20.7757
203.413
17.6563
55.6464
17.6563
13.455
0
0
0
0
0
0
21.2085
203.325
18.0251
55.7392
18.0251
13.6603
0
0
0
0
0
0
21.6416
203.226
18.3913
55.8349
18.3913
13.8704
0
0
0
0
0
0
22.0748
203.115
18.7549
55.9335
18.7549
14.0852
0
0
0
0
0
0
22.5082
202.994
19.1156
56.0349
19.1156
14.3045
0
0
0
0
0
0
22.9416
202.862
19.4735
56.139
19.4735
14.5283
-3.20138e-15
0
0
0
0
0
23.3749
202.718
19.8285
56.2458
19.8285
14.7566
0
0
0
0
0
0
23.808
202.564
20.1805
56.3552
20.1805
14.9893
0
0
0
0
0
0
24.2407
202.398
24.0723
56.4095
24.0723
36.3674
-3.47315e-15
0
0
0
0
0
17.1603
124.018
