2.88
0.6233
0.273874
0.8817
0.4183
0
-1.3
-2.1817
2.6
-1.3
1.0451
-0.0491
-0.0805127
-0.842146
0.046422
-0.167217
0.743902
-0.185666
-0.582501
0.0242646
-0.743902
0.533972
-0.533972
-0.3304
2.0653
1.91081
-3
0.623453
0.274411
0.883416
0.420662
0.000904806
-1.3
-2.1817
2.59828
-1.3
1.0451
-0.0491
-0.0810316
-0.842141
0.0464141
-0.16718
0.7438
-0.185666
-0.582501
0.0242646
-0.743786
0.533853
-0.533867
-0.3304
2.0653
1.9109
-3
0.623607
0.274947
0.885133
0.423024
0.00180961
-1.3
-2.1817
2.59657
-1.3
1.0451
-0.0491
-0.0815504
-0.842136
0.0464062
-0.167142
0.743697
-0.185666
-0.582501
0.0242646
-0.743669
0.533735
-0.533762
-0.3304
2.0653
1.91099
-3
0.62376
0.275483
0.886849
0.425386
0.00271442
-1.3
-2.1817
2.59485
-1.3
1.0451
-0.0491
-0.0820693
-0.842131
0.0463984
-0.167105
0.743594
-0.185666
-0.582501
0.0242646
-0.743553
0.533616
-0.533657
-0.3304
2.0653
1.91108
-3
0.623913
0.276019
0.888565
0.427748
0.00361922
-1.3
-2.1817
2.59313
-1.3
1.0451
-0.0491
-0.0825882
-0.842126
0.0463905
-0.167068
0.743491
-0.185666
-0.582501
0.0242646
-0.743436
0.533498
-0.533552
-0.3304
2.0653
1.91117
-3
0.624067
0.276556
0.890281
0.43011
0.00452403
-1.3
-2.1817
2.59142
-1.3
1.0451
-0.0491
-0.083107
-0.842121
0.0463827
-0.167031
0.743388
-0.185666
-0.582501
0.0242646
-0.74332
0.533379
-0.533447
-0.3304
2.0653
1.91126
-3
0.62422
0.277092
0.891998
0.432472
0.00542883
-1.3
-2.1817
2.5897
-1.3
1.0451
-0.0491
-0.0836259
-0.842116
0.0463748
-0.166994
0.743285
-0.185666
-0.582501
0.0242646
-0.743203
0.533261
-0.533343
-0.3304
2.0653
1.91135
-3
0.624373
0.277628
0.893714
0.434833
0.00633364
-1.3
-2.1817
2.58799
-1.3
1.0451
-0.0491
-0.0841447
-0.842111
0.0463669
-0.166957
0.743182
-0.185666
-0.582501
0.0242646
-0.743087
0.533142
-0.533238
-0.3304
2.0653
1.91144
-3
0.624527
0.278165
0.89543
0.437195
0.00723845
-1.3
-2.1817
2.58627
-1.3
1.0451
-0.0491
-0.0846636
-0.842106
0.0463591
-0.16692
0.743079
-0.185666
-0.582501
0.0242646
-0.74297
0.533024
-0.533133
-0.3304
2.0653
1.91153
-3
0.62468
0.278701
0.897147
0.439557
0.00814325
-1.3
-2.1817
2.58455
-1.3
1.0451
-0.0491
-0.0851825
-0.842101
0.0463512
-0.166883
0.742976
-0.185666
-0.582501
0.0242646
-0.742853
0.532905
-0.533028
-0.3304
2.0653
1.91162
-3
8.50163
5.60344
9.86064
13.4706
-82.4845
18.4584
-23.8755
-29.3435
-27.5555
17.9011
8.43624
5.50127
9.74113
13.6256
-82.4224
18.5144
-23.8945
-29.3503
-27.5306
17.9211
8.37196
5.40009
9.62159
13.7808
-82.3594
18.5702
-23.9135
-29.3571
-27.5053
17.941
8.30878
5.2999
9.50202
13.9362
-82.2953
18.6259
-23.9324
-29.3638
-27.4795
17.961
8.24671
5.20071
9.38242
14.0917
-82.2301
18.6814
-23.9512
-29.3704
-27.4534
17.981
8.18576
5.10252
9.26279
14.2475
-82.1639
18.7368
-23.9699
-29.3768
-27.4268
18.0009
8.12592
5.00532
9.14315
14.4035
-82.0967
18.7921
-23.9885
-29.3832
-27.3998
18.0209
8.0672
4.90913
9.02348
14.5596
-82.0284
18.8472
-24.0069
-29.3894
-27.3724
18.0409
8.00959
4.81394
8.9038
14.7159
-81.9591
18.9021
-24.0253
-29.3956
-27.3446
18.0609
-25.1851
-15.7677
6.44334
5.69509
-14.2847
4.30669
-5.37044
-1.05113
12.4015
2.29034
12.3293
55.4035
12.3293
0
26.5755
219.279
26.5755
140.556
-3.09009e-14
0
25.8257
275.442
0
8.44706e-15
0
0
26.8961
219.314
26.8961
140.681
0
0
26.1825
275.465
-2.09093e-15
0
0
8.24746e-16
27.2166
219.347
27.2166
140.805
2.75981e-14
0
26.5396
275.485
0
0
0
-1.12078e-15
27.5371
219.377
27.5371
140.927
0
0
26.8968
275.502
0
0
0
0
27.8575
219.405
27.8575
141.047
0
0
27.2542
275.516
0
0
0
0
28.1778
219.43
28.1778
141.166
4.41104e-14
0
27.6118
275.528
0
0
0
0
28.498
219.454
28.498
141.283
0
0
27.9696
275.536
0
0
0
0
28.8181
219.475
28.8181
141.399
0
0
28.3274
275.542
0
0
0
0
29.1381
219.493
29.1381
141.513
0
0
28.6854
275.546
0
0
0
0
19.5924
48.1889
19.5924
54.2444
0
0
10.1984
49.8525
