3.5
0.6233
0.273874
0.8817
0.4183
0
-1.3
-2.1817
2.6
-1.3
1.0451
-0.0491
-0.0805127
-0.842146
0.046422
-0.167217
0.743902
-0.185666
-0.582501
0.0242646
-0.743902
0.533972
-0.533972
-0.3304
2.0653
1.91081
-3
0.621883
0.278202
0.87475
0.413578
0.00932264
-1.29765
-2.17435
2.58591
-1.28631
1.01783
-0.0672011
-0.138686
-0.754536
0.041264
-0.148637
0.661247
-0.165037
-0.517779
0.0215685
-0.661247
0.474641
-0.474641
-0.293689
1.83582
1.6985
-2.66667
0.620467
0.282531
0.867801
0.408857
0.0186453
-1.2953
-2.16701
2.57182
-1.27261
0.990551
-0.0853023
-0.19686
-0.666925
0.036106
-0.130057
0.578591
-0.144407
-0.453056
0.0188724
-0.578591
0.415311
-0.415311
-0.256978
1.60634
1.48618
-2.33333
0.61905
0.286859
0.860851
0.404135
0.0279679
-1.29295
-2.15966
2.55773
-1.25892
0.963277
-0.103403
-0.255034
-0.579315
0.030948
-0.111478
0.495935
-0.123777
-0.388334
0.0161763
-0.495935
0.355981
-0.355981
-0.220267
1.37687
1.27387
-2
0.617634
0.291187
0.853902
0.399414
0.0372906
-1.29061
-2.15231
2.54364
-1.24523
0.936003
-0.121505
-0.313208
-0.491704
0.02579
-0.0928981
0.413279
-0.103148
-0.323611
0.0134802
-0.413279
0.296651
-0.296651
-0.183556
1.14739
1.06156
-1.66667
0.616217
0.295515
0.846952
0.394692
0.0466132
-1.28826
-2.14497
2.52955
-1.23154
0.908728
-0.139606
-0.371381
-0.404094
0.020632
-0.0743185
0.330623
-0.0825184
-0.258889
0.0107842
-0.330623
0.237321
-0.237321
-0.146845
0.917912
0.849248
-1.33333
0.614801
0.299843
0.840003
0.389971
0.0559358
-1.28591
-2.13762
2.51546
-1.21784
0.881454
-0.157707
-0.429555
-0.316484
0.015474
-0.0557389
0.247967
-0.0618888
-0.194167
0.00808806
-0.247967
0.177991
-0.177991
-0.110134
0.688434
0.636936
-1
0.613384
0.304171
0.833053
0.385249
0.0652585
-1.28356
-2.13027
2.50137
-1.20415
0.85418
-0.175808
-0.487729
-0.228873
0.010316
-0.0371593
0.165312
-0.0412593
-0.129444
0.00539196
-0.165312
0.11866
-0.11866
-0.0734228
0.458957
0.424624
-0.666666
0.611968
0.3085
0.826103
0.380527
0.0745811
-1.28121
-2.12293
2.48728
-1.19046
0.826905
-0.193909
-0.545903
-0.141263
0.00515799
-0.0185796
0.0826558
-0.0206297
-0.0647219
0.00269586
-0.0826558
0.0593302
-0.0593302
-0.0367117
0.229479
0.212312
-0.333333
0.610551
0.312828
0.819154
0.375806
0.0839038
-1.27886
-2.11558
2.47319
-1.17677
0.799631
-0.21201
-0.604076
-0.0536525
-1.32357e-09
-1.38328e-08
-5.7199e-08
-1.355e-07
4.2431e-07
-2.31612e-07
2.47654e-08
4.47165e-08
-1.22832e-08
-7.06727e-07
1.23609e-06
-3.43042e-07
5.68989e-07
-2.17449
-1.08162
8.84764
10.9057
-60.4552
13.8935
-18.0642
-20.29
-14.6528
12.9474
-1.56108
-0.911091
8.78915
11.5029
-59.5477
13.8223
-19.4973
-21.4608
-13.4037
11.4509
-0.988217
-0.770194
8.70839
12.0409
-58.5688
13.7183
-20.8293
-22.4945
-12.1917
9.85858
-0.461433
-0.660252
8.60705
12.519
-57.5172
13.5823
-22.0498
-23.3822
-11.0266
8.17709
0.0128464
-0.583159
8.48691
12.9364
-56.3918
13.4149
-23.1482
-24.1156
-9.91666
6.41547
0.427249
-0.541414
8.34983
13.2925
-55.1917
13.2167
-24.1141
-24.6864
-8.86854
4.5852
0.773434
-0.538149
8.19774
13.5866
-53.9164
12.9883
-24.9368
-25.087
-7.88707
2.70018
1.04206
-0.577164
8.03264
13.8179
-52.5655
12.73
-25.6056
-25.3098
-6.97528
0.776728
1.22276
-0.662953
7.85656
13.9855
-51.1392
12.4423
-26.1097
-25.3479
-6.13419
-1.16647
0.955288
-1.01224
7.63244
13.9496
-49.1499
11.9906
-25.8384
-24.7254
-5.10835
-3.18624
17.3261
55.4698
17.3261
13.3917
24.3382
164.026
24.3382
112.667
-1.85403e-14
0
20.729
202.554
17.2029
55.0025
17.2029
13.1603
24.2836
163.16
24.2836
112.197
0
0
21.6635
201.454
17.0043
54.4931
17.0043
12.9492
24.1311
162.073
24.1311
111.583
2.14463e-14
0
22.3435
200.148
16.7403
53.9466
16.7403
12.7678
23.8886
160.755
23.8886
110.823
0
0
22.7734
198.61
16.4218
53.3689
16.4218
12.6271
23.5636
159.199
23.5636
109.916
0
0
22.9587
196.809
16.0595
52.7673
16.0595
12.5396
23.1637
157.396
23.1637
108.861
0
0
22.9058
194.718
15.6647
52.1505
15.6647
12.5191
22.6962
155.338
22.6962
107.657
0
0
22.6225
192.308
15.2489
51.528
15.2489
12.5809
22.1683
153.018
22.1683
106.305
0
0
22.1183
189.55
14.8239
50.9112
14.8239
12.7418
21.587
150.429
21.587
104.806
0
0
21.4042
186.416
14.4472
50.3611
14.4472
13.5695
20.798
146.169
20.798
102.451
0
0
20.2451
180.999
