0.25
0.616247
0.296959
0.929164
0.310692
0.0460045
-1.28586
-2.10056
2.56252
-1.2602
1.03843
-0.393951
-0.140474
-0.804638
0.00866978
-0.0558647
0.752606
-0.187411
-0.564272
0.0245778
-0.723371
0.5285
-0.527742
-0.328
1.98491
1.90973
-2.99631
0.617637
0.292824
0.95007
0.30319
0.0326208
-1.28588
-2.11837
2.57486
-1.27256
1.0292
-0.341085
-0.0887564
-0.886468
0.0129734
-0.246049
0.803554
-0.270068
-0.481812
-0.0121538
-0.6412
0.445258
-0.444955
-0.335455
1.90318
1.86184
-2.92644
0.619045
0.288402
0.972571
0.293381
0.0215146
-1.28747
-2.13391
2.58492
-1.28264
1.01779
-0.290515
-0.0371934
-0.96729
0.0234586
-0.441187
0.849878
-0.35314
-0.399823
-0.0862366
-0.559255
0.362059
-0.362783
-0.418737
1.82051
1.84205
-2.90957
0.620419
0.283827
0.996429
0.281324
0.0127104
-1.29072
-2.14717
2.59267
-1.29042
1.00544
-0.242158
0.0137019
-1.04624
0.0494817
-0.607367
0.866024
-0.434056
-0.31695
-0.165923
-0.477465
0.278894
-0.280143
-0.444626
1.74085
1.81479
-2.84371
0.621931
0.278721
1.02035
0.268818
0.00617234
-1.29534
-2.15824
2.59917
-1.29588
0.993087
-0.196111
0.0646314
-1.12291
0.109202
-0.722119
0.846688
-0.450188
-0.235371
-0.16613
-0.398656
0.233899
-0.19759
-0.403998
1.6577
1.86977
-2.76197
0.623835
0.272698
1.04387
0.256722
0.00194563
-1.2999
-2.16705
2.60566
-1.29905
0.981701
-0.152356
0.117178
-1.19829
0.14584
-0.870153
0.792651
-0.435471
-0.152161
-0.0834709
-0.317203
0.241179
-0.114362
-0.40987
1.57517
1.94391
-2.71372
0.626138
0.266225
1.06588
0.244626
0
-1.3
-2.17356
2.61156
-1.3
0.969205
-0.11082
0.171398
-1.27151
0.174941
-1.01626
0.785206
-0.456448
-0.0700427
-0.00370676
-0.234361
0.212203
-0.0341348
-0.482409
1.4953
1.98722
-2.63583
0.629197
0.257754
1.0895
0.232609
0
-1.3
-2.17786
2.61524
-1.29908
0.955781
-0.0716859
0.228509
-1.34473
0.203511
-1.17586
0.856124
-0.432608
2.20406e-14
0.000235025
-0.154554
0.13255
0.0459372
-0.483282
1.41261
2.0593
-2.59211
0.632287
0.249382
1.11328
0.220592
0
-1.3
-2.17987
2.61667
-1.29718
0.942356
-0.0346943
0.287135
-1.41673
0.235021
-1.34044
0.868715
-0.370067
0.0526563
-2.94573e-15
-0.0725808
0.050329
0.0721936
-0.483044
1.3317
2.11053
-2.51902
0.635935
0.240302
1.13693
0.210309
0.00146268
-1.3
-2.1817
2.618
-1.29503
0.928335
0
0.347713
-1.48638
0.259458
-1.53899
0.85167
-0.387445
0.108735
0.0767906
-0.0726005
0.0477964
0.09654
-0.504765
1.24899
2.18081
-2.50688
4.81572
1.84914
0.179155
3.90068
-16.057
6.71031
5.46629
1.99748
-4.17241
-1.12171
-21.4345
-6.31381
11.8984
-0.211997
3.39411
0.376776
2.09036
-0.785926
8.92237
19.6669
-1.70975
-0.771399
0.726194
1.98332
1.56817
0.457655
-2.80898
-2.51957
-13.2834
-1.70135
-33.4969
-10.5699
16.2097
-5.28029
4.33859
-0.0280325
10.1457
2.75384
10.0067
38.9743
-36.1533
-22.9464
-5.22356
-5.53937
4.9872
0.0466764
9.17826
2.19526
3.35431
41.6342
-1.75974
-2.08399
-0.772739
-2.3351
4.03929
0.339493
-1.32664
-2.70386
-36.4388
4.58108
-33.6245
-20.686
-2.57924
-2.46713
4.99415
0.29017
5.21718
0.441683
-0.115324
35.5038
-13.4066
-2.75714
12.5909
2.69293
2.96834
0.631308
7.95734
3.46083
-4.08316
3.87218
-23.4567
-16.4216
-5.00621
-6.5373
3.10664
-0.495684
1.56144
-1.92405
-10.1968
41.2605
-1.54838
-0.123229
0.209748
-0.58379
1.49969
0.316378
-0.282173
-0.4921
-0.24307
-0.314792
1.09904
0.961233
-1.09831
1.05197
-14.1611
72.8432
-3.36835
0.0635523
0
0
7.85121e-12
20.5147
9.22494
77.0203
17.445
1.24538
-2.14393e-15
-7.95893e-14
0
0
0
0
36.4795
104.969
-15.0197
8.29338
15.0197
1.48549
3.2104e-17
-2.82065e-13
0
0
0
0
7.07845e-14
57.7373
-10.0922
107.054
47.2738
1.72848
9.82259e-15
-3.68143e-15
0
0
0
0
74.9706
214.202
34.0799
1.26272
-7.18446
81.4042
-2.24371e-13
0
0
0
0
0
84.927
242.648
-4.34107
1.02295
4.34107
9.72533
-5.48331e-14
1.23077e-13
0
0
0
0
0.673945
203.213
5.26098
13.0868
25.1922
73.9224
-1.67251e-14
1.35538e-13
0
0
0
-2.03013e-14
69.9027
199.722
37.6738
77.3452
-9.92691
1.93175
-2.01441e-16
2.79476e-13
0
0
0
0
0.209957
47.6433
29.4448
0.0124777
-28.0276
51.3578
4.60036e-14
1.71304e-14
-2.20156e-15
-1.88126e-15
0
0
88.8599
253.885
-3.59128
0.01298
3.60407
0.00154224
0
0
0
0
0
0
5.80515e-14
0.0351034
