0.25
0.639325
0.317931
0.932337
0.323011
0.0465532
-1.28545
-2.10318
2.46309
-1.26385
1.03728
-0.264404
-0.262924
-0.584515
-0.0568736
-0.204225
0.815719
-0.147146
-0.329587
-0.0195788
-0.663027
0.578584
-0.496
-0.287673
1.47777
1.89564
-2.88496
0.641995
0.315263
0.952702
0.317523
0.0380538
-1.28543
-2.12045
2.47811
-1.27544
1.02929
-0.225661
-0.211879
-0.664469
0.0185896
-0.177696
0.73314
-0.197754
-0.305979
0.00178345
-0.602119
0.496656
-0.414234
-0.359275
1.39473
1.83763
-2.80474
0.644198
0.311583
0.970986
0.309765
0.0335469
-1.28395
-2.13548
2.48964
-1.28474
1.01931
-0.189232
-0.162886
-0.740776
0.0800695
-0.164845
0.658225
-0.279666
-0.361586
-0.0239079
-0.540938
0.414861
-0.331798
-0.439667
1.31145
1.76377
-2.72409
0.64683
0.307244
0.988491
0.299712
0.0235028
-1.28385
-2.14875
2.50093
-1.29167
1.0071
-0.155116
-0.114145
-0.814084
0.140758
-0.156237
0.586429
-0.361939
-0.369437
-0.0694868
-0.457952
0.350632
-0.249651
-0.519858
1.22819
1.74277
-2.64448
0.649318
0.302621
1.00478
0.287577
0.015015
-1.28501
-2.15972
2.50958
-1.29762
0.99105
-0.12331
-0.0654757
-0.884829
0.20313
-0.154303
0.50869
-0.437237
-0.305563
-0.0700002
-0.375092
0.291684
-0.166943
-0.598796
1.14499
1.76635
-2.5651
0.651774
0.296525
1.01891
0.273807
0.00861888
-1.28696
-2.16802
2.51618
-1.29998
0.973605
-0.0938174
-0.0164073
-0.953691
0.2653
-0.155925
0.428578
-0.496922
-0.230259
-0.0710401
-0.298634
0.228522
-0.0850441
-0.649192
1.06175
1.80623
-2.48551
0.654412
0.289324
1.03082
0.260008
0.00452199
-1.28894
-2.17431
2.52252
-1.3
0.956358
-0.0666342
0.0339173
-1.02043
0.314641
-0.166987
0.369268
-0.482813
-0.147488
-0.0908459
-0.226592
0.213428
-0.00981531
-0.620376
0.978597
1.83868
-2.40262
0.65728
0.284693
1.0415
0.24652
0.002598
-1.29146
-2.17871
2.52958
-1.3
0.939147
-0.0428299
0.0851209
-1.08509
0.339708
-0.150015
0.384379
-0.485554
-0.0692638
-0.110741
-0.163883
0.254037
0.00155706
-0.608363
0.895337
1.87959
-2.32766
0.661504
0.280348
1.05405
0.234994
0.00134296
-1.29453
-2.18146
2.53664
-1.29996
0.922248
-0.020264
0.137332
-1.14743
0.352274
-0.0966492
0.451914
-0.550103
-0.0451607
-0.191695
-0.100795
0.257579
0.0121619
-0.651429
0.812372
1.93864
-2.24451
0.668499
0.274843
1.07034
0.218447
8.84983e-05
-1.29986
-2.1817
2.54379
-1.29853
0.903458
0
0.193192
-1.20783
0.364269
-0.178422
0.497724
-0.595866
-0.0989778
-0.272037
-0.0523592
0.261414
0.0714148
-0.67649
0.729504
2.01096
-2.17408
0.682518
0.237311
8.12228
27.5933
-60.6723
21.8446
13.1133
2.19104
-32.793
-1.02268
12.5777
2.08461
-1.40547
20.8992
-65.6945
19.1379
9.83857
0.854646
-39.1423
-3.29436
12.8709
1.99786
-1.33557
20.4941
-65.4014
18.3354
10.4314
1.26015
-40.5966
-2.43191
15.168
3.78507
-1.15258
20.4159
-64.8206
18.1761
9.50761
0.7499
-42.5318
-2.46683
16.4187
4.6862
-0.593304
20.7663
-63.3118
17.7557
9.54969
0.788697
-47.4432
-4.25335
17.0982
4.76572
-0.99311
21.4009
-63.603
18.548
11.8136
2.01221
-51.7701
-5.77525
29.4981
10.3517
0.170159
-4.57528
-90.4852
11.4749
16.7739
5.30145
-0.0582131
25.1923
32.2981
10.4815
-0.380687
5.84403
-87.2356
14.7045
16.4464
4.74538
-49.9675
-1.35893
32.3369
9.83513
-0.548165
-2.66244
-90.4858
12.0465
17.9201
5.58207
-38.4536
10.3985
0.554711
-1.05859
-0.715824
3.42402
-14.4348
1.56426
0.678804
-0.802772
-2.73999
3.47601
9.67597
55.0019
9.48825
0.0803149
50.9995
196.974
61.2439
123.721
0
0
26.3338
271.221
-4.90286e-14
5.3123e-18
0
0
45.4236
191.368
51.2724
126.25
0
0
20.3354
265.48
3.71006e-15
1.65876e-13
0
0
44.8888
186.692
47.1227
125.253
0
0
17.9879
262.71
2.56627e-13
6.13169e-14
0
-1.12078e-15
45.3166
184.022
49.7335
124.738
0
0
11.5244
262.164
-1.69608e-14
-1.82692e-13
-1.77985e-15
0
50.1438
176.425
51.6255
123.639
0
0
6.41082
261.497
2.27215e-13
1.9106e-13
0
0
48.6576
180.886
57.2996
121.849
0
0
0.00118375
265.079
0
5.84259e-16
0
0
6.13425
215.81
-6.13425
130.127
4.81998e-14
0
63.9399
193.204
0
1.84041e-13
0
0
16.5519
224.805
18.3285
138.898
0
0
9.61093e-10
273.525
0
-2.86996e-14
0
0
4.05901
222.281
3.84091
131.252
0
0
26.7935
279.334
0
-2.17558e-14
0
0
10.9188
27.7723
11.092
35.1154
0
0
5.19619
40.1661
