3.5
0.6233
0.273874
0.8817
0.4183
0
-1.3
-2.1817
2.6
-1.3
1.0451
-0.0491
-0.0805127
-0.842146
0.046422
-0.167217
0.743902
-0.185666
-0.582501
0.0242646
-0.743902
0.533972
-0.533972
-0.3304
2.0653
1.91081
-3
0.623453
0.274411
0.883416
0.420662
0.000904806
-1.3
-2.1817
2.59828
-1.3
1.0451
-0.0491
-0.0810316
-0.842141
0.0464141
-0.16718
0.7438
-0.185666
-0.582501
0.0242646
-0.743786
0.533853
-0.533867
-0.3304
2.0653
1.9109
-3
0.623607
0.274947
0.885133
0.423024
0.00180961
-1.3
-2.1817
2.59657
-1.3
1.0451
-0.0491
-0.0815504
-0.842136
0.0464062
-0.167142
0.743697
-0.185666
-0.582501
0.0242646
-0.743669
0.533735
-0.533762
-0.3304
2.0653
1.91099
-3
0.62376
0.275483
0.886849
0.425386
0.00271442
-1.3
-2.1817
2.59485
-1.3
1.0451
-0.0491
-0.0820693
-0.842131
0.0463984
-0.167105
0.743594
-0.185666
-0.582501
0.0242646
-0.743553
0.533616
-0.533657
-0.3304
2.0653
1.91108
-3
0.623913
0.276019
0.888565
0.427748
0.00361922
-1.3
-2.1817
2.59313
-1.3
1.0451
-0.0491
-0.0825882
-0.842126
0.0463905
-0.167068
0.743491
-0.185666
-0.582501
0.0242646
-0.743436
0.533498
-0.533552
-0.3304
2.0653
1.91117
-3
0.624067
0.276556
0.890281
0.43011
0.00452403
-1.3
-2.1817
2.59142
-1.3
1.0451
-0.0491
-0.083107
-0.842121
0.0463827
-0.167031
0.743388
-0.185666
-0.582501
0.0242646
-0.74332
0.533379
-0.533447
-0.3304
2.0653
1.91126
-3
0.62422
0.277092
0.891998
0.432472
0.00542883
-1.3
-2.1817
2.5897
-1.3
1.0451
-0.0491
-0.0836259
-0.842116
0.0463748
-0.166994
0.743285
-0.185666
-0.582501
0.0242646
-0.743203
0.533261
-0.533343
-0.3304
2.0653
1.91135
-3
0.624373
0.277628
0.893714
0.434833
0.00633364
-1.3
-2.1817
2.58799
-1.3
1.0451
-0.0491
-0.0841447
-0.842111
0.0463669
-0.166957
0.743182
-0.185666
-0.582501
0.0242646
-0.743087
0.533142
-0.533238
-0.3304
2.0653
1.91144
-3
0.624527
0.278165
0.89543
0.437195
0.00723845
-1.3
-2.1817
2.58627
-1.3
1.0451
-0.0491
-0.0846636
-0.842106
0.0463591
-0.16692
0.743079
-0.185666
-0.582501
0.0242646
-0.74297
0.533024
-0.533133
-0.3304
2.0653
1.91153
-3
0.62468
0.278701
0.897147
0.439557
0.00814325
-1.3
-2.1817
2.58455
-1.3
1.0451
-0.0491
-0.0851825
-0.842101
0.0463512
-0.166883
0.742976
-0.185666
-0.582501
0.0242646
-0.742853
0.532905
-0.533028
-0.3304
2.0653
1.91162
-3
-1.62324
-0.737661
8.90469
11.0568
-61.6212
14.1317
-18.2603
-20.73
-15.3064
13.1603
-1.68413
-0.826648
8.81119
11.1679
-61.5852
14.172
-18.2671
-20.7309
-15.2982
13.1711
-1.74416
-0.914883
8.71762
11.2792
-61.5484
14.2122
-18.2738
-20.7318
-15.2895
13.1818
-1.80333
-1.00236
8.62397
11.3906
-61.5108
14.2523
-18.2805
-20.7326
-15.2806
13.1927
-1.86164
-1.08909
8.53024
11.5022
-61.4724
14.2924
-18.2871
-20.7333
-15.2713
13.2035
-1.91908
-1.17505
8.43644
11.6141
-61.4332
14.3323
-18.2937
-20.734
-15.2616
13.2144
-1.97566
-1.26025
8.34258
11.726
-61.3933
14.3722
-18.3003
-20.7346
-15.2516
13.2253
-2.03138
-1.34469
8.24864
11.8382
-61.3525
14.412
-18.3068
-20.7352
-15.2413
13.2362
-2.08622
-1.42836
8.15465
11.9504
-61.311
14.4517
-18.3132
-20.7357
-15.2306
13.2472
-15.0915
-9.53639
7.16694
8.50482
-34.9075
8.77285
-11.0943
-9.71683
0.304141
7.11335
17.0704
55.5205
17.0704
12.4113
24.4564
166.941
24.4564
114.162
0
0
21.0061
206.395
0
-8.44706e-15
0
0
24.6755
166.986
24.6755
114.253
0
0
21.2589
206.444
0
0
0
0
24.8947
167.028
24.8947
114.343
0
1.37733e-14
21.5119
206.491
0
0
0
0
25.1141
167.07
25.1141
114.432
0
0
21.7653
206.536
0
0
0
0
25.3336
167.109
25.3336
114.52
0
0
22.0189
206.579
0
0
0
-2.12406e-15
25.5532
167.147
25.5532
114.607
0
0
22.2727
206.62
0
0
0
0
25.7729
167.183
25.7729
114.693
0
0
22.5268
206.658
0
0
0
0
25.9927
167.218
25.9927
114.778
0
1.6185e-14
22.7811
206.695
0
0
0
0
26.2125
167.25
26.2125
114.862
0
0
23.0356
206.73
-2.63903e-15
0
0
5.45266e-15
22.6183
100.424
22.6183
80.9285
0
8.48041e-15
15.9517
118.645
