1.08
0.6233
0.273874
0.8817
0.4183
0
-1.3
-2.1817
2.6
-1.3
1.0451
-0.0491
-0.0805127
-0.842146
0.046422
-0.167217
0.743902
-0.185666
-0.582501
0.0242646
-0.743902
0.533972
-0.533972
-0.3304
2.0653
1.91081
-3
0.621883
0.278202
0.87475
0.413578
0.00932264
-1.29765
-2.17435
2.58591
-1.28631
1.01783
-0.0672011
-0.138686
-0.754536
0.041264
-0.148637
0.661247
-0.165037
-0.517779
0.0215685
-0.661247
0.474641
-0.474641
-0.293689
1.83582
1.6985
-2.66667
0.620467
0.282531
0.867801
0.408857
0.0186453
-1.2953
-2.16701
2.57182
-1.27261
0.990551
-0.0853023
-0.19686
-0.666925
0.036106
-0.130057
0.578591
-0.144407
-0.453056
0.0188724
-0.578591
0.415311
-0.415311
-0.256978
1.60634
1.48618
-2.33333
0.61905
0.286859
0.860851
0.404135
0.0279679
-1.29295
-2.15966
2.55773
-1.25892
0.963277
-0.103403
-0.255034
-0.579315
0.030948
-0.111478
0.495935
-0.123777
-0.388334
0.0161763
-0.495935
0.355981
-0.355981
-0.220267
1.37687
1.27387
-2
0.617634
0.291187
0.853902
0.399414
0.0372906
-1.29061
-2.15231
2.54364
-1.24523
0.936003
-0.121505
-0.313208
-0.491704
0.02579
-0.0928981
0.413279
-0.103148
-0.323611
0.0134802
-0.413279
0.296651
-0.296651
-0.183556
1.14739
1.06156
-1.66667
0.616217
0.295515
0.846952
0.394692
0.0466132
-1.28826
-2.14497
2.52955
-1.23154
0.908728
-0.139606
-0.371381
-0.404094
0.020632
-0.0743185
0.330623
-0.0825184
-0.258889
0.0107842
-0.330623
0.237321
-0.237321
-0.146845
0.917912
0.849248
-1.33333
0.614801
0.299843
0.840003
0.389971
0.0559358
-1.28591
-2.13762
2.51546
-1.21784
0.881454
-0.157707
-0.429555
-0.316484
0.015474
-0.0557389
0.247967
-0.0618888
-0.194167
0.00808806
-0.247967
0.177991
-0.177991
-0.110134
0.688434
0.636936
-1
0.613384
0.304171
0.833053
0.385249
0.0652585
-1.28356
-2.13027
2.50137
-1.20415
0.85418
-0.175808
-0.487729
-0.228873
0.010316
-0.0371593
0.165312
-0.0412593
-0.129444
0.00539196
-0.165312
0.11866
-0.11866
-0.0734228
0.458957
0.424624
-0.666666
0.611968
0.3085
0.826103
0.380527
0.0745811
-1.28121
-2.12293
2.48728
-1.19046
0.826905
-0.193909
-0.545903
-0.141263
0.00515799
-0.0185796
0.0826558
-0.0206297
-0.0647219
0.00269586
-0.0826558
0.0593302
-0.0593302
-0.0367117
0.229479
0.212312
-0.333333
0.610551
0.312828
0.819154
0.375806
0.0839038
-1.27886
-2.11558
2.47319
-1.17677
0.799631
-0.21201
-0.604076
-0.0536525
-1.32357e-09
-1.38328e-08
-5.7199e-08
-1.355e-07
4.2431e-07
-2.31612e-07
2.47654e-08
4.47165e-08
-1.22832e-08
-7.06727e-07
1.23609e-06
-3.43042e-07
5.68989e-07
40.5956
25.6981
12.7131
20.1834
-100
32.0555
-47.8754
-50
-60
35.4676
39.0169
24.4483
12.5568
21.4503
-100
30.8606
-51.0189
-50
-59.7318
30.3953
37.0717
22.9512
12.3019
22.3375
-100
29.4896
-53.2395
-50
-52.6513
25.4086
34.7121
21.1877
11.956
22.8319
-100
27.9413
-54.5055
-50
-45.859
20.564
31.8816
19.1339
11.5279
22.9206
-100
26.2145
-54.7838
-50
-39.3589
15.9296
28.5154
16.7611
11.0272
22.5911
-100
24.3077
-54.0395
-50
-33.1434
11.5852
24.5404
14.0358
10.4648
21.8312
-91.6879
22.2192
-52.2356
-50
-27.193
7.62355
19.8747
10.9188
9.85254
20.6285
-81.2257
19.9472
-49.3331
-47.5152
-21.4751
4.15022
14.4278
7.36598
9.20311
18.9706
-70.3859
17.4893
-45.2906
-41.8415
-15.9425
1.28431
-10.6583
-8.04663
6.42426
9.37696
-32.9187
7.59774
-7.8075
-9.84312
3.1436
-5.02856
-2.6584
52.9079
-2.6584
1.10509e-14
33.3206
381.96
33.3206
221.607
7.41612e-14
0
40.4217
490.205
-0.118393
52.158
-0.118393
0
34.0677
364.514
34.0677
213.073
0
0
43.3655
467.218
2.10163
51.3841
2.10163
0
34.2981
345.892
34.2981
203.834
0
0
44.9055
442.971
4.05675
50.6212
4.05675
0
34.0468
326
34.0468
193.857
0
0
45.1335
417.243
5.80756
49.9144
5.80756
0
33.3505
304.747
33.3505
183.111
6.15522e-14
0
44.1519
389.814
7.41988
49.3194
7.41988
0
32.2469
282.041
32.2469
171.573
0
0
42.0748
360.465
8.96444
48.9029
8.96444
0
30.7748
257.792
30.7748
159.225
0
0
39.0301
328.986
10.5164
48.743
10.5164
0
28.9733
231.912
28.9733
146.053
0
0
35.1611
295.17
12.1548
48.9293
12.1548
0
26.8814
204.318
26.8814
132.053
0
0
30.6293
258.824
16.4293
52.1861
16.4293
32.078
15.8863
99.9713
15.8863
79.039
0
0
12.2497
118.676
