2.16
0.6233
0.273874
0.8817
0.4183
0
-1.3
-2.1817
2.6
-1.3
1.0451
-0.0491
-0.0805127
-0.842146
0.046422
-0.167217
0.743902
-0.185666
-0.582501
0.0242646
-0.743902
0.533972
-0.533972
-0.3304
2.0653
1.91081
-3
0.623453
0.274411
0.883416
0.420662
0.000904806
-1.3
-2.1817
2.59828
-1.3
1.0451
-0.0491
-0.0810316
-0.842141
0.0464141
-0.16718
0.7438
-0.185666
-0.582501
0.0242646
-0.743786
0.533853
-0.533867
-0.3304
2.0653
1.9109
-3
0.623607
0.274947
0.885133
0.423024
0.00180961
-1.3
-2.1817
2.59657
-1.3
1.0451
-0.0491
-0.0815504
-0.842136
0.0464062
-0.167142
0.743697
-0.185666
-0.582501
0.0242646
-0.743669
0.533735
-0.533762
-0.3304
2.0653
1.91099
-3
0.62376
0.275483
0.886849
0.425386
0.00271442
-1.3
-2.1817
2.59485
-1.3
1.0451
-0.0491
-0.0820693
-0.842131
0.0463984
-0.167105
0.743594
-0.185666
-0.582501
0.0242646
-0.743553
0.533616
-0.533657
-0.3304
2.0653
1.91108
-3
0.623913
0.276019
0.888565
0.427748
0.00361922
-1.3
-2.1817
2.59313
-1.3
1.0451
-0.0491
-0.0825882
-0.842126
0.0463905
-0.167068
0.743491
-0.185666
-0.582501
0.0242646
-0.743436
0.533498
-0.533552
-0.3304
2.0653
1.91117
-3
0.624067
0.276556
0.890281
0.43011
0.00452403
-1.3
-2.1817
2.59142
-1.3
1.0451
-0.0491
-0.083107
-0.842121
0.0463827
-0.167031
0.743388
-0.185666
-0.582501
0.0242646
-0.74332
0.533379
-0.533447
-0.3304
2.0653
1.91126
-3
0.62422
0.277092
0.891998
0.432472
0.00542883
-1.3
-2.1817
2.5897
-1.3
1.0451
-0.0491
-0.0836259
-0.842116
0.0463748
-0.166994
0.743285
-0.185666
-0.582501
0.0242646
-0.743203
0.533261
-0.533343
-0.3304
2.0653
1.91135
-3
0.624373
0.277628
0.893714
0.434833
0.00633364
-1.3
-2.1817
2.58799
-1.3
1.0451
-0.0491
-0.0841447
-0.842111
0.0463669
-0.166957
0.743182
-0.185666
-0.582501
0.0242646
-0.743087
0.533142
-0.533238
-0.3304
2.0653
1.91144
-3
0.624527
0.278165
0.89543
0.437195
0.00723845
-1.3
-2.1817
2.58627
-1.3
1.0451
-0.0491
-0.0846636
-0.842106
0.0463591
-0.16692
0.743079
-0.185666
-0.582501
0.0242646
-0.74297
0.533024
-0.533133
-0.3304
2.0653
1.91153
-3
0.62468
0.278701
0.897147
0.439557
0.00814325
-1.3
-2.1817
2.58455
-1.3
1.0451
-0.0491
-0.0851825
-0.842101
0.0463512
-0.166883
0.742976
-0.185666
-0.582501
0.0242646
-0.742853
0.532905
-0.533028
-0.3304
2.0653
1.91162
-3
14.0246
9.05083
10.3965
14.8059
-93.9029
20.8229
-26.9863
-34.0817
-34.2352
20.5045
13.9567
8.94137
10.2627
14.9848
-93.8268
20.8874
-27.0121
-34.0918
-34.2012
20.5294
13.89
8.83303
10.129
15.164
-93.7494
20.9518
-27.0377
-34.1017
-34.1669
20.5544
13.8245
8.72581
9.99523
15.3434
-93.6709
21.016
-27.0632
-34.1116
-34.132
20.5793
13.7603
8.61972
9.86147
15.5229
-93.5911
21.08
-27.0886
-34.1213
-34.0967
20.6042
13.6974
8.51475
9.7277
15.7027
-93.5102
21.1439
-27.1138
-34.1309
-34.0609
20.6292
13.6357
8.41092
9.59394
15.8827
-93.4282
21.2075
-27.1389
-34.1404
-34.0247
20.6541
13.5752
8.30821
9.46019
16.0628
-93.3449
21.271
-27.1639
-34.1497
-33.988
20.679
13.516
8.20664
9.32645
16.2431
-93.2605
21.3342
-27.1887
-34.1589
-33.9509
20.7039
-30.6903
-19.1543
6.03468
4.14371
-2.99705
1.866
-2.20061
3.71538
18.9987
-0.357722
9.76986
55.4882
9.76986
0
27.7591
247.889
27.7591
155.041
0
0
28.4717
313.158
0
0
0
0
28.135
247.919
28.135
155.184
0
1.25803e-14
28.8853
313.167
0
0
0
0
28.5107
247.946
28.5107
155.325
0
0
29.2991
313.172
0
0
0
0
28.8862
247.97
28.8862
155.465
0
0
29.713
313.174
0
0
0
0
29.2616
247.992
29.2616
155.603
0
0
30.1271
313.173
0
0
0
-2.12406e-15
29.6368
248.011
29.6368
155.739
0
0
30.5413
313.169
8.87769e-16
0
0
0
30.0118
248.027
30.0118
155.874
0
0
30.9555
313.162
0
0
0
0
30.3867
248.041
30.3867
156.006
4.85498e-14
0
31.3699
313.151
0
0
0
0
30.7612
248.052
30.7612
156.137
0
0
31.7844
313.137
0
0
0
0
17.9146
19.6342
17.9146
39.6019
0
0
7.043
12.2735
