3.42
0.6233
0.273874
0.8817
0.4183
0
-1.3
-2.1817
2.6
-1.3
1.0451
-0.0491
-0.0805127
-0.842146
0.046422
-0.167217
0.743902
-0.185666
-0.582501
0.0242646
-0.743902
0.533972
-0.533972
-0.3304
2.0653
1.91081
-3
0.622335
0.277063
0.888691
0.406183
0
-1.29487
-2.1817
2.602
-1.3
1.0451
-0.0491
-0.0881025
-0.838236
0.0467149
-0.165257
0.740526
-0.185609
-0.581376
0.0264584
-0.743902
0.533972
-0.533972
-0.3304
2.0653
1.90886
-3
0.62137
0.280252
0.895682
0.394067
0
-1.28975
-2.1817
2.604
-1.3
1.0451
-0.0491
-0.0956923
-0.834326
0.0470078
-0.163296
0.73715
-0.185552
-0.58025
0.0286523
-0.743902
0.533972
-0.533972
-0.3304
2.0653
1.9069
-3
0.620405
0.28344
0.902673
0.38195
0
-1.28462
-2.1817
2.606
-1.3
1.0451
-0.0491
-0.103282
-0.830417
0.0473008
-0.161336
0.733774
-0.185495
-0.579125
0.0308461
-0.743902
0.533972
-0.533972
-0.3304
2.0653
1.90495
-3
0.61944
0.286629
0.909664
0.369833
0
-1.2795
-2.1817
2.608
-1.3
1.0451
-0.0491
-0.110872
-0.826507
0.0475937
-0.159376
0.730398
-0.185439
-0.578
0.0330399
-0.743902
0.533972
-0.533972
-0.3304
2.0653
1.903
-3
0.618475
0.289818
0.916655
0.357716
0
-1.27437
-2.1817
2.61
-1.3
1.0451
-0.0491
-0.118462
-0.822597
0.0478867
-0.157416
0.727022
-0.185382
-0.576874
0.0352337
-0.743902
0.533972
-0.533972
-0.3304
2.0653
1.90105
-3
0.61751
0.293006
0.923646
0.3456
0
-1.26925
-2.1817
2.612
-1.3
1.0451
-0.0491
-0.126051
-0.818687
0.0481796
-0.155456
0.723646
-0.185325
-0.575749
0.0374275
-0.743902
0.533972
-0.533972
-0.3304
2.0653
1.89909
-3
0.616545
0.296195
0.930637
0.333483
0
-1.26412
-2.1817
2.614
-1.3
1.0451
-0.0491
-0.133641
-0.814777
0.0484725
-0.153496
0.72027
-0.185268
-0.574623
0.0396213
-0.743902
0.533972
-0.533972
-0.3304
2.0653
1.89714
-3
0.61558
0.299383
0.937628
0.321366
0
-1.25899
-2.1817
2.616
-1.3
1.0451
-0.0491
-0.141231
-0.810867
0.0487655
-0.151536
0.716894
-0.185211
-0.573498
0.0418151
-0.743902
0.533972
-0.533972
-0.3304
2.0653
1.89519
-3
0.614615
0.302572
0.944619
0.309249
0
-1.25387
-2.1817
2.618
-1.3
1.0451
-0.0491
-0.148821
-0.806958
0.0490584
-0.149576
0.713518
-0.185154
-0.572373
0.0440089
-0.743902
0.533972
-0.533972
-0.3304
2.0653
1.89323
-3
5.39318
3.75006
9.62858
12.9976
-77.1559
17.3694
-22.3715
-27.1163
-24.4936
16.7021
5.48482
3.84934
9.71723
12.1809
-77.2017
17.0112
-21.9875
-26.8377
-24.39
16.6217
5.57622
3.94803
9.80474
11.3718
-77.2342
16.6538
-21.6018
-26.5575
-24.284
16.5415
5.66737
4.0461
9.89107
10.5705
-77.2534
16.297
-21.2146
-26.2759
-24.1755
16.4614
5.75828
4.14355
9.97621
9.77712
-77.2593
15.9411
-20.8258
-25.9928
-24.0645
16.3815
5.84896
4.24038
10.0601
8.99173
-77.2521
15.586
-20.4357
-25.7084
-23.9511
16.3017
5.93941
4.33657
10.1428
8.21448
-77.2317
15.2319
-20.0442
-25.4227
-23.8354
16.2221
6.02965
4.43211
10.2243
7.4455
-77.1984
14.8788
-19.6515
-25.1358
-23.7173
16.1427
6.11967
4.527
10.3044
6.68491
-77.152
14.5268
-19.2577
-24.8478
-23.5969
16.0634
-18.9616
-11.9733
7.05097
3.76227
-22.5672
4.958
-6.08398
-2.95236
8.43365
3.1122
13.6217
55.5746
13.6217
2.55943e-16
25.8893
206.204
25.8893
134.193
0
0
24.5269
258.078
14.1589
55.6976
14.1589
-2.0589e-16
0
0
0
0
0
0
25.097
257.679
14.6909
55.8236
14.6909
0
0
0
0
0
0
0
25.6656
257.263
15.2177
55.9525
15.2177
0
-3.05181e-15
0
0
0
0
0
26.2323
256.831
15.7391
56.0841
15.7391
0
0
0
0
-1.68759e-14
0
0
26.797
256.383
16.2551
56.2183
16.2551
0.0694357
0
0
0
2.31266e-14
0
-1.9878e-14
27.3597
255.919
16.7655
56.3552
16.7655
0.435694
-3.20138e-15
0
0
0
0
0
27.92
255.439
17.2702
56.4945
17.2702
0.806705
0
0
0
0
0
0
28.478
254.943
17.7692
56.6362
17.7692
1.18234
0
0
0
0
0
0
29.0334
254.43
26.2969
56.0477
26.2969
50.0497
0
0
0
0
0
0
12.1841
72.0404
