0.25
0.620536
0.285798
0.808104
0.451494
0.0443165
-1.29933
-2.10318
2.55869
-1.26186
1.01667
-0.364001
-0.278813
-0.521314
-0.298217
0.342298
0.514727
-0.173273
-0.557097
0.0227376
-0.715909
0.528163
-0.517421
-0.349654
1.86684
1.86626
-2.72576
0.620825
0.283032
0.822402
0.447662
0.031142
-1.2996
-2.12077
2.57105
-1.27392
1.00663
-0.314454
-0.232032
-0.594801
-0.251404
0.296465
0.449042
-0.137938
-0.474285
-0.00968963
-0.633296
0.445028
-0.434318
-0.361334
1.7837
1.78568
-2.64554
0.621588
0.27993
0.834875
0.445209
0.0202798
-1.29987
-2.13404
2.58115
-1.28367
0.996592
-0.267221
-0.187148
-0.666108
-0.211888
0.272232
0.403584
-0.0866644
-0.391037
-0.00483153
-0.550147
0.362024
-0.351036
-0.356379
1.70039
1.70657
-2.56708
0.622605
0.276618
0.84688
0.442801
0.0114886
-1.3
-2.14701
2.59121
-1.29113
0.986414
-0.2223
-0.142103
-0.735193
-0.172004
0.249035
0.3584
-0.0834765
-0.308246
-0.018922
-0.466958
0.279345
-0.268344
-0.366415
1.61715
1.62619
-2.48706
0.622904
0.274766
0.856835
0.438958
0.00523491
-1.3
-2.15768
2.59715
-1.29631
0.975238
-0.179687
-0.0991369
-0.801969
-0.126598
0.196824
0.288531
-0.158398
-0.225134
1.25544e-15
-0.383986
0.19694
-0.186608
-0.402349
1.53407
1.54677
-2.4091
0.623126
0.273762
0.864872
0.434558
0.0012733
-1.3
-2.16605
2.60036
-1.29918
0.963394
-0.139386
-0.056325
-0.865956
-0.0894007
0.174202
0.226199
-0.221729
-0.142618
0.0273522
-0.301457
0.114081
-0.103339
-0.42636
1.45082
1.46556
-2.32783
0.623409
0.273585
0.871763
0.428635
0
-1.3
-2.17221
2.60124
-1.3
0.950204
-0.101394
-0.0156188
-0.925283
-0.0541629
0.135096
0.159667
-0.213245
-0.0593295
-0.00111579
-0.218883
0.0316471
-0.0208665
-0.47487
1.3677
1.38858
-2.25576
0.62332
0.273784
0.875986
0.424139
0
-1.3
-2.17616
2.60036
-1.3
0.937013
-0.0655876
0.022953
-0.980213
-0.0244852
0.0771034
0.116898
-0.154398
0.00152265
-1.14287e-05
-0.137313
-0.0314686
0.0361882
-0.538966
1.28465
1.30698
-2.1727
0.623225
0.27405
0.879192
0.420468
4.22959e-05
-1.2999
-2.17928
2.59949
-1.29955
0.922041
-0.0322156
0.0592579
-1.03576
-0.00341896
0.0196971
0.110228
-0.0977524
-0.00152265
0.00361708
-0.0919436
-0.0198627
0.0179413
-0.618163
1.20139
1.22404
-2.09256
0.623291
0.273907
0.882254
0.417694
0
-1.29995
-2.1817
2.59979
-1.3
0.90487
0
0.0932219
-1.09224
0.00608106
-0.018952
0.111156
-0.0661102
-0.023867
-0.00954528
-0.0857823
0.013246
-0.0160272
-0.659758
1.15976
1.17547
-2.03337
5.33846
2.23276
6.94363
2.32097
-68.9567
9.97811
12.8337
2.8825
12.6633
21.4761
2.02093
-0.014696
3.739
10.4965
-51.3111
11.7778
7.81167
0.378716
-4.39615
11.7958
15.5198
6.15616
7.41949
14.2169
-85.1005
18.8193
18.1587
5.57748
-10.3014
7.66133
-2.44011
-1.89992
2.98874
13.204
-43.6303
14.6551
6.53877
-0.311818
-5.1749
15.8048
-7.40717
-4.29445
4.01053
4.40743
-35.6181
11.613
10.8071
2.03804
-7.70523
22.0775
2.79804
-0.229086
4.01501
7.99865
-45.924
10.8138
11.6599
1.90497
-40.6508
7.2334
1.29642
0.357597
5.57214
3.31074
-35.7036
10.5363
6.06998
-0.198899
-5.5866
21.9335
0.361221
-2.19958
3.82666
10.2763
-36.5851
11.7665
8.88348
1.07798
-33.9953
7.05345
-1.26748
-2.67163
4.03674
-0.792256
-35.9483
5.88122
6.36411
0.304765
-3.96632
24.3741
-6.55049
-4.39925
7.58246
-1.76357
-29.0741
9.72048
17.2968
5.9252
-37.7504
21.5946
9.69042
45.9634
6.52581
0.389922
5.78231
165.921
0.689808
110.332
0
0
55.0733
183.186
6.30521
29.3701
2.90017
4.71591
20.0127
138.398
22.4241
93.4092
0
0
32.8299
180.908
3.34584
46.0949
11.5165
0.00361712
11.816
235.807
12.2673
130.18
0
-1.34542e-14
17.5755
176.196
2.44921
26.8942
4.30774
2.02574
19.3587
142.809
25.9556
72.6795
0
0
36.9655
194.19
8.01449
32.8957
6.68388
11.9077
5.86943
124.674
5.06824
47.3953
0
0
44.8417
246.461
1.9989
33.6258
5.17942
3.01768
20.6856
125.561
25.0994
91.173
0
0
5.04206
304.961
3.04771
40.3363
5.28845
1.22966
2.75419
118.678
2.54809
45.0109
0
0
41.2055
204.168
5.56985
35.3189
2.18561
14.1389
16.675
120.162
17.8553
66.1067
0
0
0.0101375
240.77
1.28141
38.2067
-0.370352
5.86782
-0.726809
96.4567
0.726809
59.9837
0
0
38.3625
193.369
-1.4771
63.4475
2.53006
2.57451
-3.74256
114.395
-5.71699
34.3217
0
0
10.4313
340.731
