0.25
0.616294
0.296718
0.927485
0.310859
0.0497796
-1.28812
-2.10317
2.57703
-1.25965
1.0453
-0.391167
-0.141606
-0.801851
0.00401097
-0.108463
0.727207
-0.21041
-0.576447
0.0272282
-0.726629
0.530291
-0.527158
-0.325327
1.97883
1.90762
-2.99676
0.617601
0.292882
0.948812
0.302755
0.0357995
-1.28737
-2.12106
2.58964
-1.27216
1.03411
-0.3385
-0.090765
-0.882994
0.0376817
-0.0930743
0.777191
-0.291742
-0.494084
-0.00543364
-0.643779
0.452832
-0.450202
-0.402952
1.89601
1.83028
-2.91544
0.618905
0.288846
0.972131
0.292338
0.0230493
-1.28752
-2.13663
2.5999
-1.28235
1.02109
-0.288147
-0.0399239
-0.963686
0.0397242
-0.145315
0.857768
-0.375032
-0.411147
-0.0879483
-0.560507
0.369597
-0.366926
-0.479357
1.8127
1.83555
-2.89538
0.620288
0.284322
0.996695
0.279612
0.0139369
-1.29026
-2.1499
2.60787
-1.29024
1.0055
-0.240106
0.0117095
-1.04411
0.054576
-0.22628
0.938743
-0.458143
-0.328049
-0.17127
-0.477989
0.286653
-0.283948
-0.561479
1.72951
1.91512
-2.96432
0.621788
0.279218
1.02331
0.264581
0.00713761
-1.29502
-2.16087
2.61352
-1.29576
0.987908
-0.194373
0.0657362
-1.12646
0.0706045
-0.309383
1.02201
-0.541117
-0.244773
-0.172285
-0.394806
0.203526
-0.200746
-0.633146
1.64637
1.98712
-2.99594
0.623512
0.273556
1.0517
0.247238
0.00259
-1.29981
-2.16954
2.61691
-1.29904
0.968339
-0.150949
0.121945
-1.20957
0.0928096
-0.400828
1.07215
-0.624349
-0.163714
-0.0899296
-0.31221
0.121953
-0.117862
-0.704491
1.56328
2.07
-2.96539
0.626147
0.266894
1.08075
0.229796
0
-1.3
-2.1759
2.618
-1.3
0.94877
-0.109827
0.181318
-1.29195
0.135715
-0.537132
1.04566
-0.628626
-0.0824473
-0.00684478
-0.228931
0.0393182
-0.0346698
-0.71728
1.48038
2.15119
-2.90583
0.628891
0.2587
1.10773
0.213078
0
-1.3
-2.17996
2.61787
-1.29958
0.928845
-0.0706941
0.243365
-1.37266
0.183913
-0.687154
0.971547
-0.549824
-9.917e-12
3.57245e-13
-0.14598
-0.0314846
0.0150961
-0.673704
1.39737
2.23371
-2.83993
0.632203
0.24936
1.13344
0.200108
-2.70034e-13
-1.3
-2.1817
2.6156
-1.29904
0.910108
-0.0341914
0.307671
-1.45033
0.233918
-0.836426
0.892676
-0.466903
0.0214932
-0.000912595
-0.0627414
-0.0985462
0.0410906
-0.674668
1.3141
2.31501
-2.76747
0.635758
0.239082
1.15819
0.188959
0.000597032
-1.3
-2.18144
2.61287
-1.29782
0.892025
0
0.374032
-1.52532
0.264497
-1.01434
0.891257
-0.38426
0.0431423
0.0715731
0.0125164
-0.0980531
0.0966573
-0.650322
1.23089
2.389
-2.69982
-5.57556
-3.63074
9.07017
20.1498
-68.2356
18.7002
17.0571
4.01071
-34.6921
7.47149
-22.8872
-10.5144
9.73595
-2.01835
7.69609
0.657261
10.0009
2.56097
-48.2035
4.56066
-23.3058
-10.821
9.17115
-2.28268
7.55435
0.612901
8.92021
2.00963
-45.0584
8.64454
-28.795
-12.0861
9.95478
-1.05709
5.64147
0.514102
6.05534
1.00959
-4.96114
24.3064
-20.5127
-8.7198
10.3705
-1.83853
7.57468
0.6535
9.37958
2.47298
-50.3569
7.75857
-21.6715
-7.7308
9.70245
-3.05483
4.46181
0.217704
3.16602
-0.5983
-8.06685
27.238
-15.9473
-5.03322
9.57273
-5.69242
2.72505
-0.184475
6.43823
1.08193
-12.2881
28.1272
-13.6277
-4.19885
8.76785
-5.72675
2.79968
-0.315502
4.88073
0.187603
-14.9368
27.6308
-12.6212
-4.39529
8.24235
-6.08918
2.76244
-0.313897
2.22496
-1.4414
-17.5904
29.6526
-15.3492
-7.46605
4.70039
4.08276
5.57811
1.07329
7.10929
3.07708
-6.9586
2.94055
9.90556
69.2188
9.79309
9.83658
54.9812
198.632
53.4885
123.783
3.10024e-14
0
16.8623
297.244
9.36134
78.7117
9.18685
18.1611
0
0
0
0
0
0
0.886127
310.372
7.58187
76.8573
7.26255
17.2933
0
2.18244e-13
0
0
0
0
5.4131
314.013
8.5347
80.2051
8.73758
15.4947
0
0
0
0
0
0
47.5478
196.345
10.3578
76.7393
10.2923
15.9981
0
0
-3.93512e-15
1.68759e-14
0
0
0.0806349
303.466
9.43265
67.5227
9.5836
5.66259
0
0
0
-2.31266e-14
0
0
50.5619
202.706
8.61149
64.3556
8.49513
2.83047
0
-1.92452e-13
0
0
-4.06909e-14
0
56.3484
214.135
9.54231
59.7345
9.367
1.69872
0
7.45624e-15
0
0
0
0
58.0956
213.235
9.53566
54.4968
9.53823
3.09752e-14
0
-9.41964e-14
0
0
0
0
64.275
226.583
11.8641
37.5302
11.8537
30.2349
-2.88612e-13
0
0
9.582e-15
0
0
2.72215
50.0934
