3.5
0.6233
0.273874
0.8817
0.4183
0
-1.3
-2.1817
2.6
-1.3
1.0451
-0.0491
-0.0805127
-0.842146
0.046422
-0.167217
0.743902
-0.185666
-0.582501
0.0242646
-0.743902
0.533972
-0.533972
-0.3304
2.0653
1.91081
-3
0.622335
0.277063
0.888691
0.406183
0
-1.29487
-2.1817
2.602
-1.3
1.0451
-0.0491
-0.0881025
-0.838236
0.0467149
-0.165257
0.740526
-0.185609
-0.581376
0.0264584
-0.743902
0.533972
-0.533972
-0.3304
2.0653
1.90886
-3
0.62137
0.280252
0.895682
0.394067
0
-1.28975
-2.1817
2.604
-1.3
1.0451
-0.0491
-0.0956923
-0.834326
0.0470078
-0.163296
0.73715
-0.185552
-0.58025
0.0286523
-0.743902
0.533972
-0.533972
-0.3304
2.0653
1.9069
-3
0.620405
0.28344
0.902673
0.38195
0
-1.28462
-2.1817
2.606
-1.3
1.0451
-0.0491
-0.103282
-0.830417
0.0473008
-0.161336
0.733774
-0.185495
-0.579125
0.0308461
-0.743902
0.533972
-0.533972
-0.3304
2.0653
1.90495
-3
0.61944
0.286629
0.909664
0.369833
0
-1.2795
-2.1817
2.608
-1.3
1.0451
-0.0491
-0.110872
-0.826507
0.0475937
-0.159376
0.730398
-0.185439
-0.578
0.0330399
-0.743902
0.533972
-0.533972
-0.3304
2.0653
1.903
-3
0.618475
0.289818
0.916655
0.357716
0
-1.27437
-2.1817
2.61
-1.3
1.0451
-0.0491
-0.118462
-0.822597
0.0478867
-0.157416
0.727022
-0.185382
-0.576874
0.0352337
-0.743902
0.533972
-0.533972
-0.3304
2.0653
1.90105
-3
0.61751
0.293006
0.923646
0.3456
0
-1.26925
-2.1817
2.612
-1.3
1.0451
-0.0491
-0.126051
-0.818687
0.0481796
-0.155456
0.723646
-0.185325
-0.575749
0.0374275
-0.743902
0.533972
-0.533972
-0.3304
2.0653
1.89909
-3
0.616545
0.296195
0.930637
0.333483
0
-1.26412
-2.1817
2.614
-1.3
1.0451
-0.0491
-0.133641
-0.814777
0.0484725
-0.153496
0.72027
-0.185268
-0.574623
0.0396213
-0.743902
0.533972
-0.533972
-0.3304
2.0653
1.89714
-3
0.61558
0.299383
0.937628
0.321366
0
-1.25899
-2.1817
2.616
-1.3
1.0451
-0.0491
-0.141231
-0.810867
0.0487655
-0.151536
0.716894
-0.185211
-0.573498
0.0418151
-0.743902
0.533972
-0.533972
-0.3304
2.0653
1.89519
-3
0.614615
0.302572
0.944619
0.309249
0
-1.25387
-2.1817
2.618
-1.3
1.0451
-0.0491
-0.148821
-0.806958
0.0490584
-0.149576
0.713518
-0.185154
-0.572373
0.0440089
-0.743902
0.533972
-0.533972
-0.3304
2.0653
1.89323
-3
0.848868
0.851246
9.15995
11.7573
-67.1606
15.2868
-19.7177
-23.005
-18.594
14.4246
0.976779
0.960966
9.23464
11.0409
-67.2628
14.9853
-19.3839
-22.7683
-18.5321
14.3497
1.10416
1.07012
9.30851
10.33
-67.3538
14.684
-19.0482
-22.53
-18.468
14.275
1.23101
1.17871
9.38156
9.62484
-67.4334
14.3829
-18.7108
-22.2901
-18.4016
14.2004
1.35734
1.28671
9.45375
8.92554
-67.5017
14.0821
-18.3717
-22.0487
-18.333
14.126
1.48316
1.39414
9.52508
8.23221
-67.5589
13.7816
-18.0309
-21.8059
-18.2622
14.0517
1.60847
1.50097
9.59552
7.54495
-67.6048
13.4815
-17.6886
-21.5617
-18.1893
13.9776
1.73328
1.6072
9.66506
6.86388
-67.6396
13.1819
-17.3448
-21.3161
-18.1142
13.9037
1.8576
1.71283
9.73368
6.1891
-67.6633
12.8829
-16.9996
-21.0692
-18.037
13.8299
-14.7267
-9.16211
7.64239
4.17554
-32.0349
6.56122
-8.30031
-6.69964
2.90015
5.34637
15.8314
55.5213
15.8314
7.3476
24.9451
180.962
24.9451
121.319
0
0
22.2484
224.849
16.2681
55.6244
16.2681
7.60342
0
0
0
0
0
0
22.7353
224.638
16.7014
55.7305
16.7014
7.86425
0
0
0
0
0
0
23.2218
224.415
17.1309
55.8394
17.1309
8.13001
0
0
0
0
0
0
23.7078
224.178
17.5567
55.9512
17.5567
8.40061
0
0
0
0
0
0
24.193
223.929
17.9787
56.0657
17.9787
8.67596
2.95383e-15
0
-2.9818e-15
0
0
0
24.6773
223.666
18.3968
56.1828
18.3968
8.95597
0
0
0
0
0
0
25.1608
223.391
18.8109
56.3026
18.8109
9.24054
0
0
0
0
0
0
25.6431
223.102
19.2209
56.4249
19.2209
9.52958
3.95213e-15
0
0
0
0
0
26.1243
222.8
24.9583
56.3078
24.9583
41.7779
-3.47315e-15
0
0
0
0
0
15.2044
103.637
