3.5
0.6233
0.273874
0.8817
0.4183
0
-1.3
-2.1817
2.6
-1.3
1.0451
-0.0491
-0.0805127
-0.842146
0.046422
-0.167217
0.743902
-0.185666
-0.582501
0.0242646
-0.743902
0.533972
-0.533972
-0.3304
2.0653
1.91081
-3
0.623453
0.274411
0.883416
0.420662
0.000904806
-1.3
-2.1817
2.59828
-1.3
1.0451
-0.0491
-0.0810316
-0.842141
0.0464141
-0.16718
0.7438
-0.185666
-0.582501
0.0242646
-0.743786
0.533853
-0.533867
-0.3304
2.0653
1.9109
-3
0.623607
0.274947
0.885133
0.423024
0.00180961
-1.3
-2.1817
2.59657
-1.3
1.0451
-0.0491
-0.0815504
-0.842136
0.0464062
-0.167142
0.743697
-0.185666
-0.582501
0.0242646
-0.743669
0.533735
-0.533762
-0.3304
2.0653
1.91099
-3
0.62376
0.275483
0.886849
0.425386
0.00271442
-1.3
-2.1817
2.59485
-1.3
1.0451
-0.0491
-0.0820693
-0.842131
0.0463984
-0.167105
0.743594
-0.185666
-0.582501
0.0242646
-0.743553
0.533616
-0.533657
-0.3304
2.0653
1.91108
-3
0.623913
0.276019
0.888565
0.427748
0.00361922
-1.3
-2.1817
2.59313
-1.3
1.0451
-0.0491
-0.0825882
-0.842126
0.0463905
-0.167068
0.743491
-0.185666
-0.582501
0.0242646
-0.743436
0.533498
-0.533552
-0.3304
2.0653
1.91117
-3
0.624067
0.276556
0.890281
0.43011
0.00452403
-1.3
-2.1817
2.59142
-1.3
1.0451
-0.0491
-0.083107
-0.842121
0.0463827
-0.167031
0.743388
-0.185666
-0.582501
0.0242646
-0.74332
0.533379
-0.533447
-0.3304
2.0653
1.91126
-3
0.62422
0.277092
0.891998
0.432472
0.00542883
-1.3
-2.1817
2.5897
-1.3
1.0451
-0.0491
-0.0836259
-0.842116
0.0463748
-0.166994
0.743285
-0.185666
-0.582501
0.0242646
-0.743203
0.533261
-0.533343
-0.3304
2.0653
1.91135
-3
0.624373
0.277628
0.893714
0.434833
0.00633364
-1.3
-2.1817
2.58799
-1.3
1.0451
-0.0491
-0.0841447
-0.842111
0.0463669
-0.166957
0.743182
-0.185666
-0.582501
0.0242646
-0.743087
0.533142
-0.533238
-0.3304
2.0653
1.91144
-3
0.624527
0.278165
0.89543
0.437195
0.00723845
-1.3
-2.1817
2.58627
-1.3
1.0451
-0.0491
-0.0846636
-0.842106
0.0463591
-0.16692
0.743079
-0.185666
-0.582501
0.0242646
-0.74297
0.533024
-0.533133
-0.3304
2.0653
1.91153
-3
0.62468
0.278701
0.897147
0.439557
0.00814325
-1.3
-2.1817
2.58455
-1.3
1.0451
-0.0491
-0.0851825
-0.842101
0.0463512
-0.166883
0.742976
-0.185666
-0.582501
0.0242646
-0.742853
0.532905
-0.533028
-0.3304
2.0653
1.91162
-3
1.38825
1.15126
9.18546
11.7701
-67.8173
15.4175
-19.9186
-23.2821
-18.9502
14.5661
1.32604
1.05838
9.08425
11.8943
-67.7736
15.4625
-19.9291
-23.2848
-18.937
14.5796
1.26477
0.96632
8.98296
12.0186
-67.7289
15.5073
-19.9394
-23.2874
-18.9234
14.5931
1.20443
0.875085
8.88161
12.1431
-67.6834
15.5521
-19.9497
-23.29
-18.9094
14.6067
1.14503
0.784678
8.7802
12.2678
-67.6371
15.5967
-19.96
-23.2925
-18.8951
14.6202
1.08656
0.695101
8.67873
12.3927
-67.5899
15.6413
-19.9702
-23.2949
-18.8804
14.6338
1.02903
0.606357
8.57721
12.5178
-67.5418
15.6857
-19.9804
-23.2972
-18.8653
14.6474
0.972445
0.518447
8.47564
12.643
-67.4929
15.7301
-19.9904
-23.2995
-18.8499
14.6611
0.916801
0.431375
8.37401
12.7684
-67.4431
15.7743
-20.0004
-23.3017
-18.8342
14.6747
-18.0939
-11.3929
6.95516
7.67373
-28.783
7.44556
-9.40358
-7.1491
3.90271
5.68306
15.6536
55.449
15.6536
6.72669
25.0799
182.494
25.0799
121.991
0
0
22.4354
226.919
0
0
0
0
25.3292
182.535
25.3292
122.093
0
0
22.7191
226.96
0
0
0
0
25.5785
182.575
25.5785
122.193
0
-1.37733e-14
23.0031
226.999
0
0
0
0
25.828
182.613
25.828
122.291
0
0
23.2874
227.036
0
0
0
0
26.0775
182.649
26.0775
122.389
0
0
23.5718
227.07
0
0
0
0
26.3271
182.683
26.3271
122.485
0
0
23.8565
227.102
0
0
0
0
26.5767
182.715
26.5767
122.581
-2.40999e-14
0
24.1415
227.132
0
0
-1.71418e-15
0
26.8263
182.746
26.8263
122.675
0
0
24.4266
227.16
0
0
0
0
27.0759
182.774
27.0759
122.768
0
0
24.7119
227.185
0
6.30325e-15
0
0
21.725
84.9025
21.725
73.0131
0
0
14.2446
98.1971
