3.5
0.6233
0.273874
0.8817
0.4183
0
-1.3
-2.1817
2.6
-1.3
1.0451
-0.0491
-0.0805127
-0.842146
0.046422
-0.167217
0.743902
-0.185666
-0.582501
0.0242646
-0.743902
0.533972
-0.533972
-0.3304
2.0653
1.91081
-3
0.623453
0.274411
0.883416
0.420662
0.000904806
-1.3
-2.1817
2.59828
-1.3
1.0451
-0.0491
-0.0810316
-0.842141
0.0464141
-0.16718
0.7438
-0.185666
-0.582501
0.0242646
-0.743786
0.533853
-0.533867
-0.3304
2.0653
1.9109
-3
0.623607
0.274947
0.885133
0.423024
0.00180961
-1.3
-2.1817
2.59657
-1.3
1.0451
-0.0491
-0.0815504
-0.842136
0.0464062
-0.167142
0.743697
-0.185666
-0.582501
0.0242646
-0.743669
0.533735
-0.533762
-0.3304
2.0653
1.91099
-3
0.62376
0.275483
0.886849
0.425386
0.00271442
-1.3
-2.1817
2.59485
-1.3
1.0451
-0.0491
-0.0820693
-0.842131
0.0463984
-0.167105
0.743594
-0.185666
-0.582501
0.0242646
-0.743553
0.533616
-0.533657
-0.3304
2.0653
1.91108
-3
0.623913
0.276019
0.888565
0.427748
0.00361922
-1.3
-2.1817
2.59313
-1.3
1.0451
-0.0491
-0.0825882
-0.842126
0.0463905
-0.167068
0.743491
-0.185666
-0.582501
0.0242646
-0.743436
0.533498
-0.533552
-0.3304
2.0653
1.91117
-3
0.624067
0.276556
0.890281
0.43011
0.00452403
-1.3
-2.1817
2.59142
-1.3
1.0451
-0.0491
-0.083107
-0.842121
0.0463827
-0.167031
0.743388
-0.185666
-0.582501
0.0242646
-0.74332
0.533379
-0.533447
-0.3304
2.0653
1.91126
-3
0.62422
0.277092
0.891998
0.432472
0.00542883
-1.3
-2.1817
2.5897
-1.3
1.0451
-0.0491
-0.0836259
-0.842116
0.0463748
-0.166994
0.743285
-0.185666
-0.582501
0.0242646
-0.743203
0.533261
-0.533343
-0.3304
2.0653
1.91135
-3
0.624373
0.277628
0.893714
0.434833
0.00633364
-1.3
-2.1817
2.58799
-1.3
1.0451
-0.0491
-0.0841447
-0.842111
0.0463669
-0.166957
0.743182
-0.185666
-0.582501
0.0242646
-0.743087
0.533142
-0.533238
-0.3304
2.0653
1.91144
-3
0.624527
0.278165
0.89543
0.437195
0.00723845
-1.3
-2.1817
2.58627
-1.3
1.0451
-0.0491
-0.0846636
-0.842106
0.0463591
-0.16692
0.743079
-0.185666
-0.582501
0.0242646
-0.74297
0.533024
-0.533133
-0.3304
2.0653
1.91153
-3
0.62468
0.278701
0.897147
0.439557
0.00814325
-1.3
-2.1817
2.58455
-1.3
1.0451
-0.0491
-0.0851825
-0.842101
0.0463512
-0.166883
0.742976
-0.185666
-0.582501
0.0242646
-0.742853
0.532905
-0.533028
-0.3304
2.0653
1.91162
-3
-1.77775
-0.834636
8.89036
11.0203
-61.3036
14.0658
-18.1755
-20.5993
-15.1195
13.0883
-1.83857
-0.923424
8.79726
11.1307
-61.2679
14.1058
-18.1821
-20.6001
-15.1115
13.0989
-1.89853
-1.01146
8.70409
11.2413
-61.2315
14.1458
-18.1886
-20.6009
-15.1031
13.1095
-1.95764
-1.09875
8.61083
11.3521
-61.1943
14.1857
-18.1951
-20.6016
-15.0944
13.1202
-2.0159
-1.18529
8.5175
11.4631
-61.1563
14.2255
-18.2015
-20.6022
-15.0853
13.1309
-2.07329
-1.27106
8.42409
11.5742
-61.1176
14.2652
-18.2079
-20.6028
-15.0759
13.1417
-2.12982
-1.35609
8.33062
11.6855
-61.078
14.3048
-18.2143
-20.6034
-15.0662
13.1524
-2.18549
-1.44034
8.23708
11.797
-61.0377
14.3444
-18.2207
-20.6039
-15.0561
13.1632
-2.24029
-1.52384
8.14347
11.9086
-60.9967
14.3838
-18.2269
-20.6043
-15.0457
13.174
-14.9374
-9.44107
7.17773
8.54736
-35.2215
8.84092
-11.1808
-9.84834
0.11951
7.18663
17.1432
55.5251
17.1432
12.7039
24.4245
166.144
24.4245
113.761
0
0
20.9329
205.342
0
0
0
-1.64712e-15
24.6421
166.188
24.6421
113.852
0
0
21.1841
205.391
0
0
0
1.64949e-15
24.8598
166.231
24.8598
113.941
0
0
21.4355
205.439
-2.39023e-15
0
0
0
25.0777
166.273
25.0777
114.03
0
0
21.6873
205.484
0
0
0
0
25.2956
166.312
25.2956
114.117
0
0
21.9393
205.528
0
0
0
0
25.5137
166.35
25.5137
114.204
0
0
22.1915
205.569
0
0
0
0
25.7318
166.387
25.7318
114.289
0
1.53415e-14
22.444
205.608
0
0
0
0
25.9501
166.421
25.9501
114.374
0
0
22.6968
205.646
0
0
0
0
26.1684
166.454
26.1684
114.457
0
-1.38598e-14
22.9497
205.681
0
0
0
0
22.6639
101.22
22.6639
81.3341
0
0
16.0391
119.694
