3.5
0.6233
0.273874
0.8817
0.4183
0
-1.3
-2.1817
2.6
-1.3
1.0451
-0.0491
-0.0805127
-0.842146
0.046422
-0.167217
0.743902
-0.185666
-0.582501
0.0242646
-0.743902
0.533972
-0.533972
-0.3304
2.0653
1.91081
-3
0.623453
0.274411
0.883416
0.420662
0.000904806
-1.3
-2.1817
2.59828
-1.3
1.0451
-0.0491
-0.0810316
-0.842141
0.0464141
-0.16718
0.7438
-0.185666
-0.582501
0.0242646
-0.743786
0.533853
-0.533867
-0.3304
2.0653
1.9109
-3
0.623607
0.274947
0.885133
0.423024
0.00180961
-1.3
-2.1817
2.59657
-1.3
1.0451
-0.0491
-0.0815504
-0.842136
0.0464062
-0.167142
0.743697
-0.185666
-0.582501
0.0242646
-0.743669
0.533735
-0.533762
-0.3304
2.0653
1.91099
-3
0.62376
0.275483
0.886849
0.425386
0.00271442
-1.3
-2.1817
2.59485
-1.3
1.0451
-0.0491
-0.0820693
-0.842131
0.0463984
-0.167105
0.743594
-0.185666
-0.582501
0.0242646
-0.743553
0.533616
-0.533657
-0.3304
2.0653
1.91108
-3
0.623913
0.276019
0.888565
0.427748
0.00361922
-1.3
-2.1817
2.59313
-1.3
1.0451
-0.0491
-0.0825882
-0.842126
0.0463905
-0.167068
0.743491
-0.185666
-0.582501
0.0242646
-0.743436
0.533498
-0.533552
-0.3304
2.0653
1.91117
-3
0.624067
0.276556
0.890281
0.43011
0.00452403
-1.3
-2.1817
2.59142
-1.3
1.0451
-0.0491
-0.083107
-0.842121
0.0463827
-0.167031
0.743388
-0.185666
-0.582501
0.0242646
-0.74332
0.533379
-0.533447
-0.3304
2.0653
1.91126
-3
0.62422
0.277092
0.891998
0.432472
0.00542883
-1.3
-2.1817
2.5897
-1.3
1.0451
-0.0491
-0.0836259
-0.842116
0.0463748
-0.166994
0.743285
-0.185666
-0.582501
0.0242646
-0.743203
0.533261
-0.533343
-0.3304
2.0653
1.91135
-3
0.624373
0.277628
0.893714
0.434833
0.00633364
-1.3
-2.1817
2.58799
-1.3
1.0451
-0.0491
-0.0841447
-0.842111
0.0463669
-0.166957
0.743182
-0.185666
-0.582501
0.0242646
-0.743087
0.533142
-0.533238
-0.3304
2.0653
1.91144
-3
0.624527
0.278165
0.89543
0.437195
0.00723845
-1.3
-2.1817
2.58627
-1.3
1.0451
-0.0491
-0.0846636
-0.842106
0.0463591
-0.16692
0.743079
-0.185666
-0.582501
0.0242646
-0.74297
0.533024
-0.533133
-0.3304
2.0653
1.91153
-3
0.62468
0.278701
0.897147
0.439557
0.00814325
-1.3
-2.1817
2.58455
-1.3
1.0451
-0.0491
-0.0851825
-0.842101
0.0463512
-0.166883
0.742976
-0.185666
-0.582501
0.0242646
-0.742853
0.532905
-0.533028
-0.3304
2.0653
1.91162
-3
2.11847
1.60892
9.254
11.9437
-69.3209
15.7294
-20.3223
-23.9022
-19.8337
14.9075
2.05594
1.51509
9.15091
12.071
-69.2753
15.7755
-20.3336
-23.9053
-19.8193
14.9217
1.99436
1.4221
9.04775
12.1985
-69.2288
15.8215
-20.3448
-23.9084
-19.8045
14.9359
1.93374
1.32995
8.94453
12.3262
-69.1814
15.8674
-20.356
-23.9114
-19.7893
14.9501
1.87407
1.23865
8.84126
12.4541
-69.1331
15.9131
-20.3672
-23.9143
-19.7738
14.9643
1.81535
1.14819
8.73793
12.5821
-69.0839
15.9588
-20.3782
-23.9171
-19.7578
14.9786
1.75759
1.05859
8.63455
12.7103
-69.0339
16.0044
-20.3892
-23.9199
-19.7415
14.9928
1.70079
0.969832
8.53112
12.8387
-68.983
16.0498
-20.4002
-23.9225
-19.7249
15.0071
1.64495
0.881931
8.42765
12.9673
-68.9312
16.0951
-20.4111
-23.9251
-19.7079
15.0214
-18.8219
-11.8426
6.90337
7.47162
-27.2968
7.12358
-8.99212
-6.52524
4.77523
5.33571
15.3109
55.4363
15.3109
5.35392
25.2319
186.267
25.2319
123.893
0
0
22.7825
231.897
0
0
0
8.23562e-16
25.4885
186.307
25.4885
123.996
0
0
23.0738
231.936
0
0
0
-8.24746e-16
25.7452
186.346
25.7452
124.098
0
0
23.3652
231.973
0
0
0
0
26.002
186.383
26.002
124.2
0
0
23.657
232.008
0
0
0
0
26.2588
186.419
26.2588
124.3
0
0
23.9489
232.04
0
0
0
0
26.5156
186.452
26.5156
124.398
0
0
24.2411
232.07
0
0
0
0
26.7724
186.483
26.7724
124.496
0
0
24.5335
232.098
0
0
0
0
27.0293
186.513
27.0293
124.592
0
0
24.8261
232.123
0
0
0
0
27.2862
186.54
27.2862
124.687
0
0
25.1189
232.147
0
6.30325e-15
0
0
21.5075
81.137
21.5075
71.0911
0
0
13.8302
93.2372
