3.06
0.6233
0.273874
0.8817
0.4183
0
-1.3
-2.1817
2.6
-1.3
1.0451
-0.0491
-0.0805127
-0.842146
0.046422
-0.167217
0.743902
-0.185666
-0.582501
0.0242646
-0.743902
0.533972
-0.533972
-0.3304
2.0653
1.91081
-3
0.622335
0.277063
0.888691
0.406183
0
-1.29487
-2.1817
2.602
-1.3
1.0451
-0.0491
-0.0881025
-0.838236
0.0467149
-0.165257
0.740526
-0.185609
-0.581376
0.0264584
-0.743902
0.533972
-0.533972
-0.3304
2.0653
1.90886
-3
0.62137
0.280252
0.895682
0.394067
0
-1.28975
-2.1817
2.604
-1.3
1.0451
-0.0491
-0.0956923
-0.834326
0.0470078
-0.163296
0.73715
-0.185552
-0.58025
0.0286523
-0.743902
0.533972
-0.533972
-0.3304
2.0653
1.9069
-3
0.620405
0.28344
0.902673
0.38195
0
-1.28462
-2.1817
2.606
-1.3
1.0451
-0.0491
-0.103282
-0.830417
0.0473008
-0.161336
0.733774
-0.185495
-0.579125
0.0308461
-0.743902
0.533972
-0.533972
-0.3304
2.0653
1.90495
-3
0.61944
0.286629
0.909664
0.369833
0
-1.2795
-2.1817
2.608
-1.3
1.0451
-0.0491
-0.110872
-0.826507
0.0475937
-0.159376
0.730398
-0.185439
-0.578
0.0330399
-0.743902
0.533972
-0.533972
-0.3304
2.0653
1.903
-3
0.618475
0.289818
0.916655
0.357716
0
-1.27437
-2.1817
2.61
-1.3
1.0451
-0.0491
-0.118462
-0.822597
0.0478867
-0.157416
0.727022
-0.185382
-0.576874
0.0352337
-0.743902
0.533972
-0.533972
-0.3304
2.0653
1.90105
-3
0.61751
0.293006
0.923646
0.3456
0
-1.26925
-2.1817
2.612
-1.3
1.0451
-0.0491
-0.126051
-0.818687
0.0481796
-0.155456
0.723646
-0.185325
-0.575749
0.0374275
-0.743902
0.533972
-0.533972
-0.3304
2.0653
1.89909
-3
0.616545
0.296195
0.930637
0.333483
0
-1.26412
-2.1817
2.614
-1.3
1.0451
-0.0491
-0.133641
-0.814777
0.0484725
-0.153496
0.72027
-0.185268
-0.574623
0.0396213
-0.743902
0.533972
-0.533972
-0.3304
2.0653
1.89714
-3
0.61558
0.299383
0.937628
0.321366
0
-1.25899
-2.1817
2.616
-1.3
1.0451
-0.0491
-0.141231
-0.810867
0.0487655
-0.151536
0.716894
-0.185211
-0.573498
0.0418151
-0.743902
0.533972
-0.533972
-0.3304
2.0653
1.89519
-3
0.614615
0.302572
0.944619
0.309249
0
-1.25387
-2.1817
2.618
-1.3
1.0451
-0.0491
-0.148821
-0.806958
0.0490584
-0.149576
0.713518
-0.185154
-0.572373
0.0440089
-0.743902
0.533972
-0.533972
-0.3304
2.0653
1.89323
-3
6.91596
4.72551
9.79177
13.4316
-80.5756
18.0826
-23.2804
-28.524
-26.5115
17.4827
6.99542
4.82131
9.88515
12.5805
-80.6023
17.705
-22.8792
-28.231
-26.3938
17.4004
7.07472
4.91649
9.97726
11.7378
-80.6149
17.3283
-22.4763
-27.9364
-26.2735
17.3182
7.15386
5.01104
10.0681
10.9035
-80.6135
16.9525
-22.0719
-27.6404
-26.1507
17.2362
7.23286
5.10496
10.1576
10.0778
-80.5982
16.5777
-21.6661
-27.3431
-26.0253
17.1543
7.31173
5.19824
10.2458
9.26081
-80.569
16.2039
-21.259
-27.0444
-25.8975
17.0726
7.39046
5.29086
10.3326
8.45269
-80.5261
15.8313
-20.8506
-26.7445
-25.7672
16.991
7.46906
5.38282
10.4181
7.65354
-80.4695
15.4598
-20.4411
-26.4434
-25.6345
16.9096
7.54754
5.47411
10.5021
6.86349
-80.3993
15.0897
-20.0305
-26.1412
-25.4994
16.8284
-20.3804
-12.9194
6.84627
3.61201
-19.3271
4.40907
-5.32546
-1.66974
10.3273
2.34712
12.8774
55.6227
12.8774
0
26.2098
214.853
26.2098
138.625
0
0
25.3056
269.453
13.4487
55.7524
13.4487
0
0
0
0
0
0
0
25.904
268.989
14.0143
55.885
14.0143
0
0
-4.30218e-14
0
0
0
0
26.5004
268.508
14.5741
56.0205
14.5741
0
0
0
-3.29889e-15
0
0
0
27.0946
268.009
15.128
56.1587
15.128
0
0
0
0
0
0
0
27.6863
267.493
15.6758
56.2996
15.6758
3.8184e-16
0
0
0
0
0
0
28.2755
266.96
16.2176
56.443
16.2176
0
0
0
0
0
0
0
28.862
266.41
16.7531
56.5889
16.7531
0
0
0
0
0
0
0
29.4457
265.842
17.2822
56.7371
17.2822
0
0
0
0
0
0
0
30.0263
265.258
26.7455
55.9303
26.7455
52.8492
0
0
0
0
0
0
11.1534
61.2241
