3.06
0.6233
0.273874
0.8817
0.4183
0
-1.3
-2.1817
2.6
-1.3
1.0451
-0.0491
-0.0805127
-0.842146
0.046422
-0.167217
0.743902
-0.185666
-0.582501
0.0242646
-0.743902
0.533972
-0.533972
-0.3304
2.0653
1.91081
-3
0.621883
0.278202
0.87475
0.413578
0.00932264
-1.29765
-2.17435
2.58591
-1.28631
1.01783
-0.0672011
-0.138686
-0.754536
0.041264
-0.148637
0.661247
-0.165037
-0.517779
0.0215685
-0.661247
0.474641
-0.474641
-0.293689
1.83582
1.6985
-2.66667
0.620467
0.282531
0.867801
0.408857
0.0186453
-1.2953
-2.16701
2.57182
-1.27261
0.990551
-0.0853023
-0.19686
-0.666925
0.036106
-0.130057
0.578591
-0.144407
-0.453056
0.0188724
-0.578591
0.415311
-0.415311
-0.256978
1.60634
1.48618
-2.33333
0.61905
0.286859
0.860851
0.404135
0.0279679
-1.29295
-2.15966
2.55773
-1.25892
0.963277
-0.103403
-0.255034
-0.579315
0.030948
-0.111478
0.495935
-0.123777
-0.388334
0.0161763
-0.495935
0.355981
-0.355981
-0.220267
1.37687
1.27387
-2
0.617634
0.291187
0.853902
0.399414
0.0372906
-1.29061
-2.15231
2.54364
-1.24523
0.936003
-0.121505
-0.313208
-0.491704
0.02579
-0.0928981
0.413279
-0.103148
-0.323611
0.0134802
-0.413279
0.296651
-0.296651
-0.183556
1.14739
1.06156
-1.66667
0.616217
0.295515
0.846952
0.394692
0.0466132
-1.28826
-2.14497
2.52955
-1.23154
0.908728
-0.139606
-0.371381
-0.404094
0.020632
-0.0743185
0.330623
-0.0825184
-0.258889
0.0107842
-0.330623
0.237321
-0.237321
-0.146845
0.917912
0.849248
-1.33333
0.614801
0.299843
0.840003
0.389971
0.0559358
-1.28591
-2.13762
2.51546
-1.21784
0.881454
-0.157707
-0.429555
-0.316484
0.015474
-0.0557389
0.247967
-0.0618888
-0.194167
0.00808806
-0.247967
0.177991
-0.177991
-0.110134
0.688434
0.636936
-1
0.613384
0.304171
0.833053
0.385249
0.0652585
-1.28356
-2.13027
2.50137
-1.20415
0.85418
-0.175808
-0.487729
-0.228873
0.010316
-0.0371593
0.165312
-0.0412593
-0.129444
0.00539196
-0.165312
0.11866
-0.11866
-0.0734228
0.458957
0.424624
-0.666666
0.611968
0.3085
0.826103
0.380527
0.0745811
-1.28121
-2.12293
2.48728
-1.19046
0.826905
-0.193909
-0.545903
-0.141263
0.00515799
-0.0185796
0.0826558
-0.0206297
-0.0647219
0.00269586
-0.0826558
0.0593302
-0.0593302
-0.0367117
0.229479
0.212312
-0.333333
0.610551
0.312828
0.819154
0.375806
0.0839038
-1.27886
-2.11558
2.47319
-1.17677
0.799631
-0.21201
-0.604076
-0.0536525
-1.32357e-09
-1.38328e-08
-5.7199e-08
-1.355e-07
4.2431e-07
-2.31612e-07
2.47654e-08
4.47165e-08
-1.22832e-08
-7.06727e-07
1.23609e-06
-3.43042e-07
5.68989e-07
7.71907
5.13011
9.74296
13.1392
-80.6406
18.1029
-24.1417
-28.8436
-26.6994
17.825
7.74687
4.91968
9.64924
13.8599
-77.8109
17.7322
-25.9119
-29.9827
-23.9429
15.4661
7.64888
4.62362
9.5146
14.4402
-74.8543
17.2928
-27.3742
-30.7825
-21.282
13.0604
7.4085
4.23591
9.3423
14.8762
-71.7647
16.7848
-28.5128
-31.2306
-18.7274
10.6275
7.0064
3.74892
9.13589
15.1642
-68.5368
16.2084
-29.3113
-31.3153
-16.2858
8.19173
6.42044
3.1534
8.89928
15.3005
-65.1659
15.5637
-29.7529
-31.0251
-13.9597
5.78222
5.6256
2.43829
8.63668
15.2816
-61.6479
14.8506
-29.8204
-30.3491
-11.7473
3.43312
4.59395
1.59075
8.3526
15.1038
-57.98
14.0691
-29.4958
-29.277
-9.64205
1.18369
3.2947
0.596039
8.05181
14.7634
-54.1601
13.2188
-28.7604
-27.799
-7.63234
-0.921654
-0.642624
-1.97931
7.47701
13.3262
-46.9185
11.3967
-23.577
-22.7621
-3.99725
-3.35485
12.6604
54.9241
12.6604
0
26.3737
214.744
26.3737
138.062
0
0
25.3426
269.519
13.1684
54.3811
13.1684
0
26.4665
209.6
26.4665
135.493
0
0
26.6771
262.768
13.5434
53.8029
13.5434
0
26.359
203.988
26.359
132.637
0
0
27.4765
255.535
13.8071
53.2025
13.8071
0
26.0656
197.878
26.0656
129.485
0
0
27.7674
247.742
13.9829
52.5963
13.9829
0.22054
25.6015
191.241
25.6015
126.028
0
0
27.5804
239.313
14.0957
52.0043
14.0957
2.08877
24.9817
184.049
24.9817
122.259
0
0
26.9494
230.173
14.1721
51.45
14.1721
4.2001
24.2216
176.273
24.2216
118.175
0
0
25.9132
220.247
14.2396
50.961
14.2396
6.59915
23.3364
167.886
23.3364
113.772
0
0
24.5156
209.462
14.327
50.5687
14.327
9.3349
22.341
158.861
22.341
109.05
0
0
22.8062
197.75
14.7714
50.635
14.7714
16.1408
20.1725
139.836
20.1725
99.2554
0
0
19.1767
172.453
