3.5
0.6233
0.273874
0.8817
0.4183
0
-1.3
-2.1817
2.6
-1.3
1.0451
-0.0491
-0.0805127
-0.842146
0.046422
-0.167217
0.743902
-0.185666
-0.582501
0.0242646
-0.743902
0.533972
-0.533972
-0.3304
2.0653
1.91081
-3
0.622335
0.277063
0.888691
0.406183
0
-1.29487
-2.1817
2.602
-1.3
1.0451
-0.0491
-0.0881025
-0.838236
0.0467149
-0.165257
0.740526
-0.185609
-0.581376
0.0264584
-0.743902
0.533972
-0.533972
-0.3304
2.0653
1.90886
-3
0.62137
0.280252
0.895682
0.394067
0
-1.28975
-2.1817
2.604
-1.3
1.0451
-0.0491
-0.0956923
-0.834326
0.0470078
-0.163296
0.73715
-0.185552
-0.58025
0.0286523
-0.743902
0.533972
-0.533972
-0.3304
2.0653
1.9069
-3
0.620405
0.28344
0.902673
0.38195
0
-1.28462
-2.1817
2.606
-1.3
1.0451
-0.0491
-0.103282
-0.830417
0.0473008
-0.161336
0.733774
-0.185495
-0.579125
0.0308461
-0.743902
0.533972
-0.533972
-0.3304
2.0653
1.90495
-3
0.61944
0.286629
0.909664
0.369833
0
-1.2795
-2.1817
2.608
-1.3
1.0451
-0.0491
-0.110872
-0.826507
0.0475937
-0.159376
0.730398
-0.185439
-0.578
0.0330399
-0.743902
0.533972
-0.533972
-0.3304
2.0653
1.903
-3
0.618475
0.289818
0.916655
0.357716
0
-1.27437
-2.1817
2.61
-1.3
1.0451
-0.0491
-0.118462
-0.822597
0.0478867
-0.157416
0.727022
-0.185382
-0.576874
0.0352337
-0.743902
0.533972
-0.533972
-0.3304
2.0653
1.90105
-3
0.61751
0.293006
0.923646
0.3456
0
-1.26925
-2.1817
2.612
-1.3
1.0451
-0.0491
-0.126051
-0.818687
0.0481796
-0.155456
0.723646
-0.185325
-0.575749
0.0374275
-0.743902
0.533972
-0.533972
-0.3304
2.0653
1.89909
-3
0.616545
0.296195
0.930637
0.333483
0
-1.26412
-2.1817
2.614
-1.3
1.0451
-0.0491
-0.133641
-0.814777
0.0484725
-0.153496
0.72027
-0.185268
-0.574623
0.0396213
-0.743902
0.533972
-0.533972
-0.3304
2.0653
1.89714
-3
0.61558
0.299383
0.937628
0.321366
0
-1.25899
-2.1817
2.616
-1.3
1.0451
-0.0491
-0.141231
-0.810867
0.0487655
-0.151536
0.716894
-0.185211
-0.573498
0.0418151
-0.743902
0.533972
-0.533972
-0.3304
2.0653
1.89519
-3
0.614615
0.302572
0.944619
0.309249
0
-1.25387
-2.1817
2.618
-1.3
1.0451
-0.0491
-0.148821
-0.806958
0.0490584
-0.149576
0.713518
-0.185154
-0.572373
0.0440089
-0.743902
0.533972
-0.533972
-0.3304
2.0653
1.89323
-3
-0.214809
0.175251
9.05407
11.4784
-64.8646
14.8088
-19.1087
-22.0613
-17.2385
13.9023
-0.0784312
0.287418
9.12552
10.7849
-64.9799
14.5203
-18.7864
-21.8342
-17.1863
13.8286
0.0573457
0.399029
9.19623
10.0965
-65.0843
14.2319
-18.4622
-21.6054
-17.1318
13.7551
0.192529
0.510076
9.26618
9.41344
-65.1778
13.9436
-18.1361
-21.3751
-17.0752
13.6817
0.327127
0.620554
9.33537
8.7357
-65.2606
13.6554
-17.8084
-21.1433
-17.0164
13.6085
0.461145
0.730458
9.40376
8.06345
-65.3326
13.3675
-17.4789
-20.91
-16.9554
13.5355
0.594589
0.839781
9.47136
7.39681
-65.3938
13.0798
-17.1478
-20.6752
-16.8924
13.4626
0.727464
0.948515
9.53813
6.73587
-65.4443
12.7924
-16.8152
-20.4391
-16.8272
13.3899
0.859774
1.05666
9.60407
6.08076
-65.4842
12.5055
-16.4811
-20.2016
-16.76
13.3173
-13.7352
-8.50666
7.77678
4.26499
-34.2092
6.92923
-8.80928
-7.56009
1.62929
5.85914
16.3462
55.5275
16.3462
9.44281
24.7266
175.171
24.7266
118.378
0
0
21.7245
217.219
16.7597
55.626
16.7597
9.67901
0
0
0
0
0
0
22.1922
217.052
17.1701
55.7273
17.1701
9.92015
0
0
0
0
0
0
22.6597
216.873
17.5772
55.8316
17.5772
10.1661
0
0
0
0
0
0
23.127
216.681
17.9809
55.9387
17.9809
10.4169
0
-2.47733e-14
3.93512e-15
0
0
0
23.5938
216.478
18.3811
56.0486
18.3811
10.6724
0
-3.00702e-14
0
0
0
0
24.06
216.261
18.7778
56.1611
18.7778
10.9324
0
0
0
0
0
0
24.5257
216.033
19.171
56.2763
19.171
11.197
0
0
0
0
0
0
24.9905
215.792
19.5604
56.3941
19.5604
11.466
0
0
0
0
-2.12157e-14
0
25.4545
215.539
24.645
56.35
24.645
39.8589
-3.47315e-15
0
0
0
0
0
15.8999
110.891
