3.5
0.6233
0.273874
0.8817
0.4183
0
-1.3
-2.1817
2.6
-1.3
1.0451
-0.0491
-0.0805127
-0.842146
0.046422
-0.167217
0.743902
-0.185666
-0.582501
0.0242646
-0.743902
0.533972
-0.533972
-0.3304
2.0653
1.91081
-3
0.621883
0.278202
0.87475
0.413578
0.00932264
-1.29765
-2.17435
2.58591
-1.28631
1.01783
-0.0672011
-0.138686
-0.754536
0.041264
-0.148637
0.661247
-0.165037
-0.517779
0.0215685
-0.661247
0.474641
-0.474641
-0.293689
1.83582
1.6985
-2.66667
0.620467
0.282531
0.867801
0.408857
0.0186453
-1.2953
-2.16701
2.57182
-1.27261
0.990551
-0.0853023
-0.19686
-0.666925
0.036106
-0.130057
0.578591
-0.144407
-0.453056
0.0188724
-0.578591
0.415311
-0.415311
-0.256978
1.60634
1.48618
-2.33333
0.61905
0.286859
0.860851
0.404135
0.0279679
-1.29295
-2.15966
2.55773
-1.25892
0.963277
-0.103403
-0.255034
-0.579315
0.030948
-0.111478
0.495935
-0.123777
-0.388334
0.0161763
-0.495935
0.355981
-0.355981
-0.220267
1.37687
1.27387
-2
0.617634
0.291187
0.853902
0.399414
0.0372906
-1.29061
-2.15231
2.54364
-1.24523
0.936003
-0.121505
-0.313208
-0.491704
0.02579
-0.0928981
0.413279
-0.103148
-0.323611
0.0134802
-0.413279
0.296651
-0.296651
-0.183556
1.14739
1.06156
-1.66667
0.616217
0.295515
0.846952
0.394692
0.0466132
-1.28826
-2.14497
2.52955
-1.23154
0.908728
-0.139606
-0.371381
-0.404094
0.020632
-0.0743185
0.330623
-0.0825184
-0.258889
0.0107842
-0.330623
0.237321
-0.237321
-0.146845
0.917912
0.849248
-1.33333
0.614801
0.299843
0.840003
0.389971
0.0559358
-1.28591
-2.13762
2.51546
-1.21784
0.881454
-0.157707
-0.429555
-0.316484
0.015474
-0.0557389
0.247967
-0.0618888
-0.194167
0.00808806
-0.247967
0.177991
-0.177991
-0.110134
0.688434
0.636936
-1
0.613384
0.304171
0.833053
0.385249
0.0652585
-1.28356
-2.13027
2.50137
-1.20415
0.85418
-0.175808
-0.487729
-0.228873
0.010316
-0.0371593
0.165312
-0.0412593
-0.129444
0.00539196
-0.165312
0.11866
-0.11866
-0.0734228
0.458957
0.424624
-0.666666
0.611968
0.3085
0.826103
0.380527
0.0745811
-1.28121
-2.12293
2.48728
-1.19046
0.826905
-0.193909
-0.545903
-0.141263
0.00515799
-0.0185796
0.0826558
-0.0206297
-0.0647219
0.00269586
-0.0826558
0.0593302
-0.0593302
-0.0367117
0.229479
0.212312
-0.333333
0.610551
0.312828
0.819154
0.375806
0.0839038
-1.27886
-2.11558
2.47319
-1.17677
0.799631
-0.21201
-0.604076
-0.0536525
-1.32357e-09
-1.38328e-08
-5.7199e-08
-1.355e-07
4.2431e-07
-2.31612e-07
2.47654e-08
4.47165e-08
-1.22832e-08
-7.06727e-07
1.23609e-06
-3.43042e-07
5.68989e-07
0.383668
0.525738
9.07922
11.4894
-65.6827
14.9825
-19.5779
-22.4822
-17.7619
14.1852
0.840124
0.594067
9.01074
12.1163
-64.2661
14.8311
-21.094
-23.6393
-16.1163
12.4632
1.23329
0.617887
8.91508
12.6625
-62.7633
14.6373
-22.4545
-24.6058
-14.5232
10.6586
1.5547
0.594618
8.79438
13.1265
-61.1718
14.4019
-23.6472
-25.3721
-12.9926
8.78143
1.79448
0.520842
8.65087
13.5067
-59.4893
14.1254
-24.6604
-25.9287
-11.5324
6.84482
1.94135
0.392256
8.48697
13.8016
-57.7141
13.8081
-25.4816
-26.2668
-10.148
4.86494
1.98253
0.203625
8.30521
14.0099
-55.8446
13.4506
-26.0986
-26.3777
-8.84249
2.86108
1.90374
-0.0512562
8.10825
14.13
-53.8798
13.053
-26.4987
-26.2531
-7.61636
0.855627
1.6892
-0.379602
7.89885
14.1602
-51.8194
12.6155
-26.6691
-25.8855
-6.46722
-1.12588
0.618873
-1.21574
7.601
13.819
-48.6803
11.8668
-25.3883
-24.3221
-4.87731
-3.21168
16.1166
55.332
16.1166
8.48735
24.8616
177.161
24.8616
119.247
0
0
21.926
219.899
16.1578
54.8444
16.1578
8.65043
24.8423
175.158
24.8423
118.218
0
0
22.9594
217.296
16.1084
54.3167
16.1084
8.85728
24.6984
172.868
24.6984
117.007
0
0
23.6646
214.414
15.982
53.756
15.982
9.12222
24.4393
170.276
24.4393
115.61
0
0
24.0521
211.212
15.7923
53.171
15.7923
9.4617
24.0746
167.369
24.0746
114.025
0
0
24.1339
207.648
15.5542
52.5725
15.5542
9.89433
23.6138
164.134
23.6138
112.247
0
0
23.9238
203.682
15.2828
51.9729
15.2828
10.441
23.0664
160.556
23.0664
110.277
2.00701e-14
0
23.4378
199.273
14.994
51.3869
14.994
11.1247
22.4417
156.624
22.4417
108.114
0
0
22.6944
194.38
14.7039
50.8308
14.7039
11.9708
21.7488
152.325
21.7488
105.758
0
0
21.7151
188.965
14.5216
50.4215
14.5216
14.1137
20.6723
144.838
20.6723
101.781
1.47851e-14
0
20.0239
179.203
