0.25
0.629823
0.314565
0.910511
0.410387
0.0550244
-1.29855
-2.10967
2.46206
-1.26734
1.03067
-0.239519
-0.280511
-0.564152
0.00527936
0.104521
0.771781
-0.172519
-0.594328
0.0166353
-0.701469
0.522485
-0.472726
-0.304693
1.36452
1.87459
-2.94633
0.632135
0.312871
0.931078
0.405677
0.0407813
-1.29581
-2.12687
2.47395
-1.27816
1.0222
-0.20391
-0.230412
-0.645478
0.0393554
-0.00283837
0.740439
-0.16958
-0.512752
0.0985001
-0.619306
0.439585
-0.389682
-0.337242
1.2819
1.80355
-2.88227
0.634416
0.30975
0.949381
0.400966
0.0288511
-1.29077
-2.14179
2.48518
-1.28669
1.01284
-0.170616
-0.180637
-0.723475
0.0779469
-0.162307
0.658911
-0.205384
-0.429488
0.181738
-0.536874
0.404104
-0.307018
-0.360935
1.19861
1.79192
-2.80791
0.636997
0.305242
0.965465
0.395964
0.0192323
-1.2834
-2.15439
2.4964
-1.293
1.00305
-0.139635
-0.130861
-0.797823
0.10843
-0.327401
0.57899
-0.18008
-0.346273
0.265045
-0.45386
0.453044
-0.227219
-0.352235
1.11529
1.85281
-2.72734
0.640009
0.299286
0.979345
0.391104
0.0119192
-1.27506
-2.16469
2.50961
-1.29785
0.993268
-0.110966
-0.0800291
-0.86971
0.140219
-0.486284
0.497277
-0.174956
-0.263272
0.300414
-0.3707
0.535962
-0.146278
-0.352235
1.03209
1.91945
-2.64785
0.643948
0.291551
0.991404
0.386709
0.00692062
-1.26671
-2.17269
2.52669
-1.3
0.983484
-0.0846112
-0.0259418
-0.941003
0.17674
-0.601181
0.434111
-0.158233
-0.17995
0.29929
-0.287882
0.614703
-0.0775382
-0.354538
0.948777
1.99016
-2.56657
0.648863
0.282838
1.00322
0.382313
0.0042361
-1.25711
-2.17839
2.54605
-1.3
0.975377
-0.060568
0.0295791
-1.01003
0.209708
-0.709389
0.376136
-0.158233
-0.0966426
0.345866
-0.205135
0.696909
3.71016e-13
-0.291832
0.865553
2.05718
-2.48494
0.654401
0.272839
1.01366
0.375778
0.00218715
-1.24218
-2.1817
2.56693
-1.3
0.967271
-0.0365249
0.0867905
-1.07691
0.255712
-0.839019
0.298221
-0.235263
-0.0737625
0.345611
-0.125942
0.751974
-4.29571e-13
-0.291832
0.782263
2.05961
-2.40782
0.659404
0.261942
1.02195
0.368125
0.000773076
-1.23489
-2.1817
2.58963
-1.3
0.957646
-0.0171082
0.144002
-1.14158
0.300251
-0.978937
0.225691
-0.293514
-0.0509065
0.2625
-0.0431114
0.817016
0.00994452
-0.346472
0.699
2.01872
-2.3279
0.666955
0.250236
1.02822
0.358406
0
-1.22991
-2.1817
2.61423
-1.29884
0.947073
0
0.200347
-1.20429
0.323949
-1.13729
0.196761
-0.349884
-0.0278307
0.179253
0.030904
0.885825
0.041887
-0.38063
0.615895
2.02844
-2.25763
-2.32659
-1.5803
8.38695
9.29122
-28.5619
10.1539
9.43595
2.06822
-30.057
-3.87753
1.69145
0.258103
-0.327624
12.2493
-22.3531
10.3161
1.96973
-1.29024
-11.3363
3.12839
7.34432
2.65184
-0.0030485
15.5013
-27.3453
11.3824
1.26495
-1.62818
-14.862
-1.64245
10.3168
3.95274
0.247161
3.46681
-28.215
7.04947
4.32058
0.223718
-9.92694
5.02584
5.05582
1.37614
-0.454051
3.94394
-31.9079
7.85023
1.27657
-1.87433
4.68577
17.9495
23.225
8.31182
0.211095
0.170503
-74.7675
9.41458
10.8252
2.76322
7.85692
20.1402
5.37354
1.54805
-0.190515
-1.19064
-36.4608
6.3803
8.63164
2.09728
2.09184
21.7998
0.0364231
-1.98673
-1.32687
9.19943
-31.0743
9.80572
1.68675
-2.18201
-5.35553
19.7255
6.28027
1.83364
-0.48388
-0.618353
-25.7575
5.51944
2.39313
-1.12363
-4.20097
18.8447
3.96942
0.0912822
-0.749999
7.32018
-22.2552
5.57769
2.95113
-0.42228
-21.2035
0.352378
12.1274
57.0994
12.3318
12.784
13.422
100.173
14.3046
52.5832
0
0
6.95236
207.772
0
0
0
0
20.3187
83.7134
21.954
40.3478
0
0
20.4261
119.074
0
-2.99643e-13
0
1.64949e-15
24.1159
94.9018
26.177
54.0929
0
0
6.53466e-06
97.0973
0
0
0
0
2.69821
84.8155
4.24759
43.8267
0
0
13.0095
118.444
0
0
0
0
4.20832
94.0763
10.1175
51.4258
0
0
42.9758
126.143
0
1.37876e-13
0
0
4.5328
172.865
0.574363
117.651
0
0
43.9617
128.863
1.55067e-13
0
0
0
-0.53157
100.046
0.532418
51.9917
0
0
51.1335
149.473
-8.07794e-28
-2.4173e-13
0
0
25.0413
97.3068
26.388
55.0986
0
0
54.1578
158.163
-8.20991e-16
-8.95035e-14
0
0
-0.188808
79.9275
0.18881
33.3836
0
0
48.1564
137.59
0
-1.97159e-13
0
-5.45266e-15
18.2952
62.0315
18.8448
44.0827
0
-8.48041e-15
5.81283e-10
112.119
