2.52
0.6233
0.273874
0.8817
0.4183
0
-1.3
-2.1817
2.6
-1.3
1.0451
-0.0491
-0.0805127
-0.842146
0.046422
-0.167217
0.743902
-0.185666
-0.582501
0.0242646
-0.743902
0.533972
-0.533972
-0.3304
2.0653
1.91081
-3
0.622335
0.277063
0.888691
0.406183
0
-1.29487
-2.1817
2.602
-1.3
1.0451
-0.0491
-0.0881025
-0.838236
0.0467149
-0.165257
0.740526
-0.185609
-0.581376
0.0264584
-0.743902
0.533972
-0.533972
-0.3304
2.0653
1.90886
-3
0.62137
0.280252
0.895682
0.394067
0
-1.28975
-2.1817
2.604
-1.3
1.0451
-0.0491
-0.0956923
-0.834326
0.0470078
-0.163296
0.73715
-0.185552
-0.58025
0.0286523
-0.743902
0.533972
-0.533972
-0.3304
2.0653
1.9069
-3
0.620405
0.28344
0.902673
0.38195
0
-1.28462
-2.1817
2.606
-1.3
1.0451
-0.0491
-0.103282
-0.830417
0.0473008
-0.161336
0.733774
-0.185495
-0.579125
0.0308461
-0.743902
0.533972
-0.533972
-0.3304
2.0653
1.90495
-3
0.61944
0.286629
0.909664
0.369833
0
-1.2795
-2.1817
2.608
-1.3
1.0451
-0.0491
-0.110872
-0.826507
0.0475937
-0.159376
0.730398
-0.185439
-0.578
0.0330399
-0.743902
0.533972
-0.533972
-0.3304
2.0653
1.903
-3
0.618475
0.289818
0.916655
0.357716
0
-1.27437
-2.1817
2.61
-1.3
1.0451
-0.0491
-0.118462
-0.822597
0.0478867
-0.157416
0.727022
-0.185382
-0.576874
0.0352337
-0.743902
0.533972
-0.533972
-0.3304
2.0653
1.90105
-3
0.61751
0.293006
0.923646
0.3456
0
-1.26925
-2.1817
2.612
-1.3
1.0451
-0.0491
-0.126051
-0.818687
0.0481796
-0.155456
0.723646
-0.185325
-0.575749
0.0374275
-0.743902
0.533972
-0.533972
-0.3304
2.0653
1.89909
-3
0.616545
0.296195
0.930637
0.333483
0
-1.26412
-2.1817
2.614
-1.3
1.0451
-0.0491
-0.133641
-0.814777
0.0484725
-0.153496
0.72027
-0.185268
-0.574623
0.0396213
-0.743902
0.533972
-0.533972
-0.3304
2.0653
1.89714
-3
0.61558
0.299383
0.937628
0.321366
0
-1.25899
-2.1817
2.616
-1.3
1.0451
-0.0491
-0.141231
-0.810867
0.0487655
-0.151536
0.716894
-0.185211
-0.573498
0.0418151
-0.743902
0.533972
-0.533972
-0.3304
2.0653
1.89519
-3
0.614615
0.302572
0.944619
0.309249
0
-1.25387
-2.1817
2.618
-1.3
1.0451
-0.0491
-0.148821
-0.806958
0.0490584
-0.149576
0.713518
-0.185154
-0.572373
0.0440089
-0.743902
0.533972
-0.533972
-0.3304
2.0653
1.89323
-3
9.97247
6.68997
10.1292
14.3321
-87.5523
19.5385
-25.1363
-31.3975
-30.6274
19.0776
10.0274
6.77877
10.2321
13.4108
-87.54
19.1214
-24.6997
-31.075
-30.481
18.9911
10.0824
6.86693
10.3335
12.4992
-87.5122
18.7054
-24.2617
-30.7511
-30.3319
18.9048
10.1374
6.95443
10.4334
11.5975
-87.469
18.2906
-23.8222
-30.4257
-30.18
18.8186
10.1924
7.04125
10.5318
10.7058
-87.4105
17.8772
-23.3815
-30.0991
-30.0254
18.7326
10.2475
7.1274
10.6286
9.82425
-87.3368
17.4653
-22.9395
-29.7712
-29.8682
18.6468
10.3026
7.21286
10.7237
8.95299
-87.2479
17.0548
-22.4965
-29.4421
-29.7085
18.5611
10.3578
7.29761
10.8173
8.09215
-87.1441
16.646
-22.0526
-29.1119
-29.5461
18.4756
10.413
7.38166
10.9092
7.24187
-87.0253
16.2388
-21.6078
-28.7808
-29.3813
18.3902
-23.2276
-14.8251
6.42495
3.29158
-12.7154
3.28853
-3.77764
0.947821
14.191
0.785163
11.3772
55.7676
11.3772
0
26.8596
232.517
26.8596
147.71
3.10024e-14
0
26.893
292.669
12.0176
55.9106
12.0176
0
0
0
0
0
0
0
27.5488
292.073
12.6513
56.0566
12.6513
0
0
0
0
0
0
-1.36451e-14
28.2017
291.458
13.2781
56.2054
13.2781
0
0
0
0
0
0
1.37574e-14
28.8515
290.823
13.8978
56.3569
13.8978
0
0
0
0
0
0
0
29.498
290.168
14.5104
56.511
14.5104
0
0
0
2.9818e-15
0
0
0
30.1411
289.494
15.1156
56.6676
15.1156
0
0
0
0
0
0
0
30.7806
288.801
15.7135
56.8266
15.7135
0
0
0
0
0
0
0
31.4163
288.089
16.3039
56.9877
16.3039
0
0
0
0
0
0
0
32.048
287.358
27.6459
55.6462
27.6459
58.5128
0
0
0
0
0
0
9.05501
39.1479
