1.44
0.6233
0.273874
0.8817
0.4183
0
-1.3
-2.1817
2.6
-1.3
1.0451
-0.0491
-0.0805127
-0.842146
0.046422
-0.167217
0.743902
-0.185666
-0.582501
0.0242646
-0.743902
0.533972
-0.533972
-0.3304
2.0653
1.91081
-3
0.621883
0.278202
0.87475
0.413578
0.00932264
-1.29765
-2.17435
2.58591
-1.28631
1.01783
-0.0672011
-0.138686
-0.754536
0.041264
-0.148637
0.661247
-0.165037
-0.517779
0.0215685
-0.661247
0.474641
-0.474641
-0.293689
1.83582
1.6985
-2.66667
0.620467
0.282531
0.867801
0.408857
0.0186453
-1.2953
-2.16701
2.57182
-1.27261
0.990551
-0.0853023
-0.19686
-0.666925
0.036106
-0.130057
0.578591
-0.144407
-0.453056
0.0188724
-0.578591
0.415311
-0.415311
-0.256978
1.60634
1.48618
-2.33333
0.61905
0.286859
0.860851
0.404135
0.0279679
-1.29295
-2.15966
2.55773
-1.25892
0.963277
-0.103403
-0.255034
-0.579315
0.030948
-0.111478
0.495935
-0.123777
-0.388334
0.0161763
-0.495935
0.355981
-0.355981
-0.220267
1.37687
1.27387
-2
0.617634
0.291187
0.853902
0.399414
0.0372906
-1.29061
-2.15231
2.54364
-1.24523
0.936003
-0.121505
-0.313208
-0.491704
0.02579
-0.0928981
0.413279
-0.103148
-0.323611
0.0134802
-0.413279
0.296651
-0.296651
-0.183556
1.14739
1.06156
-1.66667
0.616217
0.295515
0.846952
0.394692
0.0466132
-1.28826
-2.14497
2.52955
-1.23154
0.908728
-0.139606
-0.371381
-0.404094
0.020632
-0.0743185
0.330623
-0.0825184
-0.258889
0.0107842
-0.330623
0.237321
-0.237321
-0.146845
0.917912
0.849248
-1.33333
0.614801
0.299843
0.840003
0.389971
0.0559358
-1.28591
-2.13762
2.51546
-1.21784
0.881454
-0.157707
-0.429555
-0.316484
0.015474
-0.0557389
0.247967
-0.0618888
-0.194167
0.00808806
-0.247967
0.177991
-0.177991
-0.110134
0.688434
0.636936
-1
0.613384
0.304171
0.833053
0.385249
0.0652585
-1.28356
-2.13027
2.50137
-1.20415
0.85418
-0.175808
-0.487729
-0.228873
0.010316
-0.0371593
0.165312
-0.0412593
-0.129444
0.00539196
-0.165312
0.11866
-0.11866
-0.0734228
0.458957
0.424624
-0.666666
0.611968
0.3085
0.826103
0.380527
0.0745811
-1.28121
-2.12293
2.48728
-1.19046
0.826905
-0.193909
-0.545903
-0.141263
0.00515799
-0.0185796
0.0826558
-0.0206297
-0.0647219
0.00269586
-0.0826558
0.0593302
-0.0593302
-0.0367117
0.229479
0.212312
-0.333333
0.610551
0.312828
0.819154
0.375806
0.0839038
-1.27886
-2.11558
2.47319
-1.17677
0.799631
-0.21201
-0.604076
-0.0536525
-1.32357e-09
-1.38328e-08
-5.7199e-08
-1.355e-07
4.2431e-07
-2.31612e-07
2.47654e-08
4.47165e-08
-1.22832e-08
-7.06727e-07
1.23609e-06
-3.43042e-07
5.68989e-07
27.3039
17.3944
11.5131
17.3958
-100
26.4202
-37.7151
-46.2952
-50.7013
28.1058
26.3205
16.5286
11.3734
18.4202
-100
25.5313
-40.263
-47.5205
-45.1402
24.1061
25.0611
15.4771
11.1577
19.1568
-100
24.5076
-42.125
-48.0359
-39.7834
20.1435
23.4896
14.2254
10.8721
19.5959
-100
23.3486
-43.2757
-47.8227
-34.6438
16.2603
21.5636
12.7559
10.5232
19.7283
-93.7218
22.0536
-43.6881
-46.863
-29.7259
12.5081
19.2346
11.0473
10.1186
19.5449
-86.4236
20.6216
-43.3345
-45.1393
-25.0258
8.94761
16.4476
9.07444
9.66669
19.0368
-78.8487
19.0517
-42.1853
-42.6351
-20.5303
5.64914
13.1414
6.80835
9.17638
18.195
-70.9886
17.3426
-40.2095
-39.3343
-16.2166
2.69309
9.24839
4.21592
8.6574
17.0106
-62.8378
15.4928
-37.3744
-35.2224
-12.0507
0.170079
-5.8575
-5.13791
6.93552
11.2734
-39.6304
9.42512
-15.5013
-16.0874
-0.294145
-4.17408
3.50522
53.7555
3.50522
0
30.4828
314.568
30.4828
187.965
7.41612e-14
0
34.3656
401.277
5.23421
53.082
5.23421
0
30.9392
301.789
30.9392
181.681
0
0
36.6141
384.449
6.71806
52.382
6.71806
0
31.0028
288.103
31.0028
174.853
0
0
37.7997
366.651
7.99921
51.6822
7.99921
0
30.7008
273.441
30.7008
167.455
0
0
37.9895
347.719
9.12407
51.017
9.12407
0
30.0616
257.735
30.0616
159.467
0
0
37.2584
327.489
10.1429
50.4287
10.1429
0
29.1142
240.919
29.1142
150.871
0
0
35.6902
305.797
11.1094
49.9678
11.1094
0
27.8883
222.926
27.8883
141.654
0
0
33.3786
282.484
12.0806
49.693
12.0806
0
26.414
203.692
26.414
131.809
0
0
30.4293
257.398
13.1162
49.6721
13.1162
-5.71245e-17
24.7208
183.156
24.7208
121.332
0
0
26.9612
230.393
15.6663
51.4566
15.6663
24.4541
17.9717
119.094
17.9717
88.7452
0
0
15.5895
144.471
