1.62
0.6233
0.273874
0.8817
0.4183
0
-1.3
-2.1817
2.6
-1.3
1.0451
-0.0491
-0.0805127
-0.842146
0.046422
-0.167217
0.743902
-0.185666
-0.582501
0.0242646
-0.743902
0.533972
-0.533972
-0.3304
2.0653
1.91081
-3
0.621883
0.278202
0.87475
0.413578
0.00932264
-1.29765
-2.17435
2.58591
-1.28631
1.01783
-0.0672011
-0.138686
-0.754536
0.041264
-0.148637
0.661247
-0.165037
-0.517779
0.0215685
-0.661247
0.474641
-0.474641
-0.293689
1.83582
1.6985
-2.66667
0.620467
0.282531
0.867801
0.408857
0.0186453
-1.2953
-2.16701
2.57182
-1.27261
0.990551
-0.0853023
-0.19686
-0.666925
0.036106
-0.130057
0.578591
-0.144407
-0.453056
0.0188724
-0.578591
0.415311
-0.415311
-0.256978
1.60634
1.48618
-2.33333
0.61905
0.286859
0.860851
0.404135
0.0279679
-1.29295
-2.15966
2.55773
-1.25892
0.963277
-0.103403
-0.255034
-0.579315
0.030948
-0.111478
0.495935
-0.123777
-0.388334
0.0161763
-0.495935
0.355981
-0.355981
-0.220267
1.37687
1.27387
-2
0.617634
0.291187
0.853902
0.399414
0.0372906
-1.29061
-2.15231
2.54364
-1.24523
0.936003
-0.121505
-0.313208
-0.491704
0.02579
-0.0928981
0.413279
-0.103148
-0.323611
0.0134802
-0.413279
0.296651
-0.296651
-0.183556
1.14739
1.06156
-1.66667
0.616217
0.295515
0.846952
0.394692
0.0466132
-1.28826
-2.14497
2.52955
-1.23154
0.908728
-0.139606
-0.371381
-0.404094
0.020632
-0.0743185
0.330623
-0.0825184
-0.258889
0.0107842
-0.330623
0.237321
-0.237321
-0.146845
0.917912
0.849248
-1.33333
0.614801
0.299843
0.840003
0.389971
0.0559358
-1.28591
-2.13762
2.51546
-1.21784
0.881454
-0.157707
-0.429555
-0.316484
0.015474
-0.0557389
0.247967
-0.0618888
-0.194167
0.00808806
-0.247967
0.177991
-0.177991
-0.110134
0.688434
0.636936
-1
0.613384
0.304171
0.833053
0.385249
0.0652585
-1.28356
-2.13027
2.50137
-1.20415
0.85418
-0.175808
-0.487729
-0.228873
0.010316
-0.0371593
0.165312
-0.0412593
-0.129444
0.00539196
-0.165312
0.11866
-0.11866
-0.0734228
0.458957
0.424624
-0.666666
0.611968
0.3085
0.826103
0.380527
0.0745811
-1.28121
-2.12293
2.48728
-1.19046
0.826905
-0.193909
-0.545903
-0.141263
0.00515799
-0.0185796
0.0826558
-0.0206297
-0.0647219
0.00269586
-0.0826558
0.0593302
-0.0593302
-0.0367117
0.229479
0.212312
-0.333333
0.610551
0.312828
0.819154
0.375806
0.0839038
-1.27886
-2.11558
2.47319
-1.17677
0.799631
-0.21201
-0.604076
-0.0536525
-1.32357e-09
-1.38328e-08
-5.7199e-08
-1.355e-07
4.2431e-07
-2.31612e-07
2.47654e-08
4.47165e-08
-1.22832e-08
-7.06727e-07
1.23609e-06
-3.43042e-07
5.68989e-07
23.0383
14.7264
11.1278
16.485
-100
24.6102
-34.6055
-42.4426
-45.4582
25.8045
22.2604
13.9936
10.9957
17.4375
-100
23.8268
-36.973
-43.6343
-40.4901
22.1556
21.2374
13.0957
10.7952
18.1328
-100
22.9224
-38.7339
-44.1939
-35.7034
18.5267
19.9372
12.0201
10.5315
18.5627
-94.3616
21.8967
-39.8646
-44.104
-31.1104
14.9557
18.3221
10.7513
10.2109
18.7189
-88.1228
20.7491
-40.3405
-43.3479
-26.7159
11.4885
16.3492
9.27035
9.83998
18.5937
-81.6433
19.4791
-40.136
-41.9095
-22.5174
8.1791
13.9696
7.55512
9.42634
18.1791
-74.9139
18.0856
-39.2242
-39.7734
-18.5039
5.09046
11.1291
5.57991
8.97804
17.4675
-67.9277
16.5678
-37.5766
-36.9248
-14.6559
2.2944
7.7676
3.31544
8.50373
16.4509
-60.6797
14.9243
-35.1636
-33.3501
-10.944
-0.128035
-4.5178
-4.32631
7.07669
11.8019
-41.5031
9.93362
-17.6178
-17.8182
-1.25011
-3.94741
5.4912
54.0188
5.4912
0
29.5799
292.883
29.5799
177.133
0
0
32.4113
372.659
6.95711
53.3718
6.95711
0
29.95
281.684
29.95
171.614
0
0
34.4486
357.916
8.20209
52.6969
8.20209
0
29.9681
269.669
29.9681
165.605
4.28926e-14
0
35.5351
342.303
9.26431
52.018
9.26431
0
29.6589
256.777
29.6589
159.083
0
0
35.7297
325.674
10.1854
51.366
10.1854
0
29.0478
242.948
29.0478
152.03
0
0
35.0979
307.883
11.0103
50.7784
11.0103
0
28.1611
228.125
28.1611
144.432
0
0
33.7133
288.785
11.7872
50.3001
11.7872
0
27.0254
212.248
27.0254
136.276
0
0
31.6581
268.24
12.5668
49.9837
12.5668
0
25.6676
195.26
25.6676
127.557
0
0
29.0252
246.111
13.4025
49.8891
13.4025
2.0525
24.1143
177.109
24.1143
118.271
0
0
25.9191
222.269
15.4462
51.2499
15.4462
22.3231
18.5467
124.427
18.5467
91.4502
0
0
16.5171
151.665
