0.25
0.621133
0.285951
0.807682
0.451396
0.0469985
-1.29609
-2.10028
2.55702
-1.2597
1.03273
-0.372087
-0.281173
-0.512511
-0.453137
0.703751
0.407855
-0.198478
-0.56961
0.0167945
-0.712911
0.517647
-0.517086
-0.303006
1.89559
1.84459
-2.72094
0.620697
0.283398
0.819567
0.447933
0.0334662
-1.29794
-2.11779
2.56909
-1.27179
1.02314
-0.321743
-0.236871
-0.586222
-0.411675
0.586145
0.426494
-0.124671
-0.487163
-0.0664596
-0.630608
0.434819
-0.435472
-0.345186
1.81239
1.77268
-2.6536
0.621413
0.280492
0.833238
0.445009
0.0221717
-1.3
-2.13249
2.57931
-1.2816
1.01184
-0.273698
-0.192557
-0.657665
-0.369175
0.502732
0.394741
-0.105261
-0.406602
-0.0741687
-0.547387
0.367633
-0.353099
-0.406875
1.72959
1.69042
-2.57195
0.622404
0.27727
0.845732
0.442085
0.0131818
-1.3
-2.14546
2.5891
-1.28917
0.998645
-0.227887
-0.147926
-0.727279
-0.293647
0.509889
0.353586
-0.134201
-0.323637
-1.52856e-15
-0.466616
0.295652
-0.272513
-0.474874
1.64922
1.6218
-2.50611
0.622916
0.275412
0.855834
0.438358
0.00648362
-1.3
-2.15613
2.59511
-1.2949
0.984462
-0.184381
-0.104931
-0.793195
-0.208442
0.501645
0.335173
-0.151075
-0.241134
0.0282042
-0.384285
0.215712
-0.206299
-0.510608
1.56621
1.54781
-2.43562
0.623232
0.274233
0.864717
0.433598
0.00208607
-1.29996
-2.16461
2.5988
-1.29872
0.970007
-0.143179
-0.0630717
-0.856282
-0.159158
0.383603
0.297833
-0.189571
-0.158312
-0.00851956
-0.305372
0.132656
-0.123527
-0.520385
1.48327
1.50669
-2.40963
0.623317
0.27383
0.871716
0.428344
0
-1.3
-2.17178
2.60019
-1.3
0.954874
-0.104241
-0.0233895
-0.914865
-0.107021
0.265214
0.251993
-0.175979
-0.0750985
-0.00136073
-0.22532
0.0501226
-0.0461954
-0.544757
1.40175
1.42856
-2.33435
0.623305
0.273861
0.876562
0.423456
0
-1.3
-2.17657
2.60003
-1.3
0.939742
-0.0675878
0.0162927
-0.978602
-0.0609858
0.124079
0.18694
-0.124878
0.00379787
0.0105635
-0.160707
-0.0142786
-8.23438e-12
-0.609244
1.31901
1.39206
-2.29452
0.623419
0.273791
0.880213
0.419987
0.000105496
-1.29971
-2.17986
2.60012
-1.3
0.922819
-0.0332016
0.0529692
-1.01789
-0.0150383
0.00365859
0.131431
-0.0824347
0.0186316
-0.00562767
-0.118567
0.00300869
0.00200967
-0.692337
1.2379
1.32035
-2.22054
0.623744
0.27312
0.883864
0.417689
0
-1.2998
-2.1817
2.6013
-1.3
0.903587
0
0.0896456
-1.07912
0.0124798
-0.0323025
0.119527
-0.0532371
-0.00379787
-0.00292007
-0.106392
0.0425367
-0.00516635
-0.733652
1.19526
1.28346
-2.20496
-27.6524
-19.268
-5.54186
4.67142
-4.41372
4.69141
4.45869
0.0534851
11.7119
18.6573
-19.4169
-4.67248
17.8404
25.9495
-21.5167
21.5078
8.56626
1.37891
2.1321
9.01598
9.67931
2.93656
0.291563
25.4197
-52.0438
30.3415
4.237
-1.15976
3.22501
10.7613
-12.6853
-3.17346
17.8545
64.8042
-96.8877
46.2899
19.9047
4.97359
3.47535
7.3539
-18.7489
-5.98286
10.7848
6.10989
-13.4419
8.46517
6.77093
0.723919
7.23806
23.4744
-5.94259
-5.38692
-1.91372
21.6563
-36.7193
16.3972
6.5902
0.755951
-0.282825
8.70801
-13.9485
-3.09215
13.0252
4.94035
-14.4667
8.24421
5.03983
-0.295137
3.68063
23.8555
4.8666
1.44293
0.0341083
15.8316
-25.8998
14.5394
-1.4468
-3.24667
-4.48736
6.05744
-20.7056
-6.78543
14.6051
-6.25377
-11.9612
1.86334
6.49235
0.0511691
5.26005
39.6834
1.23869
-1.13951
6.31713
0.571516
-42.7034
13.936
17.294
5.92423
-28.0207
21.7871
5.47598
3.66398
-1.12506
64.5567
-12.4301
33.9553
25.5571
9.66658
0
1.49536e-14
45.4121
136.043
23.3927
112.47
15.5448
0.0724614
33.2243
147.584
20.8548
22.7848
0
0
23.4946
93.73
4.15566
3.87291
-3.0993
0.0853676
15.1413
255.885
-0.890319
28.9775
0
0
28.68
108.186
16.9825
114.951
22.9501
-2.50879e-13
96.0957
368.074
89.1426
175.199
0
0
21.9206
81.0451
48.657
73.4126
-28.527
-6.77626e-21
0.220428
67.6442
22.7683
20.3528
0
0
51.7015
166.261
7.02754
0.962886
0.480201
21.7972
43.7883
133.287
20.9395
64.8503
0
0
20.4269
81.7676
38.5964
80.816
-10.7258
0.0603617
8.67963
68.4543
12.787
20.8283
2.00701e-14
0
49.6687
166.065
3.69401
3.3731
-3.67725
0.182982
35.6184
113.744
5.92226
33.3848
0
0
11.203
75.8862
22.2861
95.9254
8.94515
0.347469
-12.1158
39.1014
12.1158
27.8444
0
0
75.4213
248.701
-9.29328
50.6676
12.762
1.55911
16.045
161.955
-35.956
40.754
0
0
18.8244
300.769
