3.5
0.6233
0.273874
0.8817
0.4183
0
-1.3
-2.1817
2.6
-1.3
1.0451
-0.0491
-0.0805127
-0.842146
0.046422
-0.167217
0.743902
-0.185666
-0.582501
0.0242646
-0.743902
0.533972
-0.533972
-0.3304
2.0653
1.91081
-3
0.622335
0.277063
0.888691
0.406183
0
-1.29487
-2.1817
2.602
-1.3
1.0451
-0.0491
-0.0881025
-0.838236
0.0467149
-0.165257
0.740526
-0.185609
-0.581376
0.0264584
-0.743902
0.533972
-0.533972
-0.3304
2.0653
1.90886
-3
0.62137
0.280252
0.895682
0.394067
0
-1.28975
-2.1817
2.604
-1.3
1.0451
-0.0491
-0.0956923
-0.834326
0.0470078
-0.163296
0.73715
-0.185552
-0.58025
0.0286523
-0.743902
0.533972
-0.533972
-0.3304
2.0653
1.9069
-3
0.620405
0.28344
0.902673
0.38195
0
-1.28462
-2.1817
2.606
-1.3
1.0451
-0.0491
-0.103282
-0.830417
0.0473008
-0.161336
0.733774
-0.185495
-0.579125
0.0308461
-0.743902
0.533972
-0.533972
-0.3304
2.0653
1.90495
-3
0.61944
0.286629
0.909664
0.369833
0
-1.2795
-2.1817
2.608
-1.3
1.0451
-0.0491
-0.110872
-0.826507
0.0475937
-0.159376
0.730398
-0.185439
-0.578
0.0330399
-0.743902
0.533972
-0.533972
-0.3304
2.0653
1.903
-3
0.618475
0.289818
0.916655
0.357716
0
-1.27437
-2.1817
2.61
-1.3
1.0451
-0.0491
-0.118462
-0.822597
0.0478867
-0.157416
0.727022
-0.185382
-0.576874
0.0352337
-0.743902
0.533972
-0.533972
-0.3304
2.0653
1.90105
-3
0.61751
0.293006
0.923646
0.3456
0
-1.26925
-2.1817
2.612
-1.3
1.0451
-0.0491
-0.126051
-0.818687
0.0481796
-0.155456
0.723646
-0.185325
-0.575749
0.0374275
-0.743902
0.533972
-0.533972
-0.3304
2.0653
1.89909
-3
0.616545
0.296195
0.930637
0.333483
0
-1.26412
-2.1817
2.614
-1.3
1.0451
-0.0491
-0.133641
-0.814777
0.0484725
-0.153496
0.72027
-0.185268
-0.574623
0.0396213
-0.743902
0.533972
-0.533972
-0.3304
2.0653
1.89714
-3
0.61558
0.299383
0.937628
0.321366
0
-1.25899
-2.1817
2.616
-1.3
1.0451
-0.0491
-0.141231
-0.810867
0.0487655
-0.151536
0.716894
-0.185211
-0.573498
0.0418151
-0.743902
0.533972
-0.533972
-0.3304
2.0653
1.89519
-3
0.614615
0.302572
0.944619
0.309249
0
-1.25387
-2.1817
2.618
-1.3
1.0451
-0.0491
-0.148821
-0.806958
0.0490584
-0.149576
0.713518
-0.185154
-0.572373
0.0440089
-0.743902
0.533972
-0.533972
-0.3304
2.0653
1.89323
-3
1.16105
1.04982
9.19129
11.84
-67.8375
15.4278
-19.8973
-23.2833
-18.9937
14.5786
1.28648
1.15883
9.26694
11.1167
-67.9359
15.1224
-19.5601
-23.0438
-18.9289
14.5034
1.41139
1.26726
9.34174
10.3992
-68.0229
14.8173
-19.2211
-22.8026
-18.8619
14.4283
1.53579
1.37512
9.41569
9.68759
-68.0984
14.5125
-18.8803
-22.5599
-18.7927
14.3534
1.65969
1.4824
9.48877
8.98193
-68.1625
14.2079
-18.5378
-22.3157
-18.7212
14.2786
1.78311
1.5891
9.56096
8.28237
-68.2153
13.9037
-18.1937
-22.0701
-18.6475
14.204
1.90603
1.6952
9.63223
7.58903
-68.2567
13.6
-17.8481
-21.8231
-18.5716
14.1295
2.02847
1.8007
9.70259
6.90201
-68.2869
13.2968
-17.501
-21.5747
-18.4936
14.0552
2.15044
1.9056
9.772
6.22144
-68.3058
12.9941
-17.1525
-21.325
-18.4135
13.981
-15.0176
-9.35466
7.60266
4.14878
-31.3939
6.4527
-8.15024
-6.44594
3.27485
5.19515
15.6801
55.5208
15.6801
6.73131
25.0094
182.67
25.0094
122.187
0
0
22.4028
227.098
16.1237
55.6252
16.1237
6.9929
0
0
0
0
0
0
22.8954
226.875
16.5637
55.7327
16.5637
7.25953
0
0
0
0
0
0
23.3875
226.639
16.9998
55.843
16.9998
7.53111
0
0
0
0
0
-1.37574e-14
23.8789
226.389
17.4322
55.9561
17.4322
7.80755
0
0
0
0
0
0
24.3695
226.126
17.8606
56.072
17.8606
8.08875
0
3.00702e-14
0
0
0
0
24.8593
225.85
18.2849
56.1905
18.2849
8.37463
0
0
0
0
0
0
25.3479
225.56
18.7052
56.3116
18.7052
8.66509
0
0
0
0
0
0
25.8354
225.258
19.1212
56.4353
19.1212
8.96002
0
0
0
0
0
0
26.3216
224.942
25.0502
56.2941
25.0502
42.3423
0
0
0
0
0
8.55317e-15
14.9995
101.498
