0.25
0.624259
0.303214
0.818007
0.264085
0.0411114
-1.28863
-2.06831
2.50766
-1.25743
1.0064
-0.237926
-0.315589
-0.471761
-0.0658895
-0.333706
0.842916
-0.112315
-0.55048
0.0379647
-0.936635
0.546933
-0.516048
-0.300153
1.35721
1.8694
-2.94779
0.624962
0.298915
0.841421
0.25981
0.028129
-1.28568
-2.09204
2.52094
-1.27177
0.998064
-0.202534
-0.265776
-0.553644
0.00328531
-0.235414
0.855419
-0.153916
-0.467365
0.119878
-0.854226
0.463884
-0.433708
-0.300153
1.27411
1.79327
-2.8766
0.626171
0.295699
0.863181
0.253226
0.0174585
-1.28235
-2.1135
2.53156
-1.2817
0.987437
-0.169457
-0.219176
-0.63355
0.0574616
-0.185808
0.783345
-0.236997
-0.38414
0.116339
-0.772547
0.382482
-0.357523
-0.382567
1.19078
1.71092
-2.79326
0.627767
0.292813
0.882669
0.24445
0.0090794
-1.27912
-2.13269
2.54127
-1.29057
0.974508
-0.138661
-0.17165
-0.71114
0.117584
-0.137568
0.701568
-0.315961
-0.301647
0.0586346
-0.691089
0.349618
-0.275602
-0.465445
1.10868
1.72793
-2.73082
0.629414
0.289125
0.900392
0.233383
0.00300608
-1.27749
-2.1496
2.55098
-1.29527
0.959291
-0.110178
-0.123869
-0.786705
0.185622
-0.168761
0.638059
-0.398419
-0.21864
0.00204723
-0.608693
0.407453
-0.194507
-0.547822
1.02539
1.72014
-2.65048
0.631808
0.284437
0.91638
0.220005
0
-1.27743
-2.16422
2.56304
-1.29838
0.944074
-0.0840056
-0.0760872
-0.858469
0.224107
-0.282335
0.575553
-0.4816
-0.136632
-0.0799654
-0.526304
0.490314
-0.112001
-0.630637
0.942189
1.72014
-2.58351
0.635039
0.278837
0.931823
0.204374
0
-1.27965
-2.17653
2.57652
-1.3
0.924242
-0.060128
-0.0273382
-0.928009
0.243724
-0.330291
0.555951
-0.562721
-0.11042
-0.161554
-0.443188
0.485505
-0.0584477
-0.713928
0.859593
1.78329
-2.50345
0.640081
0.272056
0.947266
0.186449
0.000483054
-1.28414
-2.1817
2.58945
-1.3
0.902986
-0.0362504
0.0242587
-0.995617
0.282129
-0.317469
0.555951
-0.645274
-0.119237
-0.244211
-0.360073
0.465308
7.99361e-15
-0.79665
0.776327
1.85749
-2.43389
0.646285
0.264553
0.963302
0.167169
0.00201662
-1.29092
-2.1817
2.60237
-1.3
0.880857
-0.0169847
0.0773052
-1.06104
0.321902
-0.270107
0.540263
-0.724121
-0.0725983
-0.326701
-0.277828
0.51157
0.0208579
-0.8779
0.693565
1.92458
-2.35529
0.653058
0.255914
0.978309
0.146929
0
-1.3
-2.1817
2.618
-1.3
0.85572
0
0.132582
-1.12556
0.331349
-0.348634
0.539573
-0.728659
-0.0725983
-0.405784
-0.197521
0.56254
0.0676232
-0.960695
0.61145
1.98995
-2.32276
-39.113
-18.5228
16.1395
70.5186
-78.3932
52.791
32.3901
11.5426
-6.37724
3.2434
14.8205
4.16562
-0.953418
21.3377
-100
9.76578
11.4731
1.32505
-19.4296
-4.20474
20.4889
5.48495
-1.33142
28.2043
-100
49.4372
13.2544
1.98652
20.8816
28.3641
13.1106
3.19784
-1.34343
27.789
-100
16.2074
11.208
1.07511
-11.2605
2.77301
8.11141
1.81015
-0.990141
-5.57941
-56.4099
-11.5951
4.88919
-0.779923
-15.3429
8.04424
1.97628
-0.177132
-0.858561
-1.53357
-24.6187
-4.75284
0.158189
-2.68644
-18.1841
6.00548
24.7624
6.70972
-1.04005
14.969
-100
26.9903
14.8717
3.59807
-2.38989
16.6454
11.1675
2.08718
-1.4029
17.2658
-81.2
9.90922
9.55164
0.922663
-14.0465
7.98483
32.3548
9.96655
-0.921996
-5.09441
-100
11.5902
18.5715
4.61698
-48.8311
17.9636
0.999253
-0.268644
-0.348267
4.29468
3.59557
2.12545
-6.87896
-4.39505
1.10609
0.755551
-44.9889
147.156
-6.53456
0
240.5
391.235
-62.1658
118.314
0
0
14.9074
226.08
0
-1.4719e-13
-1.07663e-16
6.5885e-15
123.154
171.544
20.7905
240.222
0
0
1.12347
184.993
0
0
-9.42955e-18
6.59797e-15
77.4456
458.152
-102.493
44.3358
0
0
70.7369
207.821
0
-2.31036e-21
-2.44484e-13
-8.96621e-15
108.493
206.028
43.4151
228.12
0
0
3.63911
173.933
0
-4.38457e-16
-2.66449e-16
0
139.701
2.84217e-13
-74.3059
186.84
0
0
19.1674
194.063
0
3.85487e-14
4.74951e-14
0
86.2016
0
-52.9203
95.0774
0
0
2.58501
180.081
0
-3.31608e-14
-3.13825e-16
0
89.1463
313.801
-83.6871
117.929
0
0
19.6251
189.871
0
1.51266e-13
1.53757e-13
0
139.291
147.592
-21.2613
189.661
0
0
4.07443
171.877
0
3.00619e-14
-3.6677e-14
0
95.7688
230.49
-96.7543
159.929
0
0
26.9499
391.243
0
-1.67312e-14
9.13172e-16
0
72.5412
0.599502
-72.7533
0
0
0
1.93881
-3.48978e-15
