3.5
0.6233
0.273874
0.8817
0.4183
0
-1.3
-2.1817
2.6
-1.3
1.0451
-0.0491
-0.0805127
-0.842146
0.046422
-0.167217
0.743902
-0.185666
-0.582501
0.0242646
-0.743902
0.533972
-0.533972
-0.3304
2.0653
1.91081
-3
0.621883
0.278202
0.87475
0.413578
0.00932264
-1.29765
-2.17435
2.58591
-1.28631
1.01783
-0.0672011
-0.138686
-0.754536
0.041264
-0.148637
0.661247
-0.165037
-0.517779
0.0215685
-0.661247
0.474641
-0.474641
-0.293689
1.83582
1.6985
-2.66667
0.620467
0.282531
0.867801
0.408857
0.0186453
-1.2953
-2.16701
2.57182
-1.27261
0.990551
-0.0853023
-0.19686
-0.666925
0.036106
-0.130057
0.578591
-0.144407
-0.453056
0.0188724
-0.578591
0.415311
-0.415311
-0.256978
1.60634
1.48618
-2.33333
0.61905
0.286859
0.860851
0.404135
0.0279679
-1.29295
-2.15966
2.55773
-1.25892
0.963277
-0.103403
-0.255034
-0.579315
0.030948
-0.111478
0.495935
-0.123777
-0.388334
0.0161763
-0.495935
0.355981
-0.355981
-0.220267
1.37687
1.27387
-2
0.617634
0.291187
0.853902
0.399414
0.0372906
-1.29061
-2.15231
2.54364
-1.24523
0.936003
-0.121505
-0.313208
-0.491704
0.02579
-0.0928981
0.413279
-0.103148
-0.323611
0.0134802
-0.413279
0.296651
-0.296651
-0.183556
1.14739
1.06156
-1.66667
0.616217
0.295515
0.846952
0.394692
0.0466132
-1.28826
-2.14497
2.52955
-1.23154
0.908728
-0.139606
-0.371381
-0.404094
0.020632
-0.0743185
0.330623
-0.0825184
-0.258889
0.0107842
-0.330623
0.237321
-0.237321
-0.146845
0.917912
0.849248
-1.33333
0.614801
0.299843
0.840003
0.389971
0.0559358
-1.28591
-2.13762
2.51546
-1.21784
0.881454
-0.157707
-0.429555
-0.316484
0.015474
-0.0557389
0.247967
-0.0618888
-0.194167
0.00808806
-0.247967
0.177991
-0.177991
-0.110134
0.688434
0.636936
-1
0.613384
0.304171
0.833053
0.385249
0.0652585
-1.28356
-2.13027
2.50137
-1.20415
0.85418
-0.175808
-0.487729
-0.228873
0.010316
-0.0371593
0.165312
-0.0412593
-0.129444
0.00539196
-0.165312
0.11866
-0.11866
-0.0734228
0.458957
0.424624
-0.666666
0.611968
0.3085
0.826103
0.380527
0.0745811
-1.28121
-2.12293
2.48728
-1.19046
0.826905
-0.193909
-0.545903
-0.141263
0.00515799
-0.0185796
0.0826558
-0.0206297
-0.0647219
0.00269586
-0.0826558
0.0593302
-0.0593302
-0.0367117
0.229479
0.212312
-0.333333
0.610551
0.312828
0.819154
0.375806
0.0839038
-1.27886
-2.11558
2.47319
-1.17677
0.799631
-0.21201
-0.604076
-0.0536525
-1.32357e-09
-1.38328e-08
-5.7199e-08
-1.355e-07
4.2431e-07
-2.31612e-07
2.47654e-08
4.47165e-08
-1.22832e-08
-7.06727e-07
1.23609e-06
-3.43042e-07
5.68989e-07
-1.39653
-0.592714
8.91807
11.0837
-62.0456
14.2247
-18.52
-20.9551
-15.5979
13.322
-0.831282
-0.453553
8.85647
11.6898
-60.9823
14.1289
-19.978
-22.1214
-14.2276
11.7567
-0.313552
-0.348579
8.77111
12.2301
-59.8431
13.9974
-21.3183
-23.1341
-12.8992
10.0997
0.15023
-0.2795
8.6638
12.7036
-58.6263
13.8309
-22.5298
-23.9843
-11.6225
8.3586
0.552584
-0.248678
8.53647
13.1094
-57.3304
13.63
-23.6017
-24.6632
-10.4056
6.54371
0.884936
-0.259164
8.39115
13.4466
-55.9544
13.3954
-24.5229
-25.1625
-9.25475
4.66796
1.13759
-0.314734
8.22996
13.7142
-54.4972
13.1274
-25.2823
-25.474
-8.1743
2.74689
1.29969
-0.419924
8.05508
13.9112
-52.9586
12.8264
-25.8684
-25.5902
-7.16647
0.798675
1.35922
-0.580064
7.86879
14.0366
-51.3382
12.4928
-26.27
-25.5039
-6.23124
-1.15589
0.85895
-1.0705
7.62356
13.9123
-49.0154
11.9553
-25.712
-24.6109
-5.04246
-3.19256
16.958
55.4282
16.958
11.8999
24.4972
168.022
24.4972
114.669
0
0
21.0933
207.831
16.8849
54.9546
16.8849
11.7893
24.453
166.808
24.453
114.027
1.91195e-14
0
22.0575
206.271
16.7318
54.4396
16.7318
11.7061
24.303
165.352
24.303
113.231
0
1.34542e-14
22.7448
204.483
16.5097
53.8887
16.5097
11.6614
24.0551
163.644
24.0551
112.276
0
0
23.1613
202.434
16.2304
53.3089
16.2304
11.6678
23.7178
161.674
23.7178
111.161
0
0
23.3145
200.094
15.906
52.7083
15.906
11.7396
23.299
159.433
23.299
109.885
0
0
23.2132
197.429
15.5489
52.0968
15.5489
11.8928
22.8069
156.91
22.8069
108.446
0
0
22.8677
194.406
15.1719
51.4855
15.1719
12.1451
22.2493
154.096
22.2493
106.846
0
0
22.2901
190.994
14.7881
50.8874
14.7881
12.5159
21.6336
150.983
21.6336
105.084
0
0
21.4948
187.162
14.4691
50.3786
14.4691
13.7256
20.7626
145.788
20.7626
102.259
0
0
20.1821
180.485
