3.5
0.6233
0.273874
0.8817
0.4183
0
-1.3
-2.1817
2.6
-1.3
1.0451
-0.0491
-0.0805127
-0.842146
0.046422
-0.167217
0.743902
-0.185666
-0.582501
0.0242646
-0.743902
0.533972
-0.533972
-0.3304
2.0653
1.91081
-3
0.623453
0.274411
0.883416
0.420662
0.000904806
-1.3
-2.1817
2.59828
-1.3
1.0451
-0.0491
-0.0810316
-0.842141
0.0464141
-0.16718
0.7438
-0.185666
-0.582501
0.0242646
-0.743786
0.533853
-0.533867
-0.3304
2.0653
1.9109
-3
0.623607
0.274947
0.885133
0.423024
0.00180961
-1.3
-2.1817
2.59657
-1.3
1.0451
-0.0491
-0.0815504
-0.842136
0.0464062
-0.167142
0.743697
-0.185666
-0.582501
0.0242646
-0.743669
0.533735
-0.533762
-0.3304
2.0653
1.91099
-3
0.62376
0.275483
0.886849
0.425386
0.00271442
-1.3
-2.1817
2.59485
-1.3
1.0451
-0.0491
-0.0820693
-0.842131
0.0463984
-0.167105
0.743594
-0.185666
-0.582501
0.0242646
-0.743553
0.533616
-0.533657
-0.3304
2.0653
1.91108
-3
0.623913
0.276019
0.888565
0.427748
0.00361922
-1.3
-2.1817
2.59313
-1.3
1.0451
-0.0491
-0.0825882
-0.842126
0.0463905
-0.167068
0.743491
-0.185666
-0.582501
0.0242646
-0.743436
0.533498
-0.533552
-0.3304
2.0653
1.91117
-3
0.624067
0.276556
0.890281
0.43011
0.00452403
-1.3
-2.1817
2.59142
-1.3
1.0451
-0.0491
-0.083107
-0.842121
0.0463827
-0.167031
0.743388
-0.185666
-0.582501
0.0242646
-0.74332
0.533379
-0.533447
-0.3304
2.0653
1.91126
-3
0.62422
0.277092
0.891998
0.432472
0.00542883
-1.3
-2.1817
2.5897
-1.3
1.0451
-0.0491
-0.0836259
-0.842116
0.0463748
-0.166994
0.743285
-0.185666
-0.582501
0.0242646
-0.743203
0.533261
-0.533343
-0.3304
2.0653
1.91135
-3
0.624373
0.277628
0.893714
0.434833
0.00633364
-1.3
-2.1817
2.58799
-1.3
1.0451
-0.0491
-0.0841447
-0.842111
0.0463669
-0.166957
0.743182
-0.185666
-0.582501
0.0242646
-0.743087
0.533142
-0.533238
-0.3304
2.0653
1.91144
-3
0.624527
0.278165
0.89543
0.437195
0.00723845
-1.3
-2.1817
2.58627
-1.3
1.0451
-0.0491
-0.0846636
-0.842106
0.0463591
-0.16692
0.743079
-0.185666
-0.582501
0.0242646
-0.74297
0.533024
-0.533133
-0.3304
2.0653
1.91153
-3
0.62468
0.278701
0.897147
0.439557
0.00814325
-1.3
-2.1817
2.58455
-1.3
1.0451
-0.0491
-0.0851825
-0.842101
0.0463512
-0.166883
0.742976
-0.185666
-0.582501
0.0242646
-0.742853
0.532905
-0.533028
-0.3304
2.0653
1.91162
-3
-1.46102
-0.635848
8.91974
11.0951
-61.9548
14.201
-18.3494
-20.8673
-15.5027
13.2359
-1.52198
-0.725044
8.82583
11.2069
-61.9184
14.2415
-18.3563
-20.8683
-15.4942
13.2468
-1.58208
-0.813485
8.73184
11.3189
-61.8811
14.2819
-18.3632
-20.8692
-15.4853
13.2578
-1.64131
-0.901167
8.63777
11.4311
-61.8431
14.3223
-18.3701
-20.8701
-15.4761
13.2688
-1.69968
-0.988088
8.54363
11.5434
-61.8043
14.3626
-18.377
-20.871
-15.4665
13.2797
-1.75718
-1.07425
8.44942
11.6559
-61.7647
14.4028
-18.3838
-20.8717
-15.4566
13.2908
-1.81381
-1.15964
8.35514
11.7686
-61.7243
14.4429
-18.3905
-20.8725
-15.4463
13.3018
-1.86956
-1.24426
8.2608
11.8814
-61.6831
14.4829
-18.3972
-20.8731
-15.4357
13.3129
-1.92445
-1.32812
8.16639
11.9944
-61.6412
14.5229
-18.4039
-20.8737
-15.4247
13.324
-15.2532
-9.63646
7.1556
8.46016
-34.5778
8.70138
-11.0035
-9.57872
0.497995
7.03639
16.9939
55.5159
16.9939
12.1041
24.4898
167.779
24.4898
114.583
0
0
21.083
207.5
0
0
0
0
24.7105
167.823
24.7105
114.675
0
0
21.3374
207.549
0
0
0
0
24.9314
167.866
24.9314
114.766
0
0
21.5922
207.595
0
0
0
0
25.1524
167.907
25.1524
114.855
0
0
21.8472
207.64
0
0
0
0
25.3735
167.946
25.3735
114.944
0
0
22.1024
207.682
0
0
0
0
25.5948
167.983
25.5948
115.031
0
0
22.3579
207.723
0
0
0
0
25.8161
168.019
25.8161
115.118
0
0
22.6137
207.761
0
0
0
0
26.0374
168.054
26.0374
115.203
0
0
22.8697
207.797
0
0
0
0
26.2589
168.086
26.2589
115.288
2.17243e-14
0
23.1258
207.831
0
0
0
0
22.5703
99.5881
22.5703
80.5026
0
8.48041e-15
15.8598
117.544
