3.5
0.6233
0.273874
0.8817
0.4183
0
-1.3
-2.1817
2.6
-1.3
1.0451
-0.0491
-0.0805127
-0.842146
0.046422
-0.167217
0.743902
-0.185666
-0.582501
0.0242646
-0.743902
0.533972
-0.533972
-0.3304
2.0653
1.91081
-3
0.622335
0.277063
0.888691
0.406183
0
-1.29487
-2.1817
2.602
-1.3
1.0451
-0.0491
-0.0881025
-0.838236
0.0467149
-0.165257
0.740526
-0.185609
-0.581376
0.0264584
-0.743902
0.533972
-0.533972
-0.3304
2.0653
1.90886
-3
0.62137
0.280252
0.895682
0.394067
0
-1.28975
-2.1817
2.604
-1.3
1.0451
-0.0491
-0.0956923
-0.834326
0.0470078
-0.163296
0.73715
-0.185552
-0.58025
0.0286523
-0.743902
0.533972
-0.533972
-0.3304
2.0653
1.9069
-3
0.620405
0.28344
0.902673
0.38195
0
-1.28462
-2.1817
2.606
-1.3
1.0451
-0.0491
-0.103282
-0.830417
0.0473008
-0.161336
0.733774
-0.185495
-0.579125
0.0308461
-0.743902
0.533972
-0.533972
-0.3304
2.0653
1.90495
-3
0.61944
0.286629
0.909664
0.369833
0
-1.2795
-2.1817
2.608
-1.3
1.0451
-0.0491
-0.110872
-0.826507
0.0475937
-0.159376
0.730398
-0.185439
-0.578
0.0330399
-0.743902
0.533972
-0.533972
-0.3304
2.0653
1.903
-3
0.618475
0.289818
0.916655
0.357716
0
-1.27437
-2.1817
2.61
-1.3
1.0451
-0.0491
-0.118462
-0.822597
0.0478867
-0.157416
0.727022
-0.185382
-0.576874
0.0352337
-0.743902
0.533972
-0.533972
-0.3304
2.0653
1.90105
-3
0.61751
0.293006
0.923646
0.3456
0
-1.26925
-2.1817
2.612
-1.3
1.0451
-0.0491
-0.126051
-0.818687
0.0481796
-0.155456
0.723646
-0.185325
-0.575749
0.0374275
-0.743902
0.533972
-0.533972
-0.3304
2.0653
1.89909
-3
0.616545
0.296195
0.930637
0.333483
0
-1.26412
-2.1817
2.614
-1.3
1.0451
-0.0491
-0.133641
-0.814777
0.0484725
-0.153496
0.72027
-0.185268
-0.574623
0.0396213
-0.743902
0.533972
-0.533972
-0.3304
2.0653
1.89714
-3
0.61558
0.299383
0.937628
0.321366
0
-1.25899
-2.1817
2.616
-1.3
1.0451
-0.0491
-0.141231
-0.810867
0.0487655
-0.151536
0.716894
-0.185211
-0.573498
0.0418151
-0.743902
0.533972
-0.533972
-0.3304
2.0653
1.89519
-3
0.614615
0.302572
0.944619
0.309249
0
-1.25387
-2.1817
2.618
-1.3
1.0451
-0.0491
-0.148821
-0.806958
0.0490584
-0.149576
0.713518
-0.185154
-0.572373
0.0440089
-0.743902
0.533972
-0.533972
-0.3304
2.0653
1.89323
-3
-2.02272
-0.97162
8.87729
11.0138
-60.9985
14.0043
-18.0837
-20.4727
-14.9557
13.0236
-1.87197
-0.855289
8.94324
10.359
-61.1357
13.7377
-17.7807
-20.2617
-14.9198
12.9519
-1.72194
-0.739503
9.00859
9.70846
-61.2629
13.471
-17.4757
-20.0491
-14.8817
12.8804
-1.57261
-0.624268
9.07332
9.0624
-61.38
13.2041
-17.1688
-19.8349
-14.8415
12.809
-1.42399
-0.509587
9.13741
8.42093
-61.487
12.9372
-16.8601
-19.6191
-14.7992
12.7378
-1.27606
-0.395468
9.20085
7.78415
-61.5841
12.6704
-16.5497
-19.4017
-14.7549
12.6668
-1.12881
-0.281914
9.26362
7.15217
-61.6711
12.4035
-16.2375
-19.1829
-14.7086
12.5959
-0.982256
-0.168933
9.32571
6.5251
-61.7481
12.1369
-15.9236
-18.9627
-14.6603
12.5252
-0.836377
-0.0565298
9.3871
5.90304
-61.8152
11.8703
-15.6082
-18.7411
-14.6099
12.4546
-12.0498
-7.39474
8.00185
4.41094
-37.8699
7.5487
-9.66619
-9.00867
-0.510441
6.72222
17.2192
55.5537
17.2192
12.9879
24.3574
165.427
24.3574
113.442
0
0
20.8419
204.375
17.5935
55.6442
17.5935
13.191
0
0
0
0
0
0
21.2771
204.282
17.9652
55.7376
17.9652
13.3988
0
0
0
0
0
0
21.7126
204.177
18.3343
55.834
18.3343
13.6114
0
0
0
0
0
0
22.1482
204.061
18.7006
55.9332
18.7006
13.8287
0
0
0
0
0
0
22.5839
203.934
19.0642
56.0351
19.0642
14.0505
0
0
0
0
1.77851e-14
0
23.0196
203.795
19.4248
56.1398
19.4248
14.2769
0
0
0
0
2.03455e-14
0
23.4552
203.646
19.7824
56.2472
19.7824
14.5077
0
0
0
-1.25673e-14
0
0
23.8904
203.486
20.1371
56.3572
20.1371
14.7429
0
0
0
0
0
1.35042e-14
24.3254
203.314
24.1124
56.406
24.1124
36.6116
0
0
0
0
0
-8.55317e-15
17.0724
123.103
