3.5
0.6233
0.273874
0.8817
0.4183
0
-1.3
-2.1817
2.6
-1.3
1.0451
-0.0491
-0.0805127
-0.842146
0.046422
-0.167217
0.743902
-0.185666
-0.582501
0.0242646
-0.743902
0.533972
-0.533972
-0.3304
2.0653
1.91081
-3
0.623453
0.274411
0.883416
0.420662
0.000904806
-1.3
-2.1817
2.59828
-1.3
1.0451
-0.0491
-0.0810316
-0.842141
0.0464141
-0.16718
0.7438
-0.185666
-0.582501
0.0242646
-0.743786
0.533853
-0.533867
-0.3304
2.0653
1.9109
-3
0.623607
0.274947
0.885133
0.423024
0.00180961
-1.3
-2.1817
2.59657
-1.3
1.0451
-0.0491
-0.0815504
-0.842136
0.0464062
-0.167142
0.743697
-0.185666
-0.582501
0.0242646
-0.743669
0.533735
-0.533762
-0.3304
2.0653
1.91099
-3
0.62376
0.275483
0.886849
0.425386
0.00271442
-1.3
-2.1817
2.59485
-1.3
1.0451
-0.0491
-0.0820693
-0.842131
0.0463984
-0.167105
0.743594
-0.185666
-0.582501
0.0242646
-0.743553
0.533616
-0.533657
-0.3304
2.0653
1.91108
-3
0.623913
0.276019
0.888565
0.427748
0.00361922
-1.3
-2.1817
2.59313
-1.3
1.0451
-0.0491
-0.0825882
-0.842126
0.0463905
-0.167068
0.743491
-0.185666
-0.582501
0.0242646
-0.743436
0.533498
-0.533552
-0.3304
2.0653
1.91117
-3
0.624067
0.276556
0.890281
0.43011
0.00452403
-1.3
-2.1817
2.59142
-1.3
1.0451
-0.0491
-0.083107
-0.842121
0.0463827
-0.167031
0.743388
-0.185666
-0.582501
0.0242646
-0.74332
0.533379
-0.533447
-0.3304
2.0653
1.91126
-3
0.62422
0.277092
0.891998
0.432472
0.00542883
-1.3
-2.1817
2.5897
-1.3
1.0451
-0.0491
-0.0836259
-0.842116
0.0463748
-0.166994
0.743285
-0.185666
-0.582501
0.0242646
-0.743203
0.533261
-0.533343
-0.3304
2.0653
1.91135
-3
0.624373
0.277628
0.893714
0.434833
0.00633364
-1.3
-2.1817
2.58799
-1.3
1.0451
-0.0491
-0.0841447
-0.842111
0.0463669
-0.166957
0.743182
-0.185666
-0.582501
0.0242646
-0.743087
0.533142
-0.533238
-0.3304
2.0653
1.91144
-3
0.624527
0.278165
0.89543
0.437195
0.00723845
-1.3
-2.1817
2.58627
-1.3
1.0451
-0.0491
-0.0846636
-0.842106
0.0463591
-0.16692
0.743079
-0.185666
-0.582501
0.0242646
-0.74297
0.533024
-0.533133
-0.3304
2.0653
1.91153
-3
0.62468
0.278701
0.897147
0.439557
0.00814325
-1.3
-2.1817
2.58455
-1.3
1.0451
-0.0491
-0.0851825
-0.842101
0.0463512
-0.166883
0.742976
-0.185666
-0.582501
0.0242646
-0.742853
0.532905
-0.533028
-0.3304
2.0653
1.91162
-3
4.55148
3.13276
9.48363
12.5236
-74.3342
16.7691
-21.6713
-25.9718
-22.7772
16.0467
4.48787
3.03576
9.37428
12.6615
-74.2823
16.819
-21.6856
-25.9764
-22.7588
16.063
4.42527
2.93966
9.26489
12.7995
-74.2294
16.8687
-21.6998
-25.9808
-22.7399
16.0794
4.36368
2.84446
9.15544
12.9378
-74.1756
16.9183
-21.7139
-25.9852
-22.7207
16.0958
4.30311
2.75016
9.04595
13.0762
-74.1209
16.9678
-21.728
-25.9895
-22.7011
16.1122
4.24355
2.65677
8.93642
13.2148
-74.0653
17.0172
-21.7419
-25.9937
-22.6811
16.1287
4.18501
2.56428
8.82684
13.3536
-74.0087
17.0664
-21.7558
-25.9979
-22.6608
16.1451
4.12748
2.4727
8.71723
13.4926
-73.9511
17.1156
-21.7696
-26.0019
-22.64
16.1615
4.07098
2.38203
8.60758
13.6317
-73.8927
17.1645
-21.7834
-26.0059
-22.6189
16.178
-21.2474
-13.3401
6.72957
6.79656
-22.3413
6.05039
-7.61696
-4.44311
7.68223
4.17684
14.1715
55.4073
14.1715
0.795904
25.741
198.843
25.741
130.235
0
0
23.9406
248.489
0
0
0
0
26.022
198.882
26.022
130.346
0
0
24.2568
248.522
0
0
0
0
26.303
198.918
26.303
130.457
0
0
24.5733
248.552
0
0
0
0
26.584
198.952
26.584
130.566
0
-1.87806e-14
24.89
248.58
0
0
0
0
26.8651
198.985
26.8651
130.673
0
0
25.2069
248.606
0
0
0
0
27.1461
199.015
27.1461
130.78
0
0
25.524
248.629
0
0
0
0
27.4271
199.043
27.4271
130.885
0
0
25.8413
248.649
0
0
0
0
27.7081
199.07
27.7081
130.989
0
0
26.1588
248.667
0
0
0
0
27.989
199.094
27.989
131.091
0
0
26.4764
248.683
0
6.30325e-15
0
5.45266e-15
20.7806
68.5853
20.7806
64.6794
0
0
12.4478
76.7067
