3.5
0.6233
0.273874
0.8817
0.4183
0
-1.3
-2.1817
2.6
-1.3
1.0451
-0.0491
-0.0805127
-0.842146
0.046422
-0.167217
0.743902
-0.185666
-0.582501
0.0242646
-0.743902
0.533972
-0.533972
-0.3304
2.0653
1.91081
-3
0.621883
0.278202
0.87475
0.413578
0.00932264
-1.29765
-2.17435
2.58591
-1.28631
1.01783
-0.0672011
-0.138686
-0.754536
0.041264
-0.148637
0.661247
-0.165037
-0.517779
0.0215685
-0.661247
0.474641
-0.474641
-0.293689
1.83582
1.6985
-2.66667
0.620467
0.282531
0.867801
0.408857
0.0186453
-1.2953
-2.16701
2.57182
-1.27261
0.990551
-0.0853023
-0.19686
-0.666925
0.036106
-0.130057
0.578591
-0.144407
-0.453056
0.0188724
-0.578591
0.415311
-0.415311
-0.256978
1.60634
1.48618
-2.33333
0.61905
0.286859
0.860851
0.404135
0.0279679
-1.29295
-2.15966
2.55773
-1.25892
0.963277
-0.103403
-0.255034
-0.579315
0.030948
-0.111478
0.495935
-0.123777
-0.388334
0.0161763
-0.495935
0.355981
-0.355981
-0.220267
1.37687
1.27387
-2
0.617634
0.291187
0.853902
0.399414
0.0372906
-1.29061
-2.15231
2.54364
-1.24523
0.936003
-0.121505
-0.313208
-0.491704
0.02579
-0.0928981
0.413279
-0.103148
-0.323611
0.0134802
-0.413279
0.296651
-0.296651
-0.183556
1.14739
1.06156
-1.66667
0.616217
0.295515
0.846952
0.394692
0.0466132
-1.28826
-2.14497
2.52955
-1.23154
0.908728
-0.139606
-0.371381
-0.404094
0.020632
-0.0743185
0.330623
-0.0825184
-0.258889
0.0107842
-0.330623
0.237321
-0.237321
-0.146845
0.917912
0.849248
-1.33333
0.614801
0.299843
0.840003
0.389971
0.0559358
-1.28591
-2.13762
2.51546
-1.21784
0.881454
-0.157707
-0.429555
-0.316484
0.015474
-0.0557389
0.247967
-0.0618888
-0.194167
0.00808806
-0.247967
0.177991
-0.177991
-0.110134
0.688434
0.636936
-1
0.613384
0.304171
0.833053
0.385249
0.0652585
-1.28356
-2.13027
2.50137
-1.20415
0.85418
-0.175808
-0.487729
-0.228873
0.010316
-0.0371593
0.165312
-0.0412593
-0.129444
0.00539196
-0.165312
0.11866
-0.11866
-0.0734228
0.458957
0.424624
-0.666666
0.611968
0.3085
0.826103
0.380527
0.0745811
-1.28121
-2.12293
2.48728
-1.19046
0.826905
-0.193909
-0.545903
-0.141263
0.00515799
-0.0185796
0.0826558
-0.0206297
-0.0647219
0.00269586
-0.0826558
0.0593302
-0.0593302
-0.0367117
0.229479
0.212312
-0.333333
0.610551
0.312828
0.819154
0.375806
0.0839038
-1.27886
-2.11558
2.47319
-1.17677
0.799631
-0.21201
-0.604076
-0.0536525
-1.32357e-09
-1.38328e-08
-5.7199e-08
-1.355e-07
4.2431e-07
-2.31612e-07
2.47654e-08
4.47165e-08
-1.22832e-08
-7.06727e-07
1.23609e-06
-3.43042e-07
5.68989e-07
-0.610468
-0.0987978
8.98923
11.2631
-63.6519
14.5594
-18.9846
-21.6286
-16.5532
13.7021
-0.0934964
0.00892556
8.92455
11.8783
-62.4321
14.4388
-20.4681
-22.7905
-15.0611
12.0676
0.36896
0.0778873
8.83461
12.4211
-61.1318
14.2797
-21.8171
-23.7826
-13.6155
10.3453
0.76957
0.105992
8.72134
12.8902
-59.749
14.0827
-23.02
-24.5954
-12.2264
8.54403
1.0998
0.09041
8.58682
13.2846
-58.2819
13.8482
-24.0656
-25.2199
-10.9018
6.67537
1.34986
0.0275341
8.43325
13.6029
-56.7289
13.577
-24.9423
-25.6476
-9.64756
4.75364
1.5087
-0.0870575
8.26292
13.8441
-55.0891
13.2692
-25.6384
-25.87
-8.46749
2.79606
1.56395
-0.258641
8.07825
14.007
-53.3616
12.9254
-26.1418
-25.8793
-7.36302
0.822678
1.50191
-0.493382
7.88171
14.09
-51.5463
12.5458
-26.4408
-25.6682
-6.33308
-1.14363
0.756278
-1.13261
7.61398
13.8724
-48.8721
11.9175
-25.575
-24.4879
-4.97198
-3.20021
16.5864
55.3859
16.5864
10.3929
24.6579
172.059
24.6579
116.691
0
0
21.4612
213.161
16.5638
54.9061
16.5638
10.4036
24.6247
170.495
24.6247
115.878
0
0
22.4557
211.139
16.4565
54.3854
16.4565
10.4489
24.4772
168.669
24.4772
114.897
-2.14463e-14
0
23.1507
208.866
16.2767
53.8302
16.2767
10.5415
24.2242
166.569
24.2242
113.747
0
0
23.5541
206.306
16.037
53.2481
16.037
10.6955
23.8746
164.184
23.8746
112.423
0
0
23.6755
203.423
15.7508
52.6484
15.7508
10.9273
23.4371
161.502
23.4371
110.925
2.03006e-14
0
23.5258
200.181
15.4316
52.0422
15.4316
11.2549
22.9204
158.512
22.9204
109.251
0
0
23.1179
196.544
15.0936
51.4422
15.0936
11.6984
22.333
155.202
22.333
107.401
0
0
22.4667
192.476
14.7513
50.8627
14.7513
12.28
21.6831
151.563
21.6831
105.375
0
6.64717e-15
21.5898
187.941
14.4919
50.3971
14.4919
13.8918
20.7243
145.382
20.7243
102.055
0
0
20.1147
179.937
