3.5
0.6233
0.273874
0.8817
0.4183
0
-1.3
-2.1817
2.6
-1.3
1.0451
-0.0491
-0.0805127
-0.842146
0.046422
-0.167217
0.743902
-0.185666
-0.582501
0.0242646
-0.743902
0.533972
-0.533972
-0.3304
2.0653
1.91081
-3
0.6233
0.273874
0.87999
0.42001
2.88353e-13
-1.3
-2.17999
2.6
-1.3
0.882807
-0.0436444
-0.0828667
-0.837823
0.0389688
-0.140369
0.69026
-0.18383
-0.56462
0.0581897
-0.69026
0.448241
-0.448241
-0.420308
2.0075
1.69282
-2.68149
0.6233
0.273874
0.87828
0.42172
5.76707e-13
-1.3
-2.17828
2.6
-1.3
0.720514
-0.0381889
-0.0852206
-0.8335
0.0315156
-0.113522
0.636618
-0.181993
-0.546739
0.0921147
-0.636618
0.36251
-0.36251
-0.510217
1.9497
1.47484
-2.36298
0.6233
0.273874
0.876571
0.423429
8.6506e-13
-1.3
-2.17657
2.6
-1.3
0.558221
-0.0327333
-0.0875745
-0.829177
0.0240624
-0.0866752
0.582976
-0.180157
-0.528859
0.12604
-0.582976
0.276779
-0.276779
-0.600125
1.89191
1.25685
-2.04447
0.6233
0.273874
0.874861
0.425139
1.15341e-12
-1.3
-2.17486
2.6
-1.3
0.395928
-0.0272778
-0.0899284
-0.824854
0.0166092
-0.0598281
0.529334
-0.17832
-0.510978
0.159965
-0.529334
0.191049
-0.191049
-0.690034
1.83411
1.03886
-1.72596
0.6233
0.273874
0.873151
0.426849
1.44177e-12
-1.3
-2.17315
2.6
-1.3
0.233635
-0.0218222
-0.0922824
-0.820531
0.00915602
-0.0329809
0.475691
-0.176484
-0.493097
0.19389
-0.475691
0.105318
-0.105318
-0.779942
1.77631
0.820876
-1.40745
0.6233
0.273874
0.871441
0.428559
1.73012e-12
-1.3
-2.17144
2.6
-1.3
0.071342
-0.0163667
-0.0946363
-0.816207
0.00170283
-0.00613378
0.422049
-0.174648
-0.475216
0.227815
-0.422049
0.019587
-0.019587
-0.86985
1.71851
0.60289
-1.08895
0.6233
0.273874
0.869732
0.430268
2.01847e-12
-1.3
-2.16973
2.6
-1.3
-0.0909509
-0.0109111
-0.0969902
-0.811884
-0.00575035
0.0207134
0.368407
-0.172811
-0.457336
0.26174
-0.368407
-0.0661438
0.0661438
-0.959759
1.66071
0.384903
-0.770436
0.6233
0.273874
0.868022
0.431978
2.30683e-12
-1.3
-2.16802
2.6
-1.3
-0.253244
-0.00545556
-0.0993441
-0.807561
-0.0132035
0.0475605
0.314765
-0.170975
-0.439455
0.295665
-0.314765
-0.151875
0.151875
-1.04967
1.60291
0.166917
-0.451927
0.6233
0.273874
0.866312
0.433688
2.59518e-12
-1.3
-2.16631
2.6
-1.3
-0.415537
0
-0.101698
-0.803238
-0.0206567
0.0744076
0.261123
-0.169138
-0.421574
0.32959
-0.261123
-0.237605
0.237605
-1.13958
1.54512
-0.05107
-0.133418
2.92553
1.98536
9.138
11.9465
-68.1996
15.6167
-22.2816
-24.6826
-19.3677
14.7609
10.4399
5.70498
9.02002
13.52
-68.7973
16.4339
-29.7598
-29.713
-19.4625
15.3515
18.9404
9.7661
8.59884
14.5762
-69.5526
17.1216
-36.7022
-34.1276
-20.1208
15.584
28.1329
13.9986
7.82842
14.9447
-70.1873
17.5774
-42.9108
-37.8156
-21.2735
15.3498
37.2457
18.0103
6.69624
14.4382
-70.2853
17.6576
-47.8625
-40.4713
-22.7282
14.5328
44.8594
21.1243
5.26763
12.9234
-69.3137
17.1979
-50.6447
-41.555
-24.11
13.0575
49.0363
22.4652
3.72964
10.452
-66.7748
16.0813
-50.1266
-40.4009
-24.8699
10.9736
48.0498
21.3181
2.37912
7.38046
-62.5045
14.3441
-45.5116
-36.561
-24.4559
8.52862
41.495
17.6261
1.50709
4.31965
-56.9161
12.2314
-37.0234
-30.2283
-22.6199
6.12614
14.2313
2.7225
3.13933
0.827919
-51.0916
9.80028
-21.2185
-12.6049
-15.8228
5.21432
15.1752
54.2584
15.1752
4.66959
25.1769
184.118
25.1769
122.225
0
0
22.7019
229.446
13.728
49.287
13.728
0
26.0703
189.373
26.0703
122.452
0
0
23.806
238.438
10.6842
43.0799
10.6842
0
25.8548
194.807
25.8548
121.973
0
0
24.1303
247.909
5.96078
35.6621
5.96078
0
24.3353
199.551
24.3353
120.334
0
0
23.4814
256.66
-0.270178
27.4062
-0.270178
0
21.3858
202.253
21.3858
117.031
0
0
21.6781
262.745
-7.36349
19.2417
-7.36349
0
17.0962
201.135
17.0962
111.664
0
0
18.656
263.494
-14.0632
12.7013
-14.0632
0
11.9512
194.493
11.9512
104.243
0
0
14.6279
256.193
-18.7401
9.4941
-18.7401
0
6.87123
181.717
6.87123
95.4828
0
0
10.1865
239.594
-20.1353
10.5989
-20.1353
0
2.90838
164.154
2.90838
86.7206
0
0
6.15876
215.325
-7.53746
31.7204
-7.53746
0
5.52714
139.015
5.52714
84.8287
15.6579
138.832
4.80788
175.129
