3.5
0.6233
0.273874
0.8817
0.4183
0
-1.3
-2.1817
2.6
-1.3
1.0451
-0.0491
-0.0805127
-0.842146
0.046422
-0.167217
0.743902
-0.185666
-0.582501
0.0242646
-0.743902
0.533972
-0.533972
-0.3304
2.0653
1.91081
-3
0.621883
0.278202
0.87475
0.413578
0.00932264
-1.29765
-2.17435
2.58591
-1.28631
1.01783
-0.0672011
-0.138686
-0.754536
0.041264
-0.148637
0.661247
-0.165037
-0.517779
0.0215685
-0.661247
0.474641
-0.474641
-0.293689
1.83582
1.6985
-2.66667
0.620467
0.282531
0.867801
0.408857
0.0186453
-1.2953
-2.16701
2.57182
-1.27261
0.990551
-0.0853023
-0.19686
-0.666925
0.036106
-0.130057
0.578591
-0.144407
-0.453056
0.0188724
-0.578591
0.415311
-0.415311
-0.256978
1.60634
1.48618
-2.33333
0.61905
0.286859
0.860851
0.404135
0.0279679
-1.29295
-2.15966
2.55773
-1.25892
0.963277
-0.103403
-0.255034
-0.579315
0.030948
-0.111478
0.495935
-0.123777
-0.388334
0.0161763
-0.495935
0.355981
-0.355981
-0.220267
1.37687
1.27387
-2
0.617634
0.291187
0.853902
0.399414
0.0372906
-1.29061
-2.15231
2.54364
-1.24523
0.936003
-0.121505
-0.313208
-0.491704
0.02579
-0.0928981
0.413279
-0.103148
-0.323611
0.0134802
-0.413279
0.296651
-0.296651
-0.183556
1.14739
1.06156
-1.66667
0.616217
0.295515
0.846952
0.394692
0.0466132
-1.28826
-2.14497
2.52955
-1.23154
0.908728
-0.139606
-0.371381
-0.404094
0.020632
-0.0743185
0.330623
-0.0825184
-0.258889
0.0107842
-0.330623
0.237321
-0.237321
-0.146845
0.917912
0.849248
-1.33333
0.614801
0.299843
0.840003
0.389971
0.0559358
-1.28591
-2.13762
2.51546
-1.21784
0.881454
-0.157707
-0.429555
-0.316484
0.015474
-0.0557389
0.247967
-0.0618888
-0.194167
0.00808806
-0.247967
0.177991
-0.177991
-0.110134
0.688434
0.636936
-1
0.613384
0.304171
0.833053
0.385249
0.0652585
-1.28356
-2.13027
2.50137
-1.20415
0.85418
-0.175808
-0.487729
-0.228873
0.010316
-0.0371593
0.165312
-0.0412593
-0.129444
0.00539196
-0.165312
0.11866
-0.11866
-0.0734228
0.458957
0.424624
-0.666666
0.611968
0.3085
0.826103
0.380527
0.0745811
-1.28121
-2.12293
2.48728
-1.19046
0.826905
-0.193909
-0.545903
-0.141263
0.00515799
-0.0185796
0.0826558
-0.0206297
-0.0647219
0.00269586
-0.0826558
0.0593302
-0.0593302
-0.0367117
0.229479
0.212312
-0.333333
0.610551
0.312828
0.819154
0.375806
0.0839038
-1.27886
-2.11558
2.47319
-1.17677
0.799631
-0.21201
-0.604076
-0.0536525
-1.32357e-09
-1.38328e-08
-5.7199e-08
-1.355e-07
4.2431e-07
-2.31612e-07
2.47654e-08
4.47165e-08
-1.22832e-08
-7.06727e-07
1.23609e-06
-3.43042e-07
5.68989e-07
0.674719
0.708558
9.10557
11.5555
-66.2771
15.1064
-19.7528
-22.7325
-18.1159
14.3271
1.11357
0.765428
9.03598
12.1859
-64.8031
14.9459
-21.2786
-23.8883
-16.4255
12.5796
1.48658
0.776116
8.93868
12.7332
-63.2413
14.7421
-22.6424
-24.8475
-14.7893
10.7509
1.78494
0.7379
8.81582
13.1957
-61.5889
14.4956
-23.8324
-25.6003
-13.2175
8.85153
1.99841
0.64719
8.66971
13.5718
-59.8437
14.2068
-24.8361
-26.1373
-11.7176
6.89504
2.11525
0.49948
8.5028
13.86
-58.0037
13.8761
-25.6414
-26.4493
-10.2953
4.89814
2.12218
0.289299
8.31772
14.0588
-56.0672
13.5041
-26.2355
-26.5277
-8.95316
2.8807
2.00439
0.0101716
8.11718
14.1665
-54.0333
13.0908
-26.6055
-26.3642
-7.69153
0.865814
1.74546
-0.345424
7.90404
14.1813
-51.9014
12.6365
-26.7386
-25.9511
-6.50761
-1.12022
0.577068
-1.24104
7.59702
13.8028
-48.622
11.8514
-25.3309
-24.2714
-4.84843
-3.21541
15.9792
55.3162
15.9792
7.92955
24.9212
178.655
24.9212
119.995
0
0
22.062
221.871
16.0389
54.8263
16.0389
8.13704
24.9062
176.524
24.9062
118.903
0
0
23.1069
219.099
16.0066
54.2965
16.0066
8.39093
24.7634
174.098
24.7634
117.625
0
0
23.8152
216.04
15.8957
53.7342
15.8957
8.7061
24.5025
171.363
24.5025
116.157
0
0
24.1982
212.65
15.7206
53.1484
15.7206
9.0996
24.1335
168.304
24.1335
114.495
0
0
24.2685
208.888
15.4966
52.5502
15.4966
9.59074
23.6659
164.907
23.6659
112.636
0
0
24.0409
204.711
15.2392
51.9526
15.2392
10.2012
23.1096
161.159
23.1096
110.58
0
0
23.5322
200.077
14.9647
51.3706
14.9647
10.9548
22.4741
157.045
22.4741
108.325
0
0
22.762
194.944
14.6899
50.8213
14.6899
11.878
21.7687
152.554
21.7687
105.873
0
0
21.7529
189.273
14.5305
50.4288
14.5305
14.1812
20.6563
144.673
20.6563
101.698
0
0
19.9962
178.98
