3.5
0.6233
0.273874
0.8817
0.4183
0
-1.3
-2.1817
2.6
-1.3
1.0451
-0.0491
-0.0805127
-0.842146
0.046422
-0.167217
0.743902
-0.185666
-0.582501
0.0242646
-0.743902
0.533972
-0.533972
-0.3304
2.0653
1.91081
-3
0.621883
0.278202
0.87475
0.413578
0.00932264
-1.29765
-2.17435
2.58591
-1.28631
1.01783
-0.0672011
-0.138686
-0.754536
0.041264
-0.148637
0.661247
-0.165037
-0.517779
0.0215685
-0.661247
0.474641
-0.474641
-0.293689
1.83582
1.6985
-2.66667
0.620467
0.282531
0.867801
0.408857
0.0186453
-1.2953
-2.16701
2.57182
-1.27261
0.990551
-0.0853023
-0.19686
-0.666925
0.036106
-0.130057
0.578591
-0.144407
-0.453056
0.0188724
-0.578591
0.415311
-0.415311
-0.256978
1.60634
1.48618
-2.33333
0.61905
0.286859
0.860851
0.404135
0.0279679
-1.29295
-2.15966
2.55773
-1.25892
0.963277
-0.103403
-0.255034
-0.579315
0.030948
-0.111478
0.495935
-0.123777
-0.388334
0.0161763
-0.495935
0.355981
-0.355981
-0.220267
1.37687
1.27387
-2
0.617634
0.291187
0.853902
0.399414
0.0372906
-1.29061
-2.15231
2.54364
-1.24523
0.936003
-0.121505
-0.313208
-0.491704
0.02579
-0.0928981
0.413279
-0.103148
-0.323611
0.0134802
-0.413279
0.296651
-0.296651
-0.183556
1.14739
1.06156
-1.66667
0.616217
0.295515
0.846952
0.394692
0.0466132
-1.28826
-2.14497
2.52955
-1.23154
0.908728
-0.139606
-0.371381
-0.404094
0.020632
-0.0743185
0.330623
-0.0825184
-0.258889
0.0107842
-0.330623
0.237321
-0.237321
-0.146845
0.917912
0.849248
-1.33333
0.614801
0.299843
0.840003
0.389971
0.0559358
-1.28591
-2.13762
2.51546
-1.21784
0.881454
-0.157707
-0.429555
-0.316484
0.015474
-0.0557389
0.247967
-0.0618888
-0.194167
0.00808806
-0.247967
0.177991
-0.177991
-0.110134
0.688434
0.636936
-1
0.613384
0.304171
0.833053
0.385249
0.0652585
-1.28356
-2.13027
2.50137
-1.20415
0.85418
-0.175808
-0.487729
-0.228873
0.010316
-0.0371593
0.165312
-0.0412593
-0.129444
0.00539196
-0.165312
0.11866
-0.11866
-0.0734228
0.458957
0.424624
-0.666666
0.611968
0.3085
0.826103
0.380527
0.0745811
-1.28121
-2.12293
2.48728
-1.19046
0.826905
-0.193909
-0.545903
-0.141263
0.00515799
-0.0185796
0.0826558
-0.0206297
-0.0647219
0.00269586
-0.0826558
0.0593302
-0.0593302
-0.0367117
0.229479
0.212312
-0.333333
0.610551
0.312828
0.819154
0.375806
0.0839038
-1.27886
-2.11558
2.47319
-1.17677
0.799631
-0.21201
-0.604076
-0.0536525
-1.32357e-09
-1.38328e-08
-5.7199e-08
-1.355e-07
4.2431e-07
-2.31612e-07
2.47654e-08
4.47165e-08
-1.22832e-08
-7.06727e-07
1.23609e-06
-3.43042e-07
5.68989e-07
1.32095
1.11444
9.16406
11.7021
-67.5966
15.3814
-20.143
-23.289
-18.9021
14.6429
1.7209
1.14599
9.09207
12.3403
-65.9956
15.2011
-21.6903
-24.442
-17.1124
12.8388
2.04935
1.12766
8.99114
12.8901
-64.3031
14.975
-23.062
-25.3851
-15.3809
10.9568
2.29678
1.0564
8.86352
13.3494
-62.5161
14.7038
-24.2459
-26.1083
-13.7175
9.00815
2.45208
0.928256
8.71164
13.7166
-60.632
14.3878
-25.2291
-26.6018
-12.13
7.00754
2.50253
0.738267
8.53811
13.99
-58.6485
14.0276
-25.9991
-26.8564
-10.6234
4.97282
2.43376
0.480441
8.34568
14.1677
-56.5639
13.6234
-26.5426
-26.8632
-9.20028
2.92521
2.22972
0.147702
8.13724
14.248
-54.3769
13.1755
-26.8464
-26.6137
-7.86001
0.8893
1.87265
-0.268149
7.91583
14.229
-52.0869
12.684
-26.8969
-26.0999
-6.59908
-1.1069
0.48172
-1.29873
7.5879
13.7656
-48.4888
11.8161
-25.1991
-24.1554
-4.78247
-3.22428
15.6741
55.2809
15.6741
6.69118
25.0538
181.97
25.0538
121.655
0
0
22.3639
226.249
15.7752
54.786
15.7752
6.99692
25.0481
179.556
25.0481
120.424
0
0
23.4343
223.103
15.7804
54.2517
15.7804
7.35492
24.9079
176.831
24.9079
118.998
0
0
24.1498
219.651
15.7041
53.6858
15.7041
7.78122
24.6433
173.779
24.6433
117.371
0
0
24.5229
215.848
15.5615
53.0982
15.5615
8.29422
24.2647
170.384
24.2647
115.54
0
0
24.5681
211.647
15.3686
52.5006
15.3686
8.91481
23.7823
166.63
23.7823
113.502
0
0
24.3018
207.003
15.1421
51.9073
15.1421
9.66635
23.2064
162.504
23.2064
111.255
0
0
23.743
201.872
14.8995
51.3342
14.8995
10.5747
22.5471
157.989
22.5471
108.799
0
0
22.9134
196.208
14.6584
50.7999
14.6584
11.6684
21.8141
153.071
21.8141
106.133
0
0
21.8384
189.968
14.5505
50.4455
14.5505
14.335
20.6197
144.295
20.6197
101.507
0
0
19.9329
178.471
