3.5
0.6233
0.273874
0.8817
0.4183
0
-1.3
-2.1817
2.6
-1.3
1.0451
-0.0491
-0.0805127
-0.842146
0.046422
-0.167217
0.743902
-0.185666
-0.582501
0.0242646
-0.743902
0.533972
-0.533972
-0.3304
2.0653
1.91081
-3
0.622335
0.277063
0.888691
0.406183
0
-1.29487
-2.1817
2.602
-1.3
1.0451
-0.0491
-0.0881025
-0.838236
0.0467149
-0.165257
0.740526
-0.185609
-0.581376
0.0264584
-0.743902
0.533972
-0.533972
-0.3304
2.0653
1.90886
-3
0.62137
0.280252
0.895682
0.394067
0
-1.28975
-2.1817
2.604
-1.3
1.0451
-0.0491
-0.0956923
-0.834326
0.0470078
-0.163296
0.73715
-0.185552
-0.58025
0.0286523
-0.743902
0.533972
-0.533972
-0.3304
2.0653
1.9069
-3
0.620405
0.28344
0.902673
0.38195
0
-1.28462
-2.1817
2.606
-1.3
1.0451
-0.0491
-0.103282
-0.830417
0.0473008
-0.161336
0.733774
-0.185495
-0.579125
0.0308461
-0.743902
0.533972
-0.533972
-0.3304
2.0653
1.90495
-3
0.61944
0.286629
0.909664
0.369833
0
-1.2795
-2.1817
2.608
-1.3
1.0451
-0.0491
-0.110872
-0.826507
0.0475937
-0.159376
0.730398
-0.185439
-0.578
0.0330399
-0.743902
0.533972
-0.533972
-0.3304
2.0653
1.903
-3
0.618475
0.289818
0.916655
0.357716
0
-1.27437
-2.1817
2.61
-1.3
1.0451
-0.0491
-0.118462
-0.822597
0.0478867
-0.157416
0.727022
-0.185382
-0.576874
0.0352337
-0.743902
0.533972
-0.533972
-0.3304
2.0653
1.90105
-3
0.61751
0.293006
0.923646
0.3456
0
-1.26925
-2.1817
2.612
-1.3
1.0451
-0.0491
-0.126051
-0.818687
0.0481796
-0.155456
0.723646
-0.185325
-0.575749
0.0374275
-0.743902
0.533972
-0.533972
-0.3304
2.0653
1.89909
-3
0.616545
0.296195
0.930637
0.333483
0
-1.26412
-2.1817
2.614
-1.3
1.0451
-0.0491
-0.133641
-0.814777
0.0484725
-0.153496
0.72027
-0.185268
-0.574623
0.0396213
-0.743902
0.533972
-0.533972
-0.3304
2.0653
1.89714
-3
0.61558
0.299383
0.937628
0.321366
0
-1.25899
-2.1817
2.616
-1.3
1.0451
-0.0491
-0.141231
-0.810867
0.0487655
-0.151536
0.716894
-0.185211
-0.573498
0.0418151
-0.743902
0.533972
-0.533972
-0.3304
2.0653
1.89519
-3
0.614615
0.302572
0.944619
0.309249
0
-1.25387
-2.1817
2.618
-1.3
1.0451
-0.0491
-0.148821
-0.806958
0.0490584
-0.149576
0.713518
-0.185154
-0.572373
0.0440089
-0.743902
0.533972
-0.533972
-0.3304
2.0653
1.89323
-3
-1.23547
-0.47254
8.95378
11.2147
-62.6764
14.3534
-18.5285
-21.1621
-15.9465
13.4048
-1.09098
-0.358022
9.02212
10.5431
-62.8041
14.0773
-18.2171
-20.9441
-15.9035
13.3323
-0.947147
-0.244055
9.0898
9.87612
-62.9214
13.8012
-17.9038
-20.7245
-15.8583
13.2599
-0.803976
-0.130644
9.15681
9.21399
-63.0282
13.525
-17.5886
-20.5033
-15.8109
13.1877
-0.661456
-0.0177933
9.22311
8.55679
-63.1248
13.2489
-17.2716
-20.2805
-15.7615
13.1156
-0.51958
0.0944906
9.28871
7.90462
-63.2109
12.9729
-16.9529
-20.0563
-15.71
13.0437
-0.378343
0.206202
9.35358
7.2576
-63.2867
12.697
-16.6325
-19.8305
-15.6564
12.972
-0.23774
0.317334
9.4177
6.61584
-63.3523
12.4214
-16.3106
-19.6034
-15.6007
12.9004
-0.0977654
0.427882
9.48107
5.97944
-63.4075
12.146
-15.987
-19.3749
-15.5431
12.829
-12.7837
-7.8786
7.90436
4.34831
-36.2812
7.27988
-9.2943
-8.38002
0.418192
6.34769
16.8394
55.5399
16.8394
11.4467
24.5178
169.655
24.5178
115.582
0
0
21.225
209.949
17.2307
55.6339
17.2307
11.6641
0
0
0
0
0
0
21.6743
209.824
17.6192
55.7308
17.6192
11.8864
0
0
0
-1.56316e-14
0
0
22.1237
209.687
18.0048
55.8306
18.0048
12.1135
0
0
0
0
0
0
22.5731
209.538
18.3874
55.9332
18.3874
12.3454
0
0
0
0
0
0
23.0224
209.377
18.7669
56.0386
18.7669
12.5818
0
0
0
0
0
0
23.4713
209.205
19.1432
56.1467
19.1432
12.8228
0
0
0
0
0
0
23.9199
209.022
19.5162
56.2575
19.5162
13.0683
0
0
0
0
-2.62448e-14
0
24.3681
208.826
19.886
56.3709
19.886
13.3182
0
0
0
0
0
0
24.8156
208.619
24.3443
56.384
24.3443
38.0234
-3.47315e-15
0
0
0
0
0
16.5633
117.804
