1.08
0.6233
0.273874
0.8817
0.4183
0
-1.3
-2.1817
2.6
-1.3
1.0451
-0.0491
-0.0805127
-0.842146
0.046422
-0.167217
0.743902
-0.185666
-0.582501
0.0242646
-0.743902
0.533972
-0.533972
-0.3304
2.0653
1.91081
-3
0.622335
0.277063
0.888691
0.406183
0
-1.29487
-2.1817
2.602
-1.3
1.0451
-0.0491
-0.0881025
-0.838236
0.0467149
-0.165257
0.740526
-0.185609
-0.581376
0.0264584
-0.743902
0.533972
-0.533972
-0.3304
2.0653
1.90886
-3
0.62137
0.280252
0.895682
0.394067
0
-1.28975
-2.1817
2.604
-1.3
1.0451
-0.0491
-0.0956923
-0.834326
0.0470078
-0.163296
0.73715
-0.185552
-0.58025
0.0286523
-0.743902
0.533972
-0.533972
-0.3304
2.0653
1.9069
-3
0.620405
0.28344
0.902673
0.38195
0
-1.28462
-2.1817
2.606
-1.3
1.0451
-0.0491
-0.103282
-0.830417
0.0473008
-0.161336
0.733774
-0.185495
-0.579125
0.0308461
-0.743902
0.533972
-0.533972
-0.3304
2.0653
1.90495
-3
0.61944
0.286629
0.909664
0.369833
0
-1.2795
-2.1817
2.608
-1.3
1.0451
-0.0491
-0.110872
-0.826507
0.0475937
-0.159376
0.730398
-0.185439
-0.578
0.0330399
-0.743902
0.533972
-0.533972
-0.3304
2.0653
1.903
-3
0.618475
0.289818
0.916655
0.357716
0
-1.27437
-2.1817
2.61
-1.3
1.0451
-0.0491
-0.118462
-0.822597
0.0478867
-0.157416
0.727022
-0.185382
-0.576874
0.0352337
-0.743902
0.533972
-0.533972
-0.3304
2.0653
1.90105
-3
0.61751
0.293006
0.923646
0.3456
0
-1.26925
-2.1817
2.612
-1.3
1.0451
-0.0491
-0.126051
-0.818687
0.0481796
-0.155456
0.723646
-0.185325
-0.575749
0.0374275
-0.743902
0.533972
-0.533972
-0.3304
2.0653
1.89909
-3
0.616545
0.296195
0.930637
0.333483
0
-1.26412
-2.1817
2.614
-1.3
1.0451
-0.0491
-0.133641
-0.814777
0.0484725
-0.153496
0.72027
-0.185268
-0.574623
0.0396213
-0.743902
0.533972
-0.533972
-0.3304
2.0653
1.89714
-3
0.61558
0.299383
0.937628
0.321366
0
-1.25899
-2.1817
2.616
-1.3
1.0451
-0.0491
-0.141231
-0.810867
0.0487655
-0.151536
0.716894
-0.185211
-0.573498
0.0418151
-0.743902
0.533972
-0.533972
-0.3304
2.0653
1.89519
-3
0.614615
0.302572
0.944619
0.309249
0
-1.25387
-2.1817
2.618
-1.3
1.0451
-0.0491
-0.148821
-0.806958
0.0490584
-0.149576
0.713518
-0.185154
-0.572373
0.0440089
-0.743902
0.533972
-0.533972
-0.3304
2.0653
1.89323
-3
31.1833
20.6092
12.9036
21.876
-100
30.7194
-39.3981
-50
-60
31.373
31.0656
20.6501
13.0758
20.4115
-100
29.9976
-38.686
-50
-60
31.2496
30.949
20.6899
13.2447
18.9674
-100
29.2797
-37.9732
-50
-60
31.1263
30.8337
20.7287
13.4103
17.5439
-100
28.5656
-37.2599
-50
-60
31.0031
30.7195
20.7664
13.5726
16.1413
-100
27.8556
-36.5464
-50
-60
30.8801
30.6065
20.8031
13.7315
14.7598
-100
27.1499
-35.8329
-50
-60
30.7573
30.4947
20.8387
13.8869
13.3995
-100
26.4484
-35.1195
-50
-59.8622
30.6347
30.384
20.8732
14.0389
12.0606
-100
25.7515
-34.4065
-49.5702
-59.4803
30.5122
30.2746
20.9065
14.1874
10.7434
-100
25.0592
-33.6941
-49.0135
-59.095
30.39
-42.9619
-28.3396
3.04244
0.23966
37.9173
-5.31078
8.0774
21.007
43.7723
-11.2097
0.693862
58.9004
0.693862
0
31.657
368.478
31.657
219.074
6.20049e-14
0
38.9796
470.654
1.8464
59.1345
1.8464
6.5885e-15
0
0
0
0
0
0
40.0601
469.05
2.98373
59.3716
2.98373
0
0
0
0
0
0
0
41.1313
467.409
4.10565
59.6115
4.10565
0
0
0
0
0
0
0
42.1929
465.733
5.21193
59.8539
5.21193
0
0
0
0
0
0
0
43.2445
464.021
6.30238
60.0986
6.30238
0
0
0
0
0
0
0
44.286
462.273
7.3768
60.3454
7.3768
0
0
0
0
0
0
0
45.3169
460.491
8.43498
60.594
8.43498
0
0
0
0
0
0
0
46.3369
458.674
9.47674
60.8442
9.47674
5.57772e-15
0
0
2.20156e-15
0
0
0
47.3457
456.822
33.8952
51.546
33.8952
99.7664
0
0
0
0
0
0
-6.81327
-130.127
