3.5
0.6233
0.273874
0.8817
0.4183
0
-1.3
-2.1817
2.6
-1.3
1.0451
-0.0491
-0.0805127
-0.842146
0.046422
-0.167217
0.743902
-0.185666
-0.582501
0.0242646
-0.743902
0.533972
-0.533972
-0.3304
2.0653
1.91081
-3
0.623453
0.274411
0.883416
0.420662
0.000904806
-1.3
-2.1817
2.59828
-1.3
1.0451
-0.0491
-0.0810316
-0.842141
0.0464141
-0.16718
0.7438
-0.185666
-0.582501
0.0242646
-0.743786
0.533853
-0.533867
-0.3304
2.0653
1.9109
-3
0.623607
0.274947
0.885133
0.423024
0.00180961
-1.3
-2.1817
2.59657
-1.3
1.0451
-0.0491
-0.0815504
-0.842136
0.0464062
-0.167142
0.743697
-0.185666
-0.582501
0.0242646
-0.743669
0.533735
-0.533762
-0.3304
2.0653
1.91099
-3
0.62376
0.275483
0.886849
0.425386
0.00271442
-1.3
-2.1817
2.59485
-1.3
1.0451
-0.0491
-0.0820693
-0.842131
0.0463984
-0.167105
0.743594
-0.185666
-0.582501
0.0242646
-0.743553
0.533616
-0.533657
-0.3304
2.0653
1.91108
-3
0.623913
0.276019
0.888565
0.427748
0.00361922
-1.3
-2.1817
2.59313
-1.3
1.0451
-0.0491
-0.0825882
-0.842126
0.0463905
-0.167068
0.743491
-0.185666
-0.582501
0.0242646
-0.743436
0.533498
-0.533552
-0.3304
2.0653
1.91117
-3
0.624067
0.276556
0.890281
0.43011
0.00452403
-1.3
-2.1817
2.59142
-1.3
1.0451
-0.0491
-0.083107
-0.842121
0.0463827
-0.167031
0.743388
-0.185666
-0.582501
0.0242646
-0.74332
0.533379
-0.533447
-0.3304
2.0653
1.91126
-3
0.62422
0.277092
0.891998
0.432472
0.00542883
-1.3
-2.1817
2.5897
-1.3
1.0451
-0.0491
-0.0836259
-0.842116
0.0463748
-0.166994
0.743285
-0.185666
-0.582501
0.0242646
-0.743203
0.533261
-0.533343
-0.3304
2.0653
1.91135
-3
0.624373
0.277628
0.893714
0.434833
0.00633364
-1.3
-2.1817
2.58799
-1.3
1.0451
-0.0491
-0.0841447
-0.842111
0.0463669
-0.166957
0.743182
-0.185666
-0.582501
0.0242646
-0.743087
0.533142
-0.533238
-0.3304
2.0653
1.91144
-3
0.624527
0.278165
0.89543
0.437195
0.00723845
-1.3
-2.1817
2.58627
-1.3
1.0451
-0.0491
-0.0846636
-0.842106
0.0463591
-0.16692
0.743079
-0.185666
-0.582501
0.0242646
-0.74297
0.533024
-0.533133
-0.3304
2.0653
1.91153
-3
0.62468
0.278701
0.897147
0.439557
0.00814325
-1.3
-2.1817
2.58455
-1.3
1.0451
-0.0491
-0.0851825
-0.842101
0.0463512
-0.166883
0.742976
-0.185666
-0.582501
0.0242646
-0.742853
0.532905
-0.533028
-0.3304
2.0653
1.91162
-3
5.18379
3.52853
9.54363
12.6747
-75.6379
17.0394
-22.023
-26.5105
-23.5421
16.3431
5.1199
3.43071
9.43266
12.8153
-75.5844
17.0903
-22.038
-26.5155
-23.5227
16.36
5.05703
3.3338
9.32164
12.9561
-75.5299
17.141
-22.053
-26.5203
-23.5028
16.377
4.99519
3.2378
9.21057
13.0971
-75.4745
17.1916
-22.0679
-26.5251
-23.4825
16.394
4.93438
3.14272
9.09947
13.2383
-75.4181
17.242
-22.0827
-26.5297
-23.4619
16.4109
4.8746
3.04856
8.98832
13.3797
-75.3607
17.2924
-22.0974
-26.5343
-23.4408
16.4279
4.81585
2.95532
8.87713
13.5212
-75.3024
17.3426
-22.1121
-26.5388
-23.4194
16.4449
4.75814
2.863
8.76591
13.6629
-75.2432
17.3926
-22.1266
-26.5432
-23.3976
16.462
4.70146
2.77162
8.65466
13.8048
-75.183
17.4426
-22.1411
-26.5475
-23.3754
16.479
-21.8777
-13.729
6.68409
6.62069
-21.0526
5.77137
-7.2585
-3.9011
8.43769
3.87528
13.8759
55.4031
13.8759
0
25.8739
202.113
25.8739
131.885
0
0
24.2419
252.802
0
0
0
0
26.1612
202.151
26.1612
131.999
0
0
24.5647
252.833
2.09093e-15
0
0
1.03093e-16
26.4486
202.187
26.4486
132.111
0
0
24.8876
252.862
0
0
0
0
26.7359
202.22
26.7359
132.222
0
0
25.2108
252.888
0
0
0
0
27.0233
202.252
27.0233
132.332
0
0
25.5342
252.912
0
0
0
0
27.3106
202.282
27.3106
132.44
0
0
25.8578
252.933
0
0
0
0
27.5979
202.309
27.5979
132.547
0
1.53415e-14
26.1816
252.952
0
0
0
0
27.8851
202.335
27.8851
132.653
0
0
26.5055
252.968
0
0
0
0
28.1723
202.358
28.1723
132.757
0
0
26.8296
252.981
0
0
0
0
20.5911
65.3219
20.5911
63.0112
0
0
12.0881
72.4093
