3.5
0.6233
0.273874
0.8817
0.4183
0
-1.3
-2.1817
2.6
-1.3
1.0451
-0.0491
-0.0805127
-0.842146
0.046422
-0.167217
0.743902
-0.185666
-0.582501
0.0242646
-0.743902
0.533972
-0.533972
-0.3304
2.0653
1.91081
-3
0.622335
0.277063
0.888691
0.406183
0
-1.29487
-2.1817
2.602
-1.3
1.0451
-0.0491
-0.0881025
-0.838236
0.0467149
-0.165257
0.740526
-0.185609
-0.581376
0.0264584
-0.743902
0.533972
-0.533972
-0.3304
2.0653
1.90886
-3
0.62137
0.280252
0.895682
0.394067
0
-1.28975
-2.1817
2.604
-1.3
1.0451
-0.0491
-0.0956923
-0.834326
0.0470078
-0.163296
0.73715
-0.185552
-0.58025
0.0286523
-0.743902
0.533972
-0.533972
-0.3304
2.0653
1.9069
-3
0.620405
0.28344
0.902673
0.38195
0
-1.28462
-2.1817
2.606
-1.3
1.0451
-0.0491
-0.103282
-0.830417
0.0473008
-0.161336
0.733774
-0.185495
-0.579125
0.0308461
-0.743902
0.533972
-0.533972
-0.3304
2.0653
1.90495
-3
0.61944
0.286629
0.909664
0.369833
0
-1.2795
-2.1817
2.608
-1.3
1.0451
-0.0491
-0.110872
-0.826507
0.0475937
-0.159376
0.730398
-0.185439
-0.578
0.0330399
-0.743902
0.533972
-0.533972
-0.3304
2.0653
1.903
-3
0.618475
0.289818
0.916655
0.357716
0
-1.27437
-2.1817
2.61
-1.3
1.0451
-0.0491
-0.118462
-0.822597
0.0478867
-0.157416
0.727022
-0.185382
-0.576874
0.0352337
-0.743902
0.533972
-0.533972
-0.3304
2.0653
1.90105
-3
0.61751
0.293006
0.923646
0.3456
0
-1.26925
-2.1817
2.612
-1.3
1.0451
-0.0491
-0.126051
-0.818687
0.0481796
-0.155456
0.723646
-0.185325
-0.575749
0.0374275
-0.743902
0.533972
-0.533972
-0.3304
2.0653
1.89909
-3
0.616545
0.296195
0.930637
0.333483
0
-1.26412
-2.1817
2.614
-1.3
1.0451
-0.0491
-0.133641
-0.814777
0.0484725
-0.153496
0.72027
-0.185268
-0.574623
0.0396213
-0.743902
0.533972
-0.533972
-0.3304
2.0653
1.89714
-3
0.61558
0.299383
0.937628
0.321366
0
-1.25899
-2.1817
2.616
-1.3
1.0451
-0.0491
-0.141231
-0.810867
0.0487655
-0.151536
0.716894
-0.185211
-0.573498
0.0418151
-0.743902
0.533972
-0.533972
-0.3304
2.0653
1.89519
-3
0.614615
0.302572
0.944619
0.309249
0
-1.25387
-2.1817
2.618
-1.3
1.0451
-0.0491
-0.148821
-0.806958
0.0490584
-0.149576
0.713518
-0.185154
-0.572373
0.0440089
-0.743902
0.533972
-0.533972
-0.3304
2.0653
1.89323
-3
-1.40877
-0.582448
8.93688
11.1703
-62.3063
14.2764
-18.4304
-21.01
-15.728
13.3207
-1.2629
-0.467532
9.00469
10.5024
-62.4361
14.0024
-18.1208
-20.7936
-15.6865
13.2484
-1.11771
-0.353165
9.07186
9.83903
-62.5555
13.7283
-17.8093
-20.5755
-15.6429
13.1762
-0.973181
-0.239352
9.13836
9.18045
-62.6647
13.4542
-17.496
-20.3558
-15.5971
13.1042
-0.829316
-0.126098
9.20418
8.52672
-62.7635
13.1801
-17.1809
-20.1346
-15.5493
13.0323
-0.686107
-0.0134104
9.2693
7.87795
-62.8521
12.9061
-16.864
-19.9119
-15.4993
12.9606
-0.543548
0.0987063
9.33371
7.23425
-62.9304
12.6323
-16.5454
-19.6877
-15.4473
12.889
-0.401633
0.210246
9.39738
6.59573
-62.9984
12.3586
-16.2252
-19.4621
-15.3933
12.8176
-0.260358
0.321202
9.46031
5.96249
-63.0563
12.0852
-15.9035
-19.2351
-15.3372
12.7464
-12.6222
-7.77204
7.92589
4.36222
-36.6317
7.33918
-9.37633
-8.51869
0.213355
6.43031
16.923
55.5427
16.923
11.7863
24.4825
168.722
24.4825
115.11
0
1.64778e-14
21.1405
208.72
17.3106
55.6358
17.3106
12.0006
0
0
0
0
0
0
21.5867
208.601
17.6954
55.732
17.6954
12.2197
0
0
0
0
0
0
22.0331
208.471
18.0774
55.831
18.0774
12.4436
0
0
0
0
0
0
22.4794
208.33
18.4564
55.9329
18.4564
12.6722
0
0
0
0
0
-1.16737e-14
22.9257
208.177
18.8323
56.0375
18.8323
12.9054
0
0
0
0
0
0
23.3717
208.012
19.2052
56.1449
19.2052
13.1432
0
0
0
-1.366e-14
0
0
23.8174
207.836
19.5749
56.2549
19.5749
13.3855
0
0
0
0
0
0
24.2627
207.648
19.9413
56.3676
19.9413
13.6321
0
0
0
0
0
0
24.7075
207.449
24.2933
56.3892
24.2933
37.7124
3.47315e-15
0
0
0
0
8.55317e-15
16.6755
118.973
