3.5
0.6233
0.273874
0.8817
0.4183
0
-1.3
-2.1817
2.6
-1.3
1.0451
-0.0491
-0.0805127
-0.842146
0.046422
-0.167217
0.743902
-0.185666
-0.582501
0.0242646
-0.743902
0.533972
-0.533972
-0.3304
2.0653
1.91081
-3
0.623453
0.274411
0.883416
0.420662
0.000904806
-1.3
-2.1817
2.59828
-1.3
1.0451
-0.0491
-0.0810316
-0.842141
0.0464141
-0.16718
0.7438
-0.185666
-0.582501
0.0242646
-0.743786
0.533853
-0.533867
-0.3304
2.0653
1.9109
-3
0.623607
0.274947
0.885133
0.423024
0.00180961
-1.3
-2.1817
2.59657
-1.3
1.0451
-0.0491
-0.0815504
-0.842136
0.0464062
-0.167142
0.743697
-0.185666
-0.582501
0.0242646
-0.743669
0.533735
-0.533762
-0.3304
2.0653
1.91099
-3
0.62376
0.275483
0.886849
0.425386
0.00271442
-1.3
-2.1817
2.59485
-1.3
1.0451
-0.0491
-0.0820693
-0.842131
0.0463984
-0.167105
0.743594
-0.185666
-0.582501
0.0242646
-0.743553
0.533616
-0.533657
-0.3304
2.0653
1.91108
-3
0.623913
0.276019
0.888565
0.427748
0.00361922
-1.3
-2.1817
2.59313
-1.3
1.0451
-0.0491
-0.0825882
-0.842126
0.0463905
-0.167068
0.743491
-0.185666
-0.582501
0.0242646
-0.743436
0.533498
-0.533552
-0.3304
2.0653
1.91117
-3
0.624067
0.276556
0.890281
0.43011
0.00452403
-1.3
-2.1817
2.59142
-1.3
1.0451
-0.0491
-0.083107
-0.842121
0.0463827
-0.167031
0.743388
-0.185666
-0.582501
0.0242646
-0.74332
0.533379
-0.533447
-0.3304
2.0653
1.91126
-3
0.62422
0.277092
0.891998
0.432472
0.00542883
-1.3
-2.1817
2.5897
-1.3
1.0451
-0.0491
-0.0836259
-0.842116
0.0463748
-0.166994
0.743285
-0.185666
-0.582501
0.0242646
-0.743203
0.533261
-0.533343
-0.3304
2.0653
1.91135
-3
0.624373
0.277628
0.893714
0.434833
0.00633364
-1.3
-2.1817
2.58799
-1.3
1.0451
-0.0491
-0.0841447
-0.842111
0.0463669
-0.166957
0.743182
-0.185666
-0.582501
0.0242646
-0.743087
0.533142
-0.533238
-0.3304
2.0653
1.91144
-3
0.624527
0.278165
0.89543
0.437195
0.00723845
-1.3
-2.1817
2.58627
-1.3
1.0451
-0.0491
-0.0846636
-0.842106
0.0463591
-0.16692
0.743079
-0.185666
-0.582501
0.0242646
-0.74297
0.533024
-0.533133
-0.3304
2.0653
1.91153
-3
0.62468
0.278701
0.897147
0.439557
0.00814325
-1.3
-2.1817
2.58455
-1.3
1.0451
-0.0491
-0.0851825
-0.842101
0.0463512
-0.166883
0.742976
-0.185666
-0.582501
0.0242646
-0.742853
0.532905
-0.533028
-0.3304
2.0653
1.91162
-3
2.52733
1.86511
9.29245
12.041
-70.163
15.9041
-20.5485
-24.2496
-20.3284
15.0988
2.46462
1.77075
9.18831
12.17
-70.1163
15.9508
-20.5603
-24.253
-20.3133
15.1133
2.40287
1.67723
9.0841
12.2993
-70.0687
15.9974
-20.5721
-24.2563
-20.2978
15.1279
2.34209
1.58457
8.97984
12.4288
-70.0203
16.0439
-20.5838
-24.2595
-20.2819
15.1425
2.28226
1.49277
8.87552
12.5584
-69.9709
16.0903
-20.5954
-24.2626
-20.2657
15.1571
2.2234
1.40182
8.77115
12.6883
-69.9206
16.1366
-20.6069
-24.2657
-20.2491
15.1717
2.16551
1.31173
8.66673
12.8183
-69.8695
16.1828
-20.6184
-24.2687
-20.2321
15.1863
2.10859
1.2225
8.56226
12.9484
-69.8175
16.2289
-20.6299
-24.2716
-20.2148
15.2009
2.05264
1.13414
8.45775
13.0787
-69.7646
16.2748
-20.6412
-24.2744
-20.1971
15.2156
-19.2295
-12.0944
6.8743
7.35836
-26.4644
6.94328
-8.76148
-6.17572
5.26376
5.14112
15.1192
55.43
15.1192
4.58625
25.3172
188.379
25.3172
124.957
0
0
22.977
234.685
0
0
0
0
25.5779
188.42
25.5779
125.062
0
0
23.2724
234.723
0
0
0
0
25.8387
188.458
25.8387
125.166
0
0
23.5681
234.759
0
0
0
0
26.0995
188.495
26.0995
125.269
0
0
23.864
234.792
0
0
0
0
26.3604
188.53
26.3604
125.37
0
0
24.1602
234.824
0
0
0
0
26.6213
188.562
26.6213
125.47
0
0
24.4565
234.852
1.77554e-15
0
0
0
26.8822
188.593
26.8822
125.569
0
0
24.7531
234.879
0
0
0
0
27.1431
188.622
27.1431
125.666
2.42749e-14
0
25.0499
234.903
0
0
1.55894e-15
0
27.404
188.649
27.404
125.762
0
0
25.3468
234.925
0
0
0
0
21.3856
79.0283
21.3856
70.0145
0
0
13.598
90.4598
