3.5
0.6233
0.273874
0.8817
0.4183
0
-1.3
-2.1817
2.6
-1.3
1.0451
-0.0491
-0.0805127
-0.842146
0.046422
-0.167217
0.743902
-0.185666
-0.582501
0.0242646
-0.743902
0.533972
-0.533972
-0.3304
2.0653
1.91081
-3
0.622335
0.277063
0.888691
0.406183
0
-1.29487
-2.1817
2.602
-1.3
1.0451
-0.0491
-0.0881025
-0.838236
0.0467149
-0.165257
0.740526
-0.185609
-0.581376
0.0264584
-0.743902
0.533972
-0.533972
-0.3304
2.0653
1.90886
-3
0.62137
0.280252
0.895682
0.394067
0
-1.28975
-2.1817
2.604
-1.3
1.0451
-0.0491
-0.0956923
-0.834326
0.0470078
-0.163296
0.73715
-0.185552
-0.58025
0.0286523
-0.743902
0.533972
-0.533972
-0.3304
2.0653
1.9069
-3
0.620405
0.28344
0.902673
0.38195
0
-1.28462
-2.1817
2.606
-1.3
1.0451
-0.0491
-0.103282
-0.830417
0.0473008
-0.161336
0.733774
-0.185495
-0.579125
0.0308461
-0.743902
0.533972
-0.533972
-0.3304
2.0653
1.90495
-3
0.61944
0.286629
0.909664
0.369833
0
-1.2795
-2.1817
2.608
-1.3
1.0451
-0.0491
-0.110872
-0.826507
0.0475937
-0.159376
0.730398
-0.185439
-0.578
0.0330399
-0.743902
0.533972
-0.533972
-0.3304
2.0653
1.903
-3
0.618475
0.289818
0.916655
0.357716
0
-1.27437
-2.1817
2.61
-1.3
1.0451
-0.0491
-0.118462
-0.822597
0.0478867
-0.157416
0.727022
-0.185382
-0.576874
0.0352337
-0.743902
0.533972
-0.533972
-0.3304
2.0653
1.90105
-3
0.61751
0.293006
0.923646
0.3456
0
-1.26925
-2.1817
2.612
-1.3
1.0451
-0.0491
-0.126051
-0.818687
0.0481796
-0.155456
0.723646
-0.185325
-0.575749
0.0374275
-0.743902
0.533972
-0.533972
-0.3304
2.0653
1.89909
-3
0.616545
0.296195
0.930637
0.333483
0
-1.26412
-2.1817
2.614
-1.3
1.0451
-0.0491
-0.133641
-0.814777
0.0484725
-0.153496
0.72027
-0.185268
-0.574623
0.0396213
-0.743902
0.533972
-0.533972
-0.3304
2.0653
1.89714
-3
0.61558
0.299383
0.937628
0.321366
0
-1.25899
-2.1817
2.616
-1.3
1.0451
-0.0491
-0.141231
-0.810867
0.0487655
-0.151536
0.716894
-0.185211
-0.573498
0.0418151
-0.743902
0.533972
-0.533972
-0.3304
2.0653
1.89519
-3
0.614615
0.302572
0.944619
0.309249
0
-1.25387
-2.1817
2.618
-1.3
1.0451
-0.0491
-0.148821
-0.806958
0.0490584
-0.149576
0.713518
-0.185154
-0.572373
0.0440089
-0.743902
0.533972
-0.533972
-0.3304
2.0653
1.89323
-3
0.283515
0.491833
9.1035
11.6086
-65.9383
15.0323
-19.3934
-22.5026
-17.8724
14.1465
0.415927
0.602854
9.17646
10.9043
-66.0474
14.7378
-19.0657
-22.271
-17.8156
14.0722
0.54777
0.713314
9.24865
10.2054
-66.1455
14.4433
-18.7362
-22.0377
-17.7566
13.9982
0.679051
0.823207
9.32006
9.51202
-66.2326
14.149
-18.4049
-21.803
-17.6954
13.9242
0.809777
0.932528
9.39065
8.82421
-66.3086
13.8549
-18.0718
-21.5667
-17.6321
13.8505
0.939955
1.04127
9.46042
8.1421
-66.3736
13.5611
-17.737
-21.3289
-17.5665
13.7769
1.06959
1.14943
9.52934
7.46582
-66.4277
13.2676
-17.4007
-21.0897
-17.4988
13.7034
1.19869
1.25699
9.59741
6.79547
-66.4709
12.9746
-17.0629
-20.8492
-17.429
13.6301
1.32725
1.36395
9.66461
6.13116
-66.5031
12.6819
-16.7236
-20.6073
-17.3571
13.557
-14.1997
-8.81362
7.71401
4.22342
-33.1925
6.75715
-8.57128
-7.15774
2.22356
5.61938
16.1051
55.5237
16.1051
8.46211
24.8289
177.879
24.8289
119.753
0
0
21.9695
220.787
16.5295
55.6244
16.5295
8.70749
0
0
0
0
0
0
22.4462
220.6
16.9506
55.7279
16.9506
8.95784
0
0
0
0
0
0
22.9226
220.4
17.3682
55.8344
17.3682
9.21308
0
0
0
0
0
0
23.3986
220.187
17.7822
55.9437
17.7822
9.47313
0
0
0
0
0
0
23.874
219.962
18.1926
56.0557
18.1926
9.7379
0
0
0
0
0
0
24.3488
219.724
18.5994
56.1705
18.5994
10.0073
0
0
0
0
0
0
24.8227
219.473
19.0023
56.2878
19.0023
10.2812
0
0
-4.15889e-15
0
0
0
25.2958
219.21
19.4013
56.4077
19.4013
10.5596
0
0
0
0
0
1.35042e-14
25.7678
218.934
24.7917
56.3311
24.7917
40.7572
0
0
0
9.582e-15
0
-8.55317e-15
15.5746
107.499
