3.5
0.6233
0.273874
0.8817
0.4183
0
-1.3
-2.1817
2.6
-1.3
1.0451
-0.0491
-0.0805127
-0.842146
0.046422
-0.167217
0.743902
-0.185666
-0.582501
0.0242646
-0.743902
0.533972
-0.533972
-0.3304
2.0653
1.91081
-3
0.6233
0.273874
0.87999
0.42001
2.88353e-13
-1.3
-2.17999
2.6
-1.3
0.882807
-0.0436444
-0.0828667
-0.837823
0.0389688
-0.140369
0.69026
-0.18383
-0.56462
0.0581897
-0.69026
0.448241
-0.448241
-0.420308
2.0075
1.69282
-2.68149
0.6233
0.273874
0.87828
0.42172
5.76707e-13
-1.3
-2.17828
2.6
-1.3
0.720514
-0.0381889
-0.0852206
-0.8335
0.0315156
-0.113522
0.636618
-0.181993
-0.546739
0.0921147
-0.636618
0.36251
-0.36251
-0.510217
1.9497
1.47484
-2.36298
0.6233
0.273874
0.876571
0.423429
8.6506e-13
-1.3
-2.17657
2.6
-1.3
0.558221
-0.0327333
-0.0875745
-0.829177
0.0240624
-0.0866752
0.582976
-0.180157
-0.528859
0.12604
-0.582976
0.276779
-0.276779
-0.600125
1.89191
1.25685
-2.04447
0.6233
0.273874
0.874861
0.425139
1.15341e-12
-1.3
-2.17486
2.6
-1.3
0.395928
-0.0272778
-0.0899284
-0.824854
0.0166092
-0.0598281
0.529334
-0.17832
-0.510978
0.159965
-0.529334
0.191049
-0.191049
-0.690034
1.83411
1.03886
-1.72596
0.6233
0.273874
0.873151
0.426849
1.44177e-12
-1.3
-2.17315
2.6
-1.3
0.233635
-0.0218222
-0.0922824
-0.820531
0.00915602
-0.0329809
0.475691
-0.176484
-0.493097
0.19389
-0.475691
0.105318
-0.105318
-0.779942
1.77631
0.820876
-1.40745
0.6233
0.273874
0.871441
0.428559
1.73012e-12
-1.3
-2.17144
2.6
-1.3
0.071342
-0.0163667
-0.0946363
-0.816207
0.00170283
-0.00613378
0.422049
-0.174648
-0.475216
0.227815
-0.422049
0.019587
-0.019587
-0.86985
1.71851
0.60289
-1.08895
0.6233
0.273874
0.869732
0.430268
2.01847e-12
-1.3
-2.16973
2.6
-1.3
-0.0909509
-0.0109111
-0.0969902
-0.811884
-0.00575035
0.0207134
0.368407
-0.172811
-0.457336
0.26174
-0.368407
-0.0661438
0.0661438
-0.959759
1.66071
0.384903
-0.770436
0.6233
0.273874
0.868022
0.431978
2.30683e-12
-1.3
-2.16802
2.6
-1.3
-0.253244
-0.00545556
-0.0993441
-0.807561
-0.0132035
0.0475605
0.314765
-0.170975
-0.439455
0.295665
-0.314765
-0.151875
0.151875
-1.04967
1.60291
0.166917
-0.451927
0.6233
0.273874
0.866312
0.433688
2.59518e-12
-1.3
-2.16631
2.6
-1.3
-0.415537
0
-0.101698
-0.803238
-0.0206567
0.0744076
0.261123
-0.169138
-0.421574
0.32959
-0.261123
-0.237605
0.237605
-1.13958
1.54512
-0.05107
-0.133418
2.06506
1.46537
9.0826
11.7693
-66.7981
15.3097
-21.5876
-23.9377
-18.5194
14.4276
9.43567
5.11407
8.96959
13.3022
-67.5
16.1267
-28.888
-28.8451
-18.6814
15.0256
17.7969
9.11006
8.5605
14.3354
-68.3627
16.8211
-35.6984
-33.175
-19.3973
15.277
26.8687
13.29
7.80893
14.7005
-69.116
17.2928
-41.8255
-36.8181
-20.6026
15.0743
35.9018
17.2724
6.7007
14.211
-69.3528
17.4002
-46.7556
-39.4731
-22.1122
14.3017
43.5063
20.393
5.29763
12.7312
-68.5482
16.9801
-49.5882
-40.606
-23.5606
12.8819
47.7703
21.7869
3.78151
10.3055
-66.2071
15.9143
-49.1991
-39.5531
-24.4086
10.8596
46.9717
20.7386
2.44375
7.27843
-62.1581
14.2344
-44.7815
-35.858
-24.1087
8.47434
40.6744
17.1743
1.57276
4.24821
-56.7969
12.1777
-36.5254
-29.6906
-22.4084
6.12181
14.9516
3.12374
3.07191
0.882804
-51.1238
9.83132
-21.6291
-13.0813
-15.9857
5.198
15.5454
54.4277
15.5454
6.1756
25.0259
180.514
25.0259
120.487
0
0
22.3546
224.639
14.0924
49.5839
14.0924
0
25.8921
185.917
25.8921
120.848
0
0
23.4388
233.772
11.0756
43.517
11.0756
0
25.6801
191.527
25.6801
120.527
0
0
23.7677
243.419
6.40533
36.2442
6.40533
0
24.1942
196.496
24.1942
119.078
0
0
23.1492
252.416
0.240441
28.1222
0.240441
0
21.3045
199.5
21.3045
116.002
0
0
21.401
258.86
-6.79631
20.0558
-6.79631
0
17.0904
198.788
17.0904
110.898
0
0
18.4531
260.119
-13.4774
13.5506
-13.4774
0
12.0194
192.663
12.0194
103.762
0
0
14.5069
253.498
-18.1969
10.2995
-18.1969
0
6.99144
180.488
6.99144
95.2845
0
-1.73599e-14
10.1387
237.715
-19.699
11.2919
-19.699
0
3.04463
163.551
3.04463
86.7767
0
0
6.16112
214.311
-7.93905
31.0685
-7.93905
0
5.37897
139.374
5.37897
84.6707
15.9735
138.963
4.7818
175.805
