3.5
0.6233
0.273874
0.8817
0.4183
0
-1.3
-2.1817
2.6
-1.3
1.0451
-0.0491
-0.0805127
-0.842146
0.046422
-0.167217
0.743902
-0.185666
-0.582501
0.0242646
-0.743902
0.533972
-0.533972
-0.3304
2.0653
1.91081
-3
0.621883
0.278202
0.87475
0.413578
0.00932264
-1.29765
-2.17435
2.58591
-1.28631
1.01783
-0.0672011
-0.138686
-0.754536
0.041264
-0.148637
0.661247
-0.165037
-0.517779
0.0215685
-0.661247
0.474641
-0.474641
-0.293689
1.83582
1.6985
-2.66667
0.620467
0.282531
0.867801
0.408857
0.0186453
-1.2953
-2.16701
2.57182
-1.27261
0.990551
-0.0853023
-0.19686
-0.666925
0.036106
-0.130057
0.578591
-0.144407
-0.453056
0.0188724
-0.578591
0.415311
-0.415311
-0.256978
1.60634
1.48618
-2.33333
0.61905
0.286859
0.860851
0.404135
0.0279679
-1.29295
-2.15966
2.55773
-1.25892
0.963277
-0.103403
-0.255034
-0.579315
0.030948
-0.111478
0.495935
-0.123777
-0.388334
0.0161763
-0.495935
0.355981
-0.355981
-0.220267
1.37687
1.27387
-2
0.617634
0.291187
0.853902
0.399414
0.0372906
-1.29061
-2.15231
2.54364
-1.24523
0.936003
-0.121505
-0.313208
-0.491704
0.02579
-0.0928981
0.413279
-0.103148
-0.323611
0.0134802
-0.413279
0.296651
-0.296651
-0.183556
1.14739
1.06156
-1.66667
0.616217
0.295515
0.846952
0.394692
0.0466132
-1.28826
-2.14497
2.52955
-1.23154
0.908728
-0.139606
-0.371381
-0.404094
0.020632
-0.0743185
0.330623
-0.0825184
-0.258889
0.0107842
-0.330623
0.237321
-0.237321
-0.146845
0.917912
0.849248
-1.33333
0.614801
0.299843
0.840003
0.389971
0.0559358
-1.28591
-2.13762
2.51546
-1.21784
0.881454
-0.157707
-0.429555
-0.316484
0.015474
-0.0557389
0.247967
-0.0618888
-0.194167
0.00808806
-0.247967
0.177991
-0.177991
-0.110134
0.688434
0.636936
-1
0.613384
0.304171
0.833053
0.385249
0.0652585
-1.28356
-2.13027
2.50137
-1.20415
0.85418
-0.175808
-0.487729
-0.228873
0.010316
-0.0371593
0.165312
-0.0412593
-0.129444
0.00539196
-0.165312
0.11866
-0.11866
-0.0734228
0.458957
0.424624
-0.666666
0.611968
0.3085
0.826103
0.380527
0.0745811
-1.28121
-2.12293
2.48728
-1.19046
0.826905
-0.193909
-0.545903
-0.141263
0.00515799
-0.0185796
0.0826558
-0.0206297
-0.0647219
0.00269586
-0.0826558
0.0593302
-0.0593302
-0.0367117
0.229479
0.212312
-0.333333
0.610551
0.312828
0.819154
0.375806
0.0839038
-1.27886
-2.11558
2.47319
-1.17677
0.799631
-0.21201
-0.604076
-0.0536525
-1.32357e-09
-1.38328e-08
-5.7199e-08
-1.355e-07
4.2431e-07
-2.31612e-07
2.47654e-08
4.47165e-08
-1.22832e-08
-7.06727e-07
1.23609e-06
-3.43042e-07
5.68989e-07
-1.73093
-0.802855
8.8878
11.0073
-61.362
14.0824
-18.3236
-20.6691
-15.1916
13.1607
-1.14502
-0.650242
8.82753
11.6095
-60.3656
13.9971
-19.7709
-21.8372
-13.8734
11.625
-0.60365
-0.529861
8.74413
12.1488
-59.2952
13.8774
-21.1075
-22.8589
-12.5949
9.99583
-0.112845
-0.443256
8.63938
12.6242
-58.1493
13.724
-22.3229
-23.7252
-11.3661
8.28033
0.320358
-0.392587
8.51514
13.035
-56.9266
13.5375
-23.4061
-24.4274
-10.1952
6.48834
0.687904
-0.380669
8.37335
13.3803
-55.6261
13.3184
-24.3464
-24.9574
-9.08843
4.63213
0.980677
-0.411001
8.21606
13.6592
-54.247
13.0674
-25.1329
-25.3071
-8.05048
2.72657
1.18847
-0.487804
8.04537
13.871
-52.7889
12.7848
-25.7545
-25.469
-7.08388
0.789019
1.29998
-0.616049
7.86346
14.0144
-51.2518
12.4709
-26.2
-25.436
-6.18907
-1.16063
0.901007
-1.04507
7.62745
13.9286
-49.0741
11.9707
-25.7675
-24.661
-5.07126
-3.18969
17.1162
55.4461
17.1162
12.5411
24.4288
166.304
24.4288
113.809
0
0
20.9367
205.563
17.0216
54.9752
17.0216
12.3787
24.3801
165.24
24.3801
113.24
0
0
21.8882
204.2
16.8489
54.4627
16.8489
12.2406
24.229
163.942
24.229
112.522
0
0
22.5722
202.619
16.6089
53.9136
16.6089
12.1372
23.9834
162.402
23.9834
111.651
0
0
22.9945
200.789
16.3127
53.3347
16.3127
12.0805
23.6514
160.609
23.6514
110.626
0
0
23.1614
198.681
15.972
52.7337
15.972
12.084
23.2407
158.556
23.2407
109.444
0
0
23.0808
196.262
15.5987
52.1199
15.5987
12.1626
22.7591
156.233
22.7591
108.106
0
0
22.762
193.502
15.205
51.5039
15.205
12.3332
22.2142
153.631
22.2142
106.612
0
0
22.2159
190.371
14.8035
50.8977
14.8035
12.6139
21.6133
150.743
21.6133
104.963
0
0
21.4554
186.838
14.4596
50.371
14.4596
13.6575
20.7781
145.954
20.7781
102.343
0
0
20.2097
180.71
