1.8
0.6233
0.273874
0.8817
0.4183
0
-1.3
-2.1817
2.6
-1.3
1.0451
-0.0491
-0.0805127
-0.842146
0.046422
-0.167217
0.743902
-0.185666
-0.582501
0.0242646
-0.743902
0.533972
-0.533972
-0.3304
2.0653
1.91081
-3
0.623453
0.274411
0.883416
0.420662
0.000904806
-1.3
-2.1817
2.59828
-1.3
1.0451
-0.0491
-0.0810316
-0.842141
0.0464141
-0.16718
0.7438
-0.185666
-0.582501
0.0242646
-0.743786
0.533853
-0.533867
-0.3304
2.0653
1.9109
-3
0.623607
0.274947
0.885133
0.423024
0.00180961
-1.3
-2.1817
2.59657
-1.3
1.0451
-0.0491
-0.0815504
-0.842136
0.0464062
-0.167142
0.743697
-0.185666
-0.582501
0.0242646
-0.743669
0.533735
-0.533762
-0.3304
2.0653
1.91099
-3
0.62376
0.275483
0.886849
0.425386
0.00271442
-1.3
-2.1817
2.59485
-1.3
1.0451
-0.0491
-0.0820693
-0.842131
0.0463984
-0.167105
0.743594
-0.185666
-0.582501
0.0242646
-0.743553
0.533616
-0.533657
-0.3304
2.0653
1.91108
-3
0.623913
0.276019
0.888565
0.427748
0.00361922
-1.3
-2.1817
2.59313
-1.3
1.0451
-0.0491
-0.0825882
-0.842126
0.0463905
-0.167068
0.743491
-0.185666
-0.582501
0.0242646
-0.743436
0.533498
-0.533552
-0.3304
2.0653
1.91117
-3
0.624067
0.276556
0.890281
0.43011
0.00452403
-1.3
-2.1817
2.59142
-1.3
1.0451
-0.0491
-0.083107
-0.842121
0.0463827
-0.167031
0.743388
-0.185666
-0.582501
0.0242646
-0.74332
0.533379
-0.533447
-0.3304
2.0653
1.91126
-3
0.62422
0.277092
0.891998
0.432472
0.00542883
-1.3
-2.1817
2.5897
-1.3
1.0451
-0.0491
-0.0836259
-0.842116
0.0463748
-0.166994
0.743285
-0.185666
-0.582501
0.0242646
-0.743203
0.533261
-0.533343
-0.3304
2.0653
1.91135
-3
0.624373
0.277628
0.893714
0.434833
0.00633364
-1.3
-2.1817
2.58799
-1.3
1.0451
-0.0491
-0.0841447
-0.842111
0.0463669
-0.166957
0.743182
-0.185666
-0.582501
0.0242646
-0.743087
0.533142
-0.533238
-0.3304
2.0653
1.91144
-3
0.624527
0.278165
0.89543
0.437195
0.00723845
-1.3
-2.1817
2.58627
-1.3
1.0451
-0.0491
-0.0846636
-0.842106
0.0463591
-0.16692
0.743079
-0.185666
-0.582501
0.0242646
-0.74297
0.533024
-0.533133
-0.3304
2.0653
1.91153
-3
0.62468
0.278701
0.897147
0.439557
0.00814325
-1.3
-2.1817
2.58455
-1.3
1.0451
-0.0491
-0.0851825
-0.842101
0.0463512
-0.166883
0.742976
-0.185666
-0.582501
0.0242646
-0.742853
0.532905
-0.533028
-0.3304
2.0653
1.91162
-3
18.4369
11.799
10.8319
15.8821
-100
22.7141
-29.4959
-37.8872
-39.5705
22.5931
18.3669
11.6837
10.6868
16.0802
-100
22.7855
-29.527
-37.8999
-39.5294
22.6221
18.2982
11.5696
10.5416
16.2785
-100
22.8567
-29.558
-37.9124
-39.4878
22.651
18.2309
11.4567
10.3965
16.4771
-100
22.9277
-29.5887
-37.9248
-39.4457
22.6799
18.1649
11.345
10.2514
16.6758
-100
22.9985
-29.6194
-37.9371
-39.4031
22.7088
18.1003
11.2346
10.1063
16.8748
-100
23.0691
-29.6498
-37.9491
-39.36
22.7376
18.0371
11.1254
9.96128
17.0739
-100
23.1394
-29.6801
-37.9611
-39.3164
22.7665
17.9752
11.0175
9.81625
17.2732
-100
23.2096
-29.7103
-37.9729
-39.2724
22.7953
17.9147
10.9107
9.67125
17.4727
-100
23.2795
-29.7402
-37.9845
-39.2279
22.8241
-35.088
-21.8534
5.70109
2.89477
6.04008
-0.0861237
0.356011
7.54347
24.2685
-2.48201
7.73881
55.6317
7.73881
0
28.7188
270.777
28.7188
166.656
0
0
30.5943
343.317
0
0
0
0
29.1387
270.802
29.1387
166.814
0
0
31.0533
343.314
0
0
0
0
29.5585
270.825
29.5585
166.97
0
0
31.5123
343.307
0
0
0
0
29.9781
270.844
29.9781
167.124
0
1.87806e-14
31.9716
343.297
0
0
0
0
30.3974
270.861
30.3974
167.276
0
0
32.4309
343.284
0
0
0
0
30.8164
270.875
30.8164
167.426
0
0
32.8903
343.267
0
0
0
0
31.2352
270.886
31.2352
167.574
0
0
33.3497
343.247
0
0
0
0
31.6537
270.894
31.6537
167.72
0
-1.6185e-14
33.8092
343.224
0
0
9.74335e-17
0
32.0719
270.899
32.0719
167.864
0
-1.38598e-14
34.2687
343.196
0
0
0
0
16.5603
0
16.5603
27.8599
0
0
4.5135
-17.7757
