2.88
0.6233
0.273874
0.8817
0.4183
0
-1.3
-2.1817
2.6
-1.3
1.0451
-0.0491
-0.0805127
-0.842146
0.046422
-0.167217
0.743902
-0.185666
-0.582501
0.0242646
-0.743902
0.533972
-0.533972
-0.3304
2.0653
1.91081
-3
0.622335
0.277063
0.888691
0.406183
0
-1.29487
-2.1817
2.602
-1.3
1.0451
-0.0491
-0.0881025
-0.838236
0.0467149
-0.165257
0.740526
-0.185609
-0.581376
0.0264584
-0.743902
0.533972
-0.533972
-0.3304
2.0653
1.90886
-3
0.62137
0.280252
0.895682
0.394067
0
-1.28975
-2.1817
2.604
-1.3
1.0451
-0.0491
-0.0956923
-0.834326
0.0470078
-0.163296
0.73715
-0.185552
-0.58025
0.0286523
-0.743902
0.533972
-0.533972
-0.3304
2.0653
1.9069
-3
0.620405
0.28344
0.902673
0.38195
0
-1.28462
-2.1817
2.606
-1.3
1.0451
-0.0491
-0.103282
-0.830417
0.0473008
-0.161336
0.733774
-0.185495
-0.579125
0.0308461
-0.743902
0.533972
-0.533972
-0.3304
2.0653
1.90495
-3
0.61944
0.286629
0.909664
0.369833
0
-1.2795
-2.1817
2.608
-1.3
1.0451
-0.0491
-0.110872
-0.826507
0.0475937
-0.159376
0.730398
-0.185439
-0.578
0.0330399
-0.743902
0.533972
-0.533972
-0.3304
2.0653
1.903
-3
0.618475
0.289818
0.916655
0.357716
0
-1.27437
-2.1817
2.61
-1.3
1.0451
-0.0491
-0.118462
-0.822597
0.0478867
-0.157416
0.727022
-0.185382
-0.576874
0.0352337
-0.743902
0.533972
-0.533972
-0.3304
2.0653
1.90105
-3
0.61751
0.293006
0.923646
0.3456
0
-1.26925
-2.1817
2.612
-1.3
1.0451
-0.0491
-0.126051
-0.818687
0.0481796
-0.155456
0.723646
-0.185325
-0.575749
0.0374275
-0.743902
0.533972
-0.533972
-0.3304
2.0653
1.89909
-3
0.616545
0.296195
0.930637
0.333483
0
-1.26412
-2.1817
2.614
-1.3
1.0451
-0.0491
-0.133641
-0.814777
0.0484725
-0.153496
0.72027
-0.185268
-0.574623
0.0396213
-0.743902
0.533972
-0.533972
-0.3304
2.0653
1.89714
-3
0.61558
0.299383
0.937628
0.321366
0
-1.25899
-2.1817
2.616
-1.3
1.0451
-0.0491
-0.141231
-0.810867
0.0487655
-0.151536
0.716894
-0.185211
-0.573498
0.0418151
-0.743902
0.533972
-0.533972
-0.3304
2.0653
1.89519
-3
0.614615
0.302572
0.944619
0.309249
0
-1.25387
-2.1817
2.618
-1.3
1.0451
-0.0491
-0.148821
-0.806958
0.0490584
-0.149576
0.713518
-0.185154
-0.572373
0.0440089
-0.743902
0.533972
-0.533972
-0.3304
2.0653
1.89323
-3
7.81346
5.30143
9.88946
13.6919
-82.6084
18.5066
-23.821
-29.361
-27.7109
17.9471
7.88573
5.39517
9.98563
12.8204
-82.6237
18.1176
-23.4094
-29.0594
-27.5848
17.8636
7.95789
5.48829
10.0805
11.9576
-82.6245
17.7294
-22.9963
-28.7563
-27.4561
17.7802
8.02995
5.58077
10.1739
11.1037
-82.6109
17.3423
-22.5818
-28.4518
-27.3247
17.697
8.10192
5.6726
10.2661
10.2587
-82.583
16.9562
-22.1658
-28.1459
-27.1908
17.6139
8.17381
5.76379
10.3568
9.42298
-82.5408
16.5713
-21.7485
-27.8387
-27.0544
17.531
8.24562
5.8543
10.446
8.59648
-82.4845
16.1877
-21.3301
-27.5303
-26.9155
17.4483
8.31735
5.94415
10.5339
7.77938
-82.4141
15.8053
-20.9105
-27.2208
-26.7742
17.3657
8.38902
6.03331
10.6202
6.9718
-82.3297
15.4244
-20.49
-26.9101
-26.6304
17.2833
-21.2165
-13.478
6.72402
3.52057
-17.4008
4.08267
-4.87453
-0.907186
11.4529
1.89217
12.4377
55.6584
12.4377
-1.02377e-15
26.3997
219.997
26.3997
141.266
0
0
25.7683
276.216
13.0292
55.7921
13.0292
0
0
0
0
0
0
0
26.3835
275.714
13.6147
55.9286
13.6147
8.2522e-16
0
0
0
1.56316e-14
0
0
26.9964
275.193
14.1941
56.068
14.1941
0
0
0
0
0
0
0
27.6068
274.655
14.7672
56.2102
14.7672
0
0
0
0
0
0
0
28.2145
274.099
15.334
56.3549
15.334
0
0
0
0
2.31266e-14
0
0
28.8195
273.524
15.8943
56.5022
15.8943
0
0
0
0
0
0
-2.03013e-14
29.4215
272.933
16.448
56.6519
16.448
0
0
0
4.15889e-15
0
0
0
30.0203
272.323
16.9951
56.8039
16.9951
0
0
0
0
0
0
0
30.6159
271.696
27.0099
55.8536
27.0099
54.506
0
-6.06299e-15
0
0
0
0
10.5414
54.7931
