3.5
0.6233
0.273874
0.8817
0.4183
0
-1.3
-2.1817
2.6
-1.3
1.0451
-0.0491
-0.0805127
-0.842146
0.046422
-0.167217
0.743902
-0.185666
-0.582501
0.0242646
-0.743902
0.533972
-0.533972
-0.3304
2.0653
1.91081
-3
0.623453
0.274411
0.883416
0.420662
0.000904806
-1.3
-2.1817
2.59828
-1.3
1.0451
-0.0491
-0.0810316
-0.842141
0.0464141
-0.16718
0.7438
-0.185666
-0.582501
0.0242646
-0.743786
0.533853
-0.533867
-0.3304
2.0653
1.9109
-3
0.623607
0.274947
0.885133
0.423024
0.00180961
-1.3
-2.1817
2.59657
-1.3
1.0451
-0.0491
-0.0815504
-0.842136
0.0464062
-0.167142
0.743697
-0.185666
-0.582501
0.0242646
-0.743669
0.533735
-0.533762
-0.3304
2.0653
1.91099
-3
0.62376
0.275483
0.886849
0.425386
0.00271442
-1.3
-2.1817
2.59485
-1.3
1.0451
-0.0491
-0.0820693
-0.842131
0.0463984
-0.167105
0.743594
-0.185666
-0.582501
0.0242646
-0.743553
0.533616
-0.533657
-0.3304
2.0653
1.91108
-3
0.623913
0.276019
0.888565
0.427748
0.00361922
-1.3
-2.1817
2.59313
-1.3
1.0451
-0.0491
-0.0825882
-0.842126
0.0463905
-0.167068
0.743491
-0.185666
-0.582501
0.0242646
-0.743436
0.533498
-0.533552
-0.3304
2.0653
1.91117
-3
0.624067
0.276556
0.890281
0.43011
0.00452403
-1.3
-2.1817
2.59142
-1.3
1.0451
-0.0491
-0.083107
-0.842121
0.0463827
-0.167031
0.743388
-0.185666
-0.582501
0.0242646
-0.74332
0.533379
-0.533447
-0.3304
2.0653
1.91126
-3
0.62422
0.277092
0.891998
0.432472
0.00542883
-1.3
-2.1817
2.5897
-1.3
1.0451
-0.0491
-0.0836259
-0.842116
0.0463748
-0.166994
0.743285
-0.185666
-0.582501
0.0242646
-0.743203
0.533261
-0.533343
-0.3304
2.0653
1.91135
-3
0.624373
0.277628
0.893714
0.434833
0.00633364
-1.3
-2.1817
2.58799
-1.3
1.0451
-0.0491
-0.0841447
-0.842111
0.0463669
-0.166957
0.743182
-0.185666
-0.582501
0.0242646
-0.743087
0.533142
-0.533238
-0.3304
2.0653
1.91144
-3
0.624527
0.278165
0.89543
0.437195
0.00723845
-1.3
-2.1817
2.58627
-1.3
1.0451
-0.0491
-0.0846636
-0.842106
0.0463591
-0.16692
0.743079
-0.185666
-0.582501
0.0242646
-0.74297
0.533024
-0.533133
-0.3304
2.0653
1.91153
-3
0.62468
0.278701
0.897147
0.439557
0.00814325
-1.3
-2.1817
2.58455
-1.3
1.0451
-0.0491
-0.0851825
-0.842101
0.0463512
-0.166883
0.742976
-0.185666
-0.582501
0.0242646
-0.742853
0.532905
-0.533028
-0.3304
2.0653
1.91162
-3
0.201324
0.407066
9.07444
11.4885
-65.3743
14.9106
-19.2639
-22.2753
-17.5141
14.0116
0.13964
0.315722
8.97627
11.6075
-65.3336
14.9537
-19.2728
-22.2773
-17.5029
14.024
0.0788589
0.225172
8.87802
11.7267
-65.292
14.9968
-19.2818
-22.2792
-17.4912
14.0365
0.0189826
0.135419
8.77971
11.8461
-65.2496
15.0397
-19.2906
-22.281
-17.4792
14.0489
-0.0399872
0.0464668
8.68133
11.9656
-65.2064
15.0825
-19.2995
-22.2828
-17.4669
14.0614
-0.0980487
-0.0416834
8.58289
12.0854
-65.1624
15.1253
-19.3083
-22.2846
-17.4542
14.074
-0.1552
-0.129029
8.48438
12.2053
-65.1175
15.1679
-19.317
-22.2862
-17.4411
14.0865
-0.21144
-0.215568
8.38582
12.3253
-65.0718
15.2104
-19.3257
-22.2878
-17.4277
14.0991
-0.266767
-0.301297
8.28721
12.4455
-65.0253
15.2529
-19.3343
-22.2894
-17.4139
14.1116
-16.9105
-10.6615
7.03898
8.00176
-31.1978
7.9688
-10.0711
-8.16211
2.48444
6.24721
16.2113
55.4735
16.2113
8.9627
24.8334
176.362
24.8334
118.903
0
0
21.8717
218.828
0
0
0
0
25.0708
176.405
25.0708
119.001
0
0
22.1432
218.873
0
0
0
0
25.3083
176.446
25.3083
119.097
0
0
22.415
218.915
0
0
0
0
25.546
176.485
25.546
119.192
0
0
22.687
218.955
0
0
0
0
25.7836
176.523
25.7836
119.286
0
0
22.9593
218.992
0
0
0
0
26.0214
176.558
26.0214
119.378
0
0
23.2319
219.028
0
0
0
0
26.2592
176.592
26.2592
119.47
0
0
23.5046
219.061
0
0
0
-8.93401e-16
26.4971
176.624
26.4971
119.56
0
0
23.7776
219.093
0
0
0
0
26.735
176.654
26.735
119.65
0
0
24.0508
219.122
0
0
0
0
22.0777
91.0215
22.0777
76.135
0
0
14.9179
106.258
