3.5
0.6233
0.273874
0.8817
0.4183
0
-1.3
-2.1817
2.6
-1.3
1.0451
-0.0491
-0.0805127
-0.842146
0.046422
-0.167217
0.743902
-0.185666
-0.582501
0.0242646
-0.743902
0.533972
-0.533972
-0.3304
2.0653
1.91081
-3
0.622335
0.277063
0.888691
0.406183
0
-1.29487
-2.1817
2.602
-1.3
1.0451
-0.0491
-0.0881025
-0.838236
0.0467149
-0.165257
0.740526
-0.185609
-0.581376
0.0264584
-0.743902
0.533972
-0.533972
-0.3304
2.0653
1.90886
-3
0.62137
0.280252
0.895682
0.394067
0
-1.28975
-2.1817
2.604
-1.3
1.0451
-0.0491
-0.0956923
-0.834326
0.0470078
-0.163296
0.73715
-0.185552
-0.58025
0.0286523
-0.743902
0.533972
-0.533972
-0.3304
2.0653
1.9069
-3
0.620405
0.28344
0.902673
0.38195
0
-1.28462
-2.1817
2.606
-1.3
1.0451
-0.0491
-0.103282
-0.830417
0.0473008
-0.161336
0.733774
-0.185495
-0.579125
0.0308461
-0.743902
0.533972
-0.533972
-0.3304
2.0653
1.90495
-3
0.61944
0.286629
0.909664
0.369833
0
-1.2795
-2.1817
2.608
-1.3
1.0451
-0.0491
-0.110872
-0.826507
0.0475937
-0.159376
0.730398
-0.185439
-0.578
0.0330399
-0.743902
0.533972
-0.533972
-0.3304
2.0653
1.903
-3
0.618475
0.289818
0.916655
0.357716
0
-1.27437
-2.1817
2.61
-1.3
1.0451
-0.0491
-0.118462
-0.822597
0.0478867
-0.157416
0.727022
-0.185382
-0.576874
0.0352337
-0.743902
0.533972
-0.533972
-0.3304
2.0653
1.90105
-3
0.61751
0.293006
0.923646
0.3456
0
-1.26925
-2.1817
2.612
-1.3
1.0451
-0.0491
-0.126051
-0.818687
0.0481796
-0.155456
0.723646
-0.185325
-0.575749
0.0374275
-0.743902
0.533972
-0.533972
-0.3304
2.0653
1.89909
-3
0.616545
0.296195
0.930637
0.333483
0
-1.26412
-2.1817
2.614
-1.3
1.0451
-0.0491
-0.133641
-0.814777
0.0484725
-0.153496
0.72027
-0.185268
-0.574623
0.0396213
-0.743902
0.533972
-0.533972
-0.3304
2.0653
1.89714
-3
0.61558
0.299383
0.937628
0.321366
0
-1.25899
-2.1817
2.616
-1.3
1.0451
-0.0491
-0.141231
-0.810867
0.0487655
-0.151536
0.716894
-0.185211
-0.573498
0.0418151
-0.743902
0.533972
-0.533972
-0.3304
2.0653
1.89519
-3
0.614615
0.302572
0.944619
0.309249
0
-1.25387
-2.1817
2.618
-1.3
1.0451
-0.0491
-0.148821
-0.806958
0.0490584
-0.149576
0.713518
-0.185154
-0.572373
0.0440089
-0.743902
0.533972
-0.533972
-0.3304
2.0653
1.89323
-3
0.556995
0.66566
9.13076
11.6804
-66.529
15.1553
-19.5501
-22.7454
-18.2212
14.2808
0.687231
0.776052
9.20456
10.9702
-66.6348
14.8574
-19.2195
-22.5113
-18.1619
14.2063
0.816914
0.885881
9.27756
10.2655
-66.7294
14.5596
-18.887
-22.2756
-18.1004
14.1319
0.946052
0.995141
9.34975
9.56647
-66.8129
14.262
-18.5527
-22.0384
-18.0367
14.0577
1.07465
1.10383
9.42112
8.8731
-66.8852
13.9647
-18.2167
-21.7996
-17.9708
13.9836
1.20272
1.21193
9.49164
8.18557
-66.9464
13.6677
-17.8791
-21.5594
-17.9027
13.9097
1.33027
1.31945
9.5613
7.50398
-66.9965
13.371
-17.5398
-21.3178
-17.8325
13.8359
1.45729
1.42637
9.63008
6.82845
-67.0357
13.0748
-17.1991
-21.0748
-17.7601
13.7623
1.5838
1.53269
9.69797
6.15909
-67.0638
12.779
-16.857
-20.8305
-17.6857
13.6889
-14.4546
-8.98216
7.67941
4.20035
-32.6331
6.66247
-8.44033
-6.93636
2.55053
5.48745
15.9727
55.5223
15.9727
7.92324
24.885
179.369
24.885
120.509
0
0
22.1043
222.75
16.4031
55.6241
16.4031
8.17366
0
0
0
0
0
0
22.5859
222.551
16.83
55.7289
16.83
8.42908
4.40992e-15
0
0
0
0
0
23.0672
222.34
17.2534
55.8366
17.2534
8.68941
0
0
0
0
0
0
23.548
222.116
17.6732
55.9471
17.6732
8.95455
0
0
-3.93512e-15
0
0
0
24.0282
221.879
18.0892
56.0603
18.0892
9.22444
0
0
0
0
0
0
24.5076
221.629
18.5014
56.1762
18.5014
9.49896
0
0
0
0
0
0
24.9861
221.366
18.9097
56.2947
18.9097
9.77804
0
0
0
0
0
0
25.4636
221.091
19.3141
56.4158
19.3141
10.0616
0
0
0
0
0
0
25.9401
220.803
24.8723
56.3201
24.8723
41.2507
0
0
3.28848e-15
0
0
-8.55317e-15
15.3957
105.633
