1.62
0.6233
0.273874
0.8817
0.4183
0
-1.3
-2.1817
2.6
-1.3
1.0451
-0.0491
-0.0805127
-0.842146
0.046422
-0.167217
0.743902
-0.185666
-0.582501
0.0242646
-0.743902
0.533972
-0.533972
-0.3304
2.0653
1.91081
-3
0.622335
0.277063
0.888691
0.406183
0
-1.29487
-2.1817
2.602
-1.3
1.0451
-0.0491
-0.0881025
-0.838236
0.0467149
-0.165257
0.740526
-0.185609
-0.581376
0.0264584
-0.743902
0.533972
-0.533972
-0.3304
2.0653
1.90886
-3
0.62137
0.280252
0.895682
0.394067
0
-1.28975
-2.1817
2.604
-1.3
1.0451
-0.0491
-0.0956923
-0.834326
0.0470078
-0.163296
0.73715
-0.185552
-0.58025
0.0286523
-0.743902
0.533972
-0.533972
-0.3304
2.0653
1.9069
-3
0.620405
0.28344
0.902673
0.38195
0
-1.28462
-2.1817
2.606
-1.3
1.0451
-0.0491
-0.103282
-0.830417
0.0473008
-0.161336
0.733774
-0.185495
-0.579125
0.0308461
-0.743902
0.533972
-0.533972
-0.3304
2.0653
1.90495
-3
0.61944
0.286629
0.909664
0.369833
0
-1.2795
-2.1817
2.608
-1.3
1.0451
-0.0491
-0.110872
-0.826507
0.0475937
-0.159376
0.730398
-0.185439
-0.578
0.0330399
-0.743902
0.533972
-0.533972
-0.3304
2.0653
1.903
-3
0.618475
0.289818
0.916655
0.357716
0
-1.27437
-2.1817
2.61
-1.3
1.0451
-0.0491
-0.118462
-0.822597
0.0478867
-0.157416
0.727022
-0.185382
-0.576874
0.0352337
-0.743902
0.533972
-0.533972
-0.3304
2.0653
1.90105
-3
0.61751
0.293006
0.923646
0.3456
0
-1.26925
-2.1817
2.612
-1.3
1.0451
-0.0491
-0.126051
-0.818687
0.0481796
-0.155456
0.723646
-0.185325
-0.575749
0.0374275
-0.743902
0.533972
-0.533972
-0.3304
2.0653
1.89909
-3
0.616545
0.296195
0.930637
0.333483
0
-1.26412
-2.1817
2.614
-1.3
1.0451
-0.0491
-0.133641
-0.814777
0.0484725
-0.153496
0.72027
-0.185268
-0.574623
0.0396213
-0.743902
0.533972
-0.533972
-0.3304
2.0653
1.89714
-3
0.61558
0.299383
0.937628
0.321366
0
-1.25899
-2.1817
2.616
-1.3
1.0451
-0.0491
-0.141231
-0.810867
0.0487655
-0.151536
0.716894
-0.185211
-0.573498
0.0418151
-0.743902
0.533972
-0.533972
-0.3304
2.0653
1.89519
-3
0.614615
0.302572
0.944619
0.309249
0
-1.25387
-2.1817
2.618
-1.3
1.0451
-0.0491
-0.148821
-0.806958
0.0490584
-0.149576
0.713518
-0.185154
-0.572373
0.0440089
-0.743902
0.533972
-0.533972
-0.3304
2.0653
1.89323
-3
19.2144
12.6878
11.2368
17.3167
-100
24.1585
-31.0273
-40.513
-43.6553
24.148
19.1948
12.7556
11.3693
16.1717
-100
23.6156
-30.4778
-40.0964
-43.4195
24.0473
19.1756
12.8226
11.4994
15.0408
-100
23.0749
-29.9271
-39.6785
-43.1804
23.9468
19.157
12.8888
11.6273
13.9243
-100
22.5366
-29.3754
-39.2594
-42.938
23.8465
19.139
12.9542
11.7529
12.8224
-100
22.0007
-28.8229
-38.8392
-42.6924
23.7463
19.1215
13.0188
11.8762
11.7351
-100
21.4675
-28.2697
-38.4179
-42.4437
23.6463
19.1046
13.0826
11.9971
10.6626
-100
20.9369
-27.716
-37.9957
-42.192
23.5465
19.0883
13.1455
12.1156
9.6052
-100
20.4091
-27.1618
-37.5728
-41.9372
23.4469
19.0726
13.2076
12.2317
8.56289
-100
19.8843
-26.6074
-37.1491
-41.6796
23.3474
-31.8319
-20.6458
5.05834
2.15536
8.23595
-0.265965
1.12753
9.24527
26.4332
-4.17118
6.78592
56.6355
6.78592
0
28.8827
288.631
28.8827
176.862
-6.20049e-14
0
31.9092
366.276
7.64204
56.8185
7.64204
0
0
0
0
0
0
0
32.7437
365.263
8.48788
57.0046
8.48788
0
0
0
0
0
0
0
33.5728
364.223
9.32327
57.1933
9.32327
0
0
0
0
0
0
0
34.396
363.156
10.148
57.3848
10.148
0
0
-4.95465e-14
0
0
0
0
35.2133
362.063
10.9621
57.5786
10.9621
0
0
0
0
0
0
0
36.0242
360.945
11.7652
57.7748
11.7652
0
0
0
0
0
0
0
36.8287
359.8
12.5572
57.9731
12.5572
0
0
0
0
0
0
0
37.6264
358.63
13.338
58.1733
13.338
0
0
0
0
0
0
0
38.4172
357.434
30.3687
54.3571
30.3687
76.032
0
0
0
0
0
0
2.44611
-30.8515
