3.24
0.6233
0.273874
0.8817
0.4183
0
-1.3
-2.1817
2.6
-1.3
1.0451
-0.0491
-0.0805127
-0.842146
0.046422
-0.167217
0.743902
-0.185666
-0.582501
0.0242646
-0.743902
0.533972
-0.533972
-0.3304
2.0653
1.91081
-3
0.621883
0.278202
0.87475
0.413578
0.00932264
-1.29765
-2.17435
2.58591
-1.28631
1.01783
-0.0672011
-0.138686
-0.754536
0.041264
-0.148637
0.661247
-0.165037
-0.517779
0.0215685
-0.661247
0.474641
-0.474641
-0.293689
1.83582
1.6985
-2.66667
0.620467
0.282531
0.867801
0.408857
0.0186453
-1.2953
-2.16701
2.57182
-1.27261
0.990551
-0.0853023
-0.19686
-0.666925
0.036106
-0.130057
0.578591
-0.144407
-0.453056
0.0188724
-0.578591
0.415311
-0.415311
-0.256978
1.60634
1.48618
-2.33333
0.61905
0.286859
0.860851
0.404135
0.0279679
-1.29295
-2.15966
2.55773
-1.25892
0.963277
-0.103403
-0.255034
-0.579315
0.030948
-0.111478
0.495935
-0.123777
-0.388334
0.0161763
-0.495935
0.355981
-0.355981
-0.220267
1.37687
1.27387
-2
0.617634
0.291187
0.853902
0.399414
0.0372906
-1.29061
-2.15231
2.54364
-1.24523
0.936003
-0.121505
-0.313208
-0.491704
0.02579
-0.0928981
0.413279
-0.103148
-0.323611
0.0134802
-0.413279
0.296651
-0.296651
-0.183556
1.14739
1.06156
-1.66667
0.616217
0.295515
0.846952
0.394692
0.0466132
-1.28826
-2.14497
2.52955
-1.23154
0.908728
-0.139606
-0.371381
-0.404094
0.020632
-0.0743185
0.330623
-0.0825184
-0.258889
0.0107842
-0.330623
0.237321
-0.237321
-0.146845
0.917912
0.849248
-1.33333
0.614801
0.299843
0.840003
0.389971
0.0559358
-1.28591
-2.13762
2.51546
-1.21784
0.881454
-0.157707
-0.429555
-0.316484
0.015474
-0.0557389
0.247967
-0.0618888
-0.194167
0.00808806
-0.247967
0.177991
-0.177991
-0.110134
0.688434
0.636936
-1
0.613384
0.304171
0.833053
0.385249
0.0652585
-1.28356
-2.13027
2.50137
-1.20415
0.85418
-0.175808
-0.487729
-0.228873
0.010316
-0.0371593
0.165312
-0.0412593
-0.129444
0.00539196
-0.165312
0.11866
-0.11866
-0.0734228
0.458957
0.424624
-0.666666
0.611968
0.3085
0.826103
0.380527
0.0745811
-1.28121
-2.12293
2.48728
-1.19046
0.826905
-0.193909
-0.545903
-0.141263
0.00515799
-0.0185796
0.0826558
-0.0206297
-0.0647219
0.00269586
-0.0826558
0.0593302
-0.0593302
-0.0367117
0.229479
0.212312
-0.333333
0.610551
0.312828
0.819154
0.375806
0.0839038
-1.27886
-2.11558
2.47319
-1.17677
0.799631
-0.21201
-0.604076
-0.0536525
-1.32357e-09
-1.38328e-08
-5.7199e-08
-1.355e-07
4.2431e-07
-2.31612e-07
2.47654e-08
4.47165e-08
-1.22832e-08
-7.06727e-07
1.23609e-06
-3.43042e-07
5.68989e-07
6.80043
4.55384
9.65986
12.9344
-78.7698
17.7123
-23.553
-28.0411
-25.5784
17.3622
6.88026
4.37722
9.56903
13.6427
-76.1135
17.3682
-25.2901
-29.1809
-22.959
15.0823
6.84191
4.12
9.439
14.218
-73.3352
16.9587
-26.7381
-29.9995
-20.4299
12.7513
6.66979
3.77657
9.27285
14.6565
-70.4294
16.4839
-27.8814
-30.4851
-18.0017
10.3876
6.34573
3.33984
9.074
14.9549
-67.391
15.944
-28.7045
-30.6262
-15.6812
8.01411
5.84889
2.80113
8.84617
15.1098
-64.2158
15.3392
-29.191
-30.4117
-13.4713
5.65846
5.15577
2.15012
8.59337
15.1179
-60.9
14.6696
-29.3242
-29.8309
-11.3707
3.35294
4.24011
1.37477
8.31987
14.9758
-57.4409
13.9349
-29.0868
-28.8737
-9.3739
1.13475
3.07295
0.461264
8.03021
14.68
-53.8369
13.135
-28.4609
-27.5307
-7.47021
-0.954009
-0.461731
-1.86979
7.49515
13.397
-47.1712
11.4645
-23.844
-22.9886
-4.12426
-3.3315
13.0923
54.9762
13.0923
0
26.1834
210.044
26.1834
135.71
0
-1.49536e-14
24.916
263.313
13.5422
54.4399
13.5422
0
26.2614
205.284
26.2614
133.329
0
0
26.2114
257.07
13.8644
53.8679
13.8644
-2.05994e-16
26.1484
200.078
26.1484
130.674
0
0
26.9973
250.368
14.0795
53.2724
14.0795
0
25.8583
194.398
25.8583
127.736
0
0
27.2984
243.136
14.2098
52.6689
14.2098
1.39054
25.4055
188.218
25.4055
124.508
0
0
27.1428
235.302
14.2791
52.0762
14.2791
3.08329
24.8044
181.509
24.8044
120.982
0
-8.88189e-15
26.5623
226.794
14.3124
51.5166
14.3124
5.00342
24.0697
174.247
24.0697
117.156
0
0
25.5926
217.542
14.3359
51.016
14.3359
7.1929
23.2158
166.405
23.2158
113.027
0
0
24.2745
207.478
14.3768
50.604
14.3768
9.69783
22.257
157.958
22.257
108.595
0
0
22.6542
196.536
14.7373
50.6051
14.7373
15.8509
20.2458
140.554
20.2458
99.6184
0
0
19.2992
173.422
