2.34
0.6233
0.273874
0.8817
0.4183
0
-1.3
-2.1817
2.6
-1.3
1.0451
-0.0491
-0.0805127
-0.842146
0.046422
-0.167217
0.743902
-0.185666
-0.582501
0.0242646
-0.743902
0.533972
-0.533972
-0.3304
2.0653
1.91081
-3
0.622335
0.277063
0.888691
0.406183
0
-1.29487
-2.1817
2.602
-1.3
1.0451
-0.0491
-0.0881025
-0.838236
0.0467149
-0.165257
0.740526
-0.185609
-0.581376
0.0264584
-0.743902
0.533972
-0.533972
-0.3304
2.0653
1.90886
-3
0.62137
0.280252
0.895682
0.394067
0
-1.28975
-2.1817
2.604
-1.3
1.0451
-0.0491
-0.0956923
-0.834326
0.0470078
-0.163296
0.73715
-0.185552
-0.58025
0.0286523
-0.743902
0.533972
-0.533972
-0.3304
2.0653
1.9069
-3
0.620405
0.28344
0.902673
0.38195
0
-1.28462
-2.1817
2.606
-1.3
1.0451
-0.0491
-0.103282
-0.830417
0.0473008
-0.161336
0.733774
-0.185495
-0.579125
0.0308461
-0.743902
0.533972
-0.533972
-0.3304
2.0653
1.90495
-3
0.61944
0.286629
0.909664
0.369833
0
-1.2795
-2.1817
2.608
-1.3
1.0451
-0.0491
-0.110872
-0.826507
0.0475937
-0.159376
0.730398
-0.185439
-0.578
0.0330399
-0.743902
0.533972
-0.533972
-0.3304
2.0653
1.903
-3
0.618475
0.289818
0.916655
0.357716
0
-1.27437
-2.1817
2.61
-1.3
1.0451
-0.0491
-0.118462
-0.822597
0.0478867
-0.157416
0.727022
-0.185382
-0.576874
0.0352337
-0.743902
0.533972
-0.533972
-0.3304
2.0653
1.90105
-3
0.61751
0.293006
0.923646
0.3456
0
-1.26925
-2.1817
2.612
-1.3
1.0451
-0.0491
-0.126051
-0.818687
0.0481796
-0.155456
0.723646
-0.185325
-0.575749
0.0374275
-0.743902
0.533972
-0.533972
-0.3304
2.0653
1.89909
-3
0.616545
0.296195
0.930637
0.333483
0
-1.26412
-2.1817
2.614
-1.3
1.0451
-0.0491
-0.133641
-0.814777
0.0484725
-0.153496
0.72027
-0.185268
-0.574623
0.0396213
-0.743902
0.533972
-0.533972
-0.3304
2.0653
1.89714
-3
0.61558
0.299383
0.937628
0.321366
0
-1.25899
-2.1817
2.616
-1.3
1.0451
-0.0491
-0.141231
-0.810867
0.0487655
-0.151536
0.716894
-0.185211
-0.573498
0.0418151
-0.743902
0.533972
-0.533972
-0.3304
2.0653
1.89519
-3
0.614615
0.302572
0.944619
0.309249
0
-1.25387
-2.1817
2.618
-1.3
1.0451
-0.0491
-0.148821
-0.806958
0.0490584
-0.149576
0.713518
-0.185154
-0.572373
0.0440089
-0.743902
0.533972
-0.533972
-0.3304
2.0653
1.89323
-3
11.2866
7.53733
10.2784
14.7318
-90.5998
20.1749
-25.9476
-32.6534
-32.4249
19.7751
11.3309
7.62314
10.3855
13.7798
-90.5705
19.7404
-25.4955
-32.318
-32.266
19.6868
11.3754
7.70828
10.4909
12.8381
-90.5251
19.3073
-25.0421
-31.9812
-32.1044
19.5986
11.42
7.79274
10.5948
11.9068
-90.4637
18.8755
-24.5872
-31.643
-31.9399
19.5106
11.4647
7.87652
10.697
10.9862
-90.3864
18.4453
-24.1311
-31.3035
-31.7726
19.4228
11.5095
7.9596
10.7975
10.0764
-90.2933
18.0166
-23.674
-30.9628
-31.6027
19.3351
11.5545
8.04198
10.8963
9.17752
-90.1844
17.5896
-23.2158
-30.6209
-31.4301
19.2475
11.5995
8.12363
10.9933
8.28968
-90.06
17.1644
-22.7567
-30.278
-31.2549
19.1602
11.6447
8.20456
11.0887
7.41303
-89.9202
16.741
-22.2969
-29.9342
-31.0771
19.073
-24.4515
-15.6472
6.23937
3.1458
-9.82689
2.7988
-3.1014
2.09154
15.879
0.102438
10.7295
55.8505
10.7295
0
27.1418
240.241
27.1418
151.697
0
0
27.5859
302.814
11.4001
55.9992
11.4001
-1.64712e-15
0
0
0
0
0
0
28.2666
302.16
12.0633
56.1509
12.0633
-1.65044e-15
0
0
0
0
0
0
28.944
301.486
12.7192
56.3055
12.7192
0
0
0
0
0
0
0
29.618
300.791
13.3675
56.4627
13.3675
0
0
0
0
-1.68759e-14
0
0
30.2883
300.076
14.0081
56.6225
14.0081
0
0
0
-2.9818e-15
0
0
0
30.9548
299.341
14.641
56.7847
14.641
0
3.20138e-15
0
0
0
0
0
31.6173
298.586
15.2659
56.9492
15.2659
0
0
0
0
0
0
0
32.2756
297.811
15.8829
57.116
15.8829
0
0
0
0
0
0
0
32.9295
297.015
28.033
55.5034
28.033
60.9667
0
0
0
0
0
0
8.14018
29.501
