3.5
0.6233
0.273874
0.8817
0.4183
0
-1.3
-2.1817
2.6
-1.3
1.0451
-0.0491
-0.0805127
-0.842146
0.046422
-0.167217
0.743902
-0.185666
-0.582501
0.0242646
-0.743902
0.533972
-0.533972
-0.3304
2.0653
1.91081
-3
0.621883
0.278202
0.87475
0.413578
0.00932264
-1.29765
-2.17435
2.58591
-1.28631
1.01783
-0.0672011
-0.138686
-0.754536
0.041264
-0.148637
0.661247
-0.165037
-0.517779
0.0215685
-0.661247
0.474641
-0.474641
-0.293689
1.83582
1.6985
-2.66667
0.620467
0.282531
0.867801
0.408857
0.0186453
-1.2953
-2.16701
2.57182
-1.27261
0.990551
-0.0853023
-0.19686
-0.666925
0.036106
-0.130057
0.578591
-0.144407
-0.453056
0.0188724
-0.578591
0.415311
-0.415311
-0.256978
1.60634
1.48618
-2.33333
0.61905
0.286859
0.860851
0.404135
0.0279679
-1.29295
-2.15966
2.55773
-1.25892
0.963277
-0.103403
-0.255034
-0.579315
0.030948
-0.111478
0.495935
-0.123777
-0.388334
0.0161763
-0.495935
0.355981
-0.355981
-0.220267
1.37687
1.27387
-2
0.617634
0.291187
0.853902
0.399414
0.0372906
-1.29061
-2.15231
2.54364
-1.24523
0.936003
-0.121505
-0.313208
-0.491704
0.02579
-0.0928981
0.413279
-0.103148
-0.323611
0.0134802
-0.413279
0.296651
-0.296651
-0.183556
1.14739
1.06156
-1.66667
0.616217
0.295515
0.846952
0.394692
0.0466132
-1.28826
-2.14497
2.52955
-1.23154
0.908728
-0.139606
-0.371381
-0.404094
0.020632
-0.0743185
0.330623
-0.0825184
-0.258889
0.0107842
-0.330623
0.237321
-0.237321
-0.146845
0.917912
0.849248
-1.33333
0.614801
0.299843
0.840003
0.389971
0.0559358
-1.28591
-2.13762
2.51546
-1.21784
0.881454
-0.157707
-0.429555
-0.316484
0.015474
-0.0557389
0.247967
-0.0618888
-0.194167
0.00808806
-0.247967
0.177991
-0.177991
-0.110134
0.688434
0.636936
-1
0.613384
0.304171
0.833053
0.385249
0.0652585
-1.28356
-2.13027
2.50137
-1.20415
0.85418
-0.175808
-0.487729
-0.228873
0.010316
-0.0371593
0.165312
-0.0412593
-0.129444
0.00539196
-0.165312
0.11866
-0.11866
-0.0734228
0.458957
0.424624
-0.666666
0.611968
0.3085
0.826103
0.380527
0.0745811
-1.28121
-2.12293
2.48728
-1.19046
0.826905
-0.193909
-0.545903
-0.141263
0.00515799
-0.0185796
0.0826558
-0.0206297
-0.0647219
0.00269586
-0.0826558
0.0593302
-0.0593302
-0.0367117
0.229479
0.212312
-0.333333
0.610551
0.312828
0.819154
0.375806
0.0839038
-1.27886
-2.11558
2.47319
-1.17677
0.799631
-0.21201
-0.604076
-0.0536525
-1.32357e-09
-1.38328e-08
-5.7199e-08
-1.355e-07
4.2431e-07
-2.31612e-07
2.47654e-08
4.47165e-08
-1.22832e-08
-7.06727e-07
1.23609e-06
-3.43042e-07
5.68989e-07
5.24921
3.58053
9.51952
12.5874
-75.6093
17.0526
-22.5697
-26.6898
-23.6866
16.5851
5.41794
3.4617
9.43376
13.2753
-73.2479
16.754
-24.2518
-27.8315
-21.2999
14.4391
5.4815
3.27083
9.31166
13.8424
-70.7731
16.3955
-25.6765
-28.6833
-18.9946
12.2346
5.42597
3.00304
9.1561
14.2858
-68.18
15.9773
-26.8293
-29.2338
-16.781
9.98796
5.23515
2.65211
8.97022
14.6025
-65.4643
15.4998
-27.6953
-29.4719
-14.6662
7.71984
4.89049
2.2104
8.75743
14.7896
-62.6221
14.9631
-28.2592
-29.387
-12.6536
5.4551
4.37102
1.66878
8.52137
14.8442
-59.6504
14.3674
-28.5053
-28.969
-10.743
3.22295
3.65333
1.01661
8.26595
14.7634
-56.5468
13.7127
-28.4175
-28.2082
-8.93025
1.05707
2.71159
0.241647
7.99528
14.5441
-53.3101
12.9987
-27.9789
-27.0957
-7.20669
-1.00436
-0.170766
-1.69364
7.52413
13.5109
-47.5777
11.5733
-24.2695
-23.3514
-4.32809
-3.2955
13.8222
55.0635
13.8222
0
25.8627
202.103
25.8627
131.735
0
0
24.1948
252.83
14.1738
54.5387
14.1738
0.0604583
25.9162
197.997
25.9162
129.674
0
0
25.4251
247.451
14.4065
53.9772
14.4065
1.0408
25.7945
193.483
25.7945
127.362
0
0
26.1893
241.655
14.5394
53.39
14.5394
2.13119
25.5106
188.537
25.5106
124.79
0
0
26.5088
235.379
14.5928
52.791
14.5928
3.35817
25.0776
183.133
25.0776
121.951
0
0
26.4078
228.559
14.5883
52.1971
14.5883
4.75189
24.5089
177.249
24.5089
118.84
0
0
25.9138
221.128
14.5485
51.6283
14.5485
6.34614
23.8178
170.862
23.8178
115.455
0
0
25.0579
213.025
14.4973
51.1078
14.4973
8.17844
23.0176
163.948
23.0176
111.792
0
0
23.8756
204.188
14.4591
50.662
14.4591
10.2899
22.1213
156.486
22.1213
107.853
0
0
22.4072
194.558
14.6814
50.5567
14.6814
15.3843
20.3629
141.709
20.3629
100.202
0
0
19.4958
174.98
