0.25
0.616302
0.296746
0.926309
0.31302
0.0477329
-1.28706
-2.1033
2.57823
-1.26041
1.04477
-0.392506
-0.143507
-0.79841
0.0389983
-0.149619
0.737422
-0.214056
-0.575499
0.0250541
-0.726139
0.527139
-0.528738
-0.328027
1.98543
1.90323
-2.99864
0.617593
0.29294
0.947577
0.304787
0.0340327
-1.2864
-2.12116
2.5907
-1.27279
1.03553
-0.339669
-0.0927462
-0.879505
0.0464704
-0.130163
0.770036
-0.296387
-0.492536
-0.0112084
-0.642997
0.445012
-0.445695
-0.33263
1.90214
1.82166
-2.91717
0.6189
0.288867
0.970399
0.29424
0.0226414
-1.28728
-2.13671
2.60075
-1.28286
1.02515
-0.289146
-0.0421448
-0.959628
0.0467019
-0.147224
0.822596
-0.379678
-0.409571
-0.0883109
-0.559783
0.361815
-0.362441
-0.381048
1.81884
1.82211
-2.85206
0.620229
0.284524
0.994777
0.281382
0.0135764
-1.28974
-2.14996
2.6085
-1.29061
1.01448
-0.240933
0.00848743
-1.03886
0.0480376
-0.159379
0.879389
-0.46289
-0.326339
-0.171049
-0.476724
0.278957
-0.279202
-0.384978
1.73564
1.86568
-2.87114
0.62159
0.279789
1.02098
0.266227
0.00682251
-1.2945
-2.1609
2.61393
-1.29605
1.00322
-0.195033
0.0605478
-1.11891
0.0497789
-0.177738
0.947853
-0.545661
-0.24314
-0.17127
-0.393963
0.195736
-0.195901
-0.406459
1.65243
1.87708
-2.88279
0.623049
0.274854
1.04837
0.24886
0.00232539
-1.29925
-2.16953
2.61706
-1.29918
0.9919
-0.15144
0.112695
-1.19731
0.0581003
-0.204009
0.988846
-0.625091
-0.160024
-0.0899007
-0.310774
0.112693
-0.112701
-0.408469
1.56934
1.90992
-2.80266
0.625084
0.269101
1.07506
0.231496
1.89093e-05
-1.3
-2.17586
2.61792
-1.3
0.982225
-0.110155
0.165982
-1.27291
0.0823614
-0.238163
0.956192
-0.621792
-0.0779692
-0.00807082
-0.227619
0.0309323
-0.029584
-0.33104
1.48624
1.98276
-2.72011
0.62749
0.262497
1.10137
0.214249
0
-1.3
-2.1799
2.61665
-1.29995
0.975004
-0.0710991
0.221132
-1.347
0.104085
-0.275976
0.946857
-0.560762
-0.00067524
0.000437687
-0.145484
-0.0472573
0.00185767
-0.250128
1.40306
2.06132
-2.65537
0.630252
0.254975
1.12742
0.198756
-1.32214e-16
-1.3
-2.18166
2.61518
-1.29971
0.969518
-0.034421
0.278787
-1.42006
0.11835
-0.355724
0.936883
-0.500013
0.00139123
-0.0280247
-0.0633919
-0.126387
0.00864442
-0.196152
1.32041
2.14019
-2.59634
0.63348
0.245724
1.15136
0.187153
4.26763e-05
-1.3
-2.18148
2.61141
-1.29788
0.96407
0
0.340513
-1.49209
0.139056
-0.540389
0.86181
-0.417214
0.0062488
0.00277391
0.00983864
-0.200674
0.0663388
-0.201331
1.23916
2.22213
-2.57714
3.43761
1.44426
9.90145
2.75839
-51.5205
15.5552
20.8502
6.85638
-47.043
5.68225
-23.5488
-9.38409
13.2174
-3.95241
8.37714
0.549335
11.8761
3.15635
-56.4116
6.72055
-24.6592
-10.3154
12.4524
-4.41997
8.56561
0.524878
12.5521
3.49215
-58.4394
10.4092
-27.2635
-11.2875
13.4297
-3.88293
8.85746
0.598711
16.6091
5.83875
-58.9783
12.5261
-21.7185
-8.59425
12.8194
-3.02509
8.5042
0.646503
10.2363
2.5417
-58.8771
11.2296
-24.189
-9.68895
12.0516
-5.40075
7.77888
0.357005
15.8205
5.41952
-58.6967
18.711
-18.4806
-7.30487
11.5717
-8.4034
6.30447
-0.0586478
13.4198
3.77741
-58.9085
24.554
-23.8811
-9.5422
14.4598
-3.37408
8.00248
0.341973
16.6141
6.16802
-58.9313
16.1106
-2.01998
-1.42504
4.79987
-5.28467
3.54444
-0.123241
5.08923
0.258934
-58.5045
4.61396
1.29189
0.965763
1.22372
-2.38483
-0.135412
-0.100491
-4.33904
-3.67969
-6.06499
9.7231
10.2363
64.3327
12.1279
0.3834
17.8217
186.067
-10.7399
55.6034
0
0
10.3319
355.992
5.52043
101.267
3.57
1.2057
0
5.97646e-14
0
0
0
0
5.22462
375.311
2.26793
100.292
0.859209
0.928187
0
-2.53096e-13
0
0
0
0
3.97874
398.423
3.54011
108.072
-1.00298
0.863271
0
0
0
0
0
0
17.0873
392.732
2.78565
97.377
1.33412
0.583069
-2.12009e-17
-9.47884e-14
0
0
0
0
7.10424
362.777
1.45359
93.3343
2.62048
0.286377
1.88255e-14
-2.24465e-13
0
0
0
0
22.4486
393.803
9.40982
88.3083
-5.15102
0.290669
0
-1.35149e-13
0
0
0
0
40.5569
412.189
1.33699
112.841
2.45483
0.259349
0
-3.91677e-14
0
0
0
0
21.6779
358.247
29.134
32.9665
-17.3152
0.946523
-2.66625e-16
-1.88588e-13
0
0
0
0
5.60469
288.53
-2.12113
6.64284
5.23269
2.24738
-3.47315e-15
-2.42704e-13
0
0
0
0
26.4574
76.3144
