0.830213
-3.94988e-05
0.699017
0.237817
0.0136781
0.254715
-0.50621
-0.766254
0.325774
0.202663
-0.659913
-0.625047
0.689691
-0.295193
0.0944958
-0.0931771
-0.0276804
-0.407949
1.25051
-0.814877
-1.03266
2.29201
-1.23167
0.999957
-2.00008
-1.57043
-1.49994
-0.00241886
0.694357
0.129583
0.0687448
0.359527
-0.557854
-0.694433
0.38641
0.17844
-0.50793
-0.391961
0.568483
-1.25103
0.0869573
-0.105522
0.044783
-0.425139
1.13527
-0.754911
-1.01865
2.08162
-1.10775
0.851961
-1.79336
-1.43335
-1.23971
-0.00349238
0.698792
-0.105582
0.335405
0.288345
-0.518167
-0.417895
0.305564
0.217913
-1.23312
-0.452342
0.173441
-0.213091
0.0550841
-0.0745687
0.178881
-0.584649
1.05567
-0.649899
-1.04535
1.80867
-0.942204
0.72117
-1.59589
-1.15698
-0.970035
-0.0123274
0.693196
-0.112367
0.260297
0.432662
-0.580592
-0.445574
0.342446
0.215495
-0.910007
-1.29797
-0.54724
-0.183319
0.0473201
-0.080542
0.189664
-0.493399
0.837161
-0.533425
-1.00334
1.66934
-0.855667
0.526064
-1.35944
-0.911616
-0.762984
-0.0145757
0.696433
0.0300469
0.129404
0.399404
-0.558854
-0.550142
0.264081
0.256015
0.0454754
-1.25326
0.282955
-1.99251
0.0288685
-0.0565844
0.263768
-0.522266
0.664278
-0.40578
-0.995223
1.4794
-0.74794
0.474895
-1.19024
-0.717523
-0.631524
-0.00968124
0.701437
0.0840926
0.137822
0.283252
-0.505167
-0.555847
0.187252
0.284503
0.666067
-1.37655
0.247189
-1.14478
0.0239761
-0.0334532
0.301351
-0.495871
0.495659
-0.301139
-0.94329
1.31457
-0.672632
0.398614
-1.04009
-0.501527
-0.547628
-0.00426481
0.706254
-0.107578
0.461535
0.0294727
-0.38343
-0.292115
0.064101
0.335592
0.547901
-0.39589
-0.0587555
-1.10691
0.0143925
-0.00756132
0.276255
-0.446636
0.390462
-0.22008
-0.846896
1.17426
-0.603621
0.311519
-0.84087
-0.293954
-0.385152
-0.00857704
0.704921
-0.0629393
0.332344
0.187631
-0.457036
-0.317749
0.012234
0.368454
0.707255
-0.65239
0.10795
-0.93517
-0.00845111
-0.00540322
0.249093
-0.390585
0.264502
-0.12301
-0.751293
0.974117
-0.471916
0.123327
-0.637627
-0.105142
-0.202769
-0.00908724
0.704733
-0.0198084
0.282896
0.198998
-0.462086
-0.356172
0.00114628
0.374834
0.577804
-0.0541879
0.118965
-0.876585
-0.00796099
-0.00330641
0.173609
-0.274918
0.183228
-0.0819191
-0.609165
0.844594
-0.409037
0.0261157
-0.404395
-0.0308673
-0.219956
-0.0595704
0.682263
-0.500305
0.441956
0.712975
-0.654626
0.0277992
0.0241148
0.448391
-0.262033
-0.0538697
-0.390908
-0.743727
-0.0248722
-0.0148243
0.0746601
-0.201216
0.189348
-0.0627917
-0.403415
0.568676
-0.239921
0.0429179
-0.178162
-0.0105206
-0.0823495
-12.9687
-14.3632
0.74219
36.7099
7.77727
1.39663
-9.60906
-5.83642
14.3798
4.87803
-16.8581
-17.6432
9.76035
39.169
4.26073
1.30295
-11.56
-6.29371
7.1582
-3.28463
-19.2344
-16.5357
7.94166
25.8434
1.94398
-0.88734
-19.0541
-7.84658
3.9106
0.801914
-16.113
-19.7815
8.74154
31.5471
3.4716
-0.657776
-16.0492
-6.03132
-10.7712
-5.02238
-16.4599
-19.6265
8.77816
30.1565
6.03531
-0.84588
-8.08488
-8.10712
-3.49718
-7.74586
-18.5562
-16.9113
8.4459
29.8223
9.00588
-1.22341
4.51952
-3.99535
-1.02584
-5.44231
-27.2975
-13.1615
7.04316
21.227
8.39745
-2.56606
3.9326
-0.256438
-6.28782
-6.17667
-25.4727
-17.968
6.88376
19.5503
9.78711
-2.67961
6.9802
0.288262
-3.87755
-5.27147
-26.0063
-18.7621
7.395
21.2629
10.8133
-3.04138
9.62551
3.7143
-4.59151
-5.75537
-29.5966
-41.6353
4.49507
6.41348
0.663635
-7.19976
-10.3881
-4.37972
-15.239
-7.42355
15.4222
72.7651
24.0793
121.62
-16.7744
150.694
-16.6823
138.761
0
1.06199e-14
1.16518e-13
0
20.2488
139.449
21.1816
115.538
-22.6567
175.759
-24.3368
158.28
-1.45098e-14
4.67338e-14
0
0
15.6052
126.047
15.8575
107.637
-24.3576
146.014
-24.3628
140.792
-2.16767e-14
-1.11315e-15
-7.57047e-14
0
19.0868
132.385
19.0285
114.322
-23.2068
149.883
-22.5369
146.386
1.56426e-13
1.95911e-13
0
2.1618e-15
20.2929
135.764
20.2946
120.183
-23.0783
144.175
-23.0783
140.898
0
0
2.37476e-13
0
19.7708
137.007
19.7777
124.481
-20.8387
139.759
-20.8288
143.393
0
0
0
1.83072e-14
14.2783
136.464
14.2823
126.302
-26.3378
137.114
-26.3848
142.695
-2.95949e-14
0
4.18716e-14
0
15.7945
135.526
15.8047
130.765
-21.8929
118.638
-21.9441
129.189
5.06104e-15
0
-2.48246e-13
0
19.1952
143.049
19.1659
140.698
-23.85
126.114
-23.7598
138.711
-2.7484e-14
0
0
0
11.012
138.681
11.0233
149.218
-29.8827
86.3747
-29.7615
118.162
-1.30538e-22
-1.29798e-20
0
6.59569e-15
