0.433444
0.394231
0.573929
0.427636
0.572485
0.610973
0.600579
0.412971
0.596071
106.1
-94.5076
-127.242
96.7832
-109.182
-160.026
101.167
121.677
123.957
115.589
146.218
-144.241
101.532
-95.0055
102.286
-97.8956
-142.593
-126.008
90.1844
101.842
-103.198
127.377
142.262
-150.013
-133.641
-141.357
98.437
-154.43
114.629
91.0638
-91.7904
84.8075
88.8861
-104.964
115.658
-125.472
-85.1215
141.777
105.145
91.622
-153.515
-129.831
145.179
-104.905
-155.247
118.382
160.971
106.801
-89.3533
-125.302
-165.037
-134.078
105.334
-136.738
-135.279
157.998
105.575
-148.703
-120.665
152.509
162.695
112.159
148.22
-160.629
-108.948
-129.762
152.746
158.732
122.383
145.201
158.162
-158.969
-118.992
-87.2445
104.027
-99.4913
144.48
108.91
-118.979
-105.051
-117.754
-152.472
-122.715
106.738
139.123
119.061
-71.3199
146.595
92.1463
124.627
-109.598
86.5594
110.919
-96.8479
-92.5916
-149.912
94.3641
-87.9888
-88.4193
141.679
136.145
108.84
153.121
-150.098
106.172
101.467
153.302
-148.245
-123.165
-141.049
-126.123
100.615
155.293
-103.807
146.793
-145.099
-138.062
-113.462
114.967
-102.579
-99.9832
83.5639
124.164
154.135
-109.739
81.5403
147.079
-153.795
-161.316
149.807
-155.656
-147.752
156.25
153.447
85.1295
-140.142
-133.031
-134.319
-107.61
-97.7587
150.084
-117.266
-121.694
102.452
154.485
-99.2232
-85.2577
98.4022
-148.804
